0
0.320493503382276
0.43979555966332123
0.5282835055174228
0.4146409109195753
0.6674761700175493
0.6243240005726457
0.7050712601978477
0.7034935563294368
0.6432466849935317
0.8100615211331865
0.7628857702559492
0.6281984262367248
0.7244288158859701
0.7410908015907988
0.7834592918041903
0.8052395821716665
0.7698542648423148
0.8217054892950222
0.8042139007112821
0.5880767465771328
0.8224103432353393
0.802823902841689
0.7145081895063274
0.7997117430617886
0.7658082762727002
0.8843042023101113
0.8918119720461691
0.7020038666287944
0.6107131005134011
0.796232090158003
0.6743418576053404
0.8103772084921822
0.7690183826200683
0.8916412359336258
0.7488336731520199
0.879784733337113
0.8740807051370335
0.7109019455630489
0.8454197234305005
0.8121203765604393
0.8298565526083539
0.8949110586151363
0.8493362041955392
0.8966431095406361
0.866629720150072
0.8695738556517189
0.7275752240625837
0.8660174289413174
0.8751506635441062
0.8804512152575881
0.6429133858267716
0.8857894770874151
0.9025976248331565
0.8759409625306606
0.8598139943979906
0.8677843048092777
0.9032359740776374
0.88211978511694
0.9007642671858839
0.8812037289076586
0.915762225103293
0.8984443553903448
0.8782494712409453
0.8869830077042998
0.8059578357666576
0.9065346184454859
0.9261581330546848
0.8949515081068604
0.761438593758425
0.8834574687762572
0.9121915610038407
0.9229156025303524
0.86872
0.9074211407204891
0.8925645425574464
0.9079568475026413
0.9325571891353103
0.9268034371527709
0.9243891933044166
0.9365827293263301
0.9015374308780615
0.879924047805205
0.8791153268953736
0.8574939598433725
0.9237868539253724
0.9236738329815687
0.9013024566761566
0.9015545972421871
0.9313009473102362
0.7954524873516152
0.9382461370009013
0.9024799199502394
0.9150991486975583
0.9169903618201776
0.9020081261457151
0.9252286243757927
0.9120849576555988
0.9343004013801844
0.9161504316862592
0.933552771289021
0.9402098276415801
0.9496663220227465
0.939513448676671
0.9358482874322852
0.8210705186472097
0.9596528171485651
0.9424716548847593
0.7749971122531838
0.9339460182648537
0.9374333569170318
0.9377536858663611
0.9250019858525825
0.8821793961456531
0.9163668179273442
0.90975373595735
0.9150885145289325
0.9192282671325812
0.9048311062276255
0.9267406273909717
0.9297517405918012
0.9181859617137648
0.9379947973055145
0.9404640735288521
0.8969139430533296
0.9239670356104728
0.9451654193472012
0.9250545784580666
0.9302310383656398
0.9048071504737796
0.9170068490043997
0.92892751539426
0.8971120271998073
0.9375388281424617
0.9548883356248374
0.9018061733387249
0.9349823938538544
0.9438595575959933
0.9358314278751678
0.92396508089713
0.9554089590134204
0.9416138576696328
0.9125643242793886
0.9531864650827934
0.9522638217544261
0.9569546454802663
0.9253483505063143
0.9598069360028602
0.9353866884835651
0.932425670478054
0.9512864855483447
0.9536235339841553
0.9058455059174753
0.8120930689663645
0.8076590994322393
0.9604538703274645
0.9465289009144355
0.9249802099825014
0.9594590966885413
0.9731628100844775
0.9483755753481977
0.9423152281919583
0.9317871454476259
0.9538740432388881
0.9251763046544429
0.9387103440848321
0.9494509919313624
0.9474761371696162
0.954328516748164
0.9352460839449687
0.7986147646070314
0.9476010770944978
0.9435550060656718
0.9579421980536906
0.952257520161686
0.9649801164118723
0.9341780997784407
0.9616005659691402
0.9408314522865826
0.8245524061252802
0.940513529907828
0.8599910028267238
0.9369034335051457
0.9419780696189147
0.9526735161430316
0.9376463509232342
0.9671977800887337
0.959827058187714
0.9005696799349531
0.9485471587080928
0.8873725746897159
0.9568146607673734
0.8571404090026277
0.9504466273486716
0.9487020925591794
0.9136068892343714
0.9225926970326257
0.9746033441438642
0.8808361727599227
0.9509159305919735
0.9558549519850938
0.968651834741354
0.9414202252186539
0.9256004799969032
0.9661414212807533
0.9685829802553239
0.9180056970180213
0.9622411219370646
0.9586742383464313
0.9314559894342327
0.8975342267206967
0.9446506988080668
0.828020839168674
0.9714118024668714
0.8617025045166319
0.9702875293650531
0.9582257637684143
0.9500190423178895
0.8087872909348294
0.9674894100058141
0.9565290749570026
0.9498869013145673
0.9291782524176284
0.9450041105006981
0.9304243220268765
0.9050969547999453
0.9462320401355362
0.940238208282238
0.9642449443120183
0.9700113672546158
0.8924615966665285
0.9410808430892198
0.9533021949626047
0.9502940609447555
0.9402937149896228
0.9631234880774104
0.9286298888615577
0.9348079000581702
0.9082190302523845
0.8538936423697606
0.9818587715115523
0.968168954458214
0.9282392087373162
0.9751574331737801
0.9511444836481158
0.9828307844516612
0.9673957557081764
0.9569000064637063
0.9399157183520074
0.9169050106469826
0.946515459454259
0.9626576627185695
0.8722120190213608
0.9451777806816474
0.9624517851736822
0.9574862918805003
0.962641543414151
0.9700092769757059
0.9534370874660489
0.9677951278978348
0.8732874514139001
0.950440748717721
0.969790603113189
0.9395792563600783
0.9599927629644707
0.8617160500599497
0.9504363158209312
0.9763739192435223
0.8770957117558464
0.9628424532532407
0.9758015246898823
0.9345346025989725
0.9159609445053303
0.9584341001180486
0.9640412846156855
0.9728606745365912
0.9626564110232995
0.9511304467473405
0.9680263054881391
0.9265675738021021
0.9544393575810189
0.9491434400408029
0.9672777268560954
0.9328465737482335
0.9449292442973327
0.8921615304709142
0.9551633940500602
0.9262475626489493
0.9686042472743862
0.9714160106384431
0.968261745331809
0.9559513596522026
0.9643298834862982
0.9631297088703962
0.9568597394065477
0.8617059762995121
0.9490185236383744
0.9714347617852989
0.9433334187284244
0.963053068070039
0.8501689108816672
0.9640654087272207
0.5629754915302565
0.9032631778347175
0.9572667880475527
0.9782285627187403
0.9425555256482411
0.9648250535457958
0.9269149882143715
0.9767458948936003
0.9426320761674645
0.9553421997864285
0.9560382200698865
0.9403007308501453
0.9390169860073705
0.9608455922178651
0.9521691510391622
0.9471890860367859
0.9189202406905463
0.9338752357421675
0.9421279868872274
0.9282972506594717
0.9019721091624822
0.9735643187506487
0.9450306145787637
0.9220414261322059
0.978644036922492
0.9543366795893541
0.9721787501743187
0.9635583219264082
0.9237865373653412
0.9455157968298097
0.9105816038944402
0.955038712430653
0.966971795535963
0.9808156819026385
0.9370992884750345
0.9525105415831813
0.9547109871377654
0.9678956786733048
0.9569199974425936
0.9357849019943997
0.9750098970704671
0.9897975512058144
0.8879848391712556
0.9571718224204846
0.9466096739722161
0.9485698551461359
0.8374861158701067
0.9403076844694145
0.9442342956201089
0.990452770647059
0.9260097102619304
0.9735167032510558
0.9427102397997837
0.9602551375097043
0.8957287384195669
0.9654159897730336
0.9308068349052563
0.9301569820073505
0.9604032459784066
0.9780009166284738
0.9677770735574305
0.9084629130771077
0.9788467671416079
0.9342279342279343
0.9588815423812467
0.9118211821182118
0.9589889188686863
0.9533694775660333
0.9472837946479844
0.9614454223457466
0.9109516543637538
0.8593040443753619
0.9556129782457727
0.8097270818754374
0.9545099285350898
0.9408742199576344
0.935919007647591
0.9710717480280812
0.9548913715029184
0.9668009499177955
0.9768025890612659
0.9560063038226281
0.9501605590099462
0.9664621230480638
0.9366087879677704
0.9538903749490844
0.9107579738183241
0.9493310145410906
0.9540010901445739
0.9687015942616114
0.9624013446360713
0.9108716549818563
0.9790387465593903
0.9800829031355696
0.9750775670564908
0.9660687095117534
0.9514871794871795
0.9022448017712889
0.8823220359845926
0.9089876339911515
0.9589940366676928
0.9770524060595931
0.9613550001094036
0.9715954629322011
0.9658753813247308
0.9513880397894777
0.9732354850623863
0.9635270152294112
0.9044559699541884
0.9685916872109241
0.9236311239193083
0.9621932614049045
0.9467654320987654
0.9423248635248115
0.9519977754218878
0.9644382666883982
0.9832562328570844
0.9606804078776826
0.9748813120414329
0.9734077789344184
0.963421888942812
0.9095270919875923
0.9705139251117735
0.9594079198733694
0.9603796374538701
0.9669161531761138
0.9638159841138727
0.9653239426497539
0.9499110870278645
0.9604319722000302
0.9653018570273149
0.9624769957551104
0.9694123473445801
0.9702157859228202
0.9780168400764419
0.9507691187344551
0.9525893869228271
0.8872366402654729
0.9755002271098978
0.958059139543111
0.9755547765584994
0.7248243000649326
0.9606642463858275
0.9519223970927191
0.9474772093114491
0.9675659925442608
0.9756703921212327
0.8992192909085831
0.9390555502980978
0.9553163675511259
0.9433974354866616
0.9691282440728873
0.9793489013731701
0.9621983852186586
0.9698916900643629
0.9628566511987067
0.9290668725062785
0.9792896428067772
0.9643425221753281
0.9747901289444646
0.9670241606066712
0.9423172911017994
0.9247897355177962
0.8824861518409906
0.9556340265389409
0.9763446641088928
0.9623149177501732
0.9348219743188827
0.9865905659012246
0.9678662528758366
0.9806112579955203
0.8756137479541735
0.9740404069187587
0.9581468748238742
0.9409428727905506
0.9625774133402427
0.9220498602987496
0.9545969826329734
0.9545510301433342
0.9542012908632024
0.8920227350622644
0.9805274868156318
0.9653633947697313
0.9814720229555237
0.9670109050405121
0.9690241019475347
0.9601870718285228
0.9641292094264424
0.8737541686517389
0.964044295350431
0.9712746910015017
0.9341772151898734
0.9704418557395147
0.9370353995264438
0.9226648031679479
0.9395423788372473
0.9745292303880408
0.9637425131586908
0.9561531388072757
0.9497237971882211
0.9168214175177963
0.9723331367355033
0.8757735724229184
0.9812991840171909
0.9715693382289888
0.9786702058325137
0.9487310973607989
0.9819569281078773
0.9517300566330384
0.972287731188094
0.9680705815492733
0.9445332812041833
0.9637340610673583
0.9773976263668767
0.9790296326616089
0.9722362852606796
0.9593549334730109
0.9522689075630252
0.9622677886905437
0.8728545385397634
0.9440381708238851
0.9414889231747677
0.9522281067779382
0.9454372824137567
0.9458656599201974
0.9581477502760711
0.9595053346265762
0.9352950238792174
0.9661976442022412
0.9830698806235103
0.966226457024003
0.9580397181294042
0.9720965213472877
0.9673575505382263
0.9820777220480208
0.9698000989584249
0.9804464888871642
0.9766779299022967
0.9820440189858579
0.9728670320255839
0.9825683740500623
0.9688592936139003
0.9702728422714032
0.9828269029088701
0.9635359960269707
0.9406095153140315
0.9467596234832428
0.9515827395300787
0.9205496224746615
0.9601918085085304
0.9424482888921747
0.9709692276219534
0.9577883891607075
0.9493591965535714
0.9815735674343095
0.9765459605198138
0.9547793196816545
0.9403727374596813
0.9701857368918907
0.9737366757401589
0.8836846281219816
0.9211054366329819
0.9552868533263107
0.9660016478207685
0.9424899495793548
0.9546544638135617
0.9640932772215762
0.9712290393025358
0.9603640839855087
0.8949495591277153
0.9510123921221509
0.9738647895284461
0.9590088943758689
0.9503820229478511
0.9682708545822395
0.9766518424396442
0.9640613436617131
0.960646129654778
0.9525751706647675
0.9803947087578283
0.9650471007761773
0.9279980540014595
0.978977611676792
0.9059812635118905
0.9658060247508566
0.9782110496068822
0.9624570002967392
0.9416789735762873
0.9691716329163818
0.9748136762020265
0.9723516284964976
0.9670761534185659
0.9292469008770641
0.9594062043175607
0.7938113907508115
0.9550711597335761
0.965913985807885
0.9742444014105596
0.9460857052925041
0.9726166589022454
0.9388300410344499
0.9370745510803163
0.9574294920197589
0.9775194201692329
0.8920276627795964
0.8973799746418636
0.9424948992267905
0.9521754747807145
0.9736830796469305
0.9420959856869819
0.9612627393846971
0.9641640590003964
0.9024566424163017
0.8997332556120865
0.9707132654680662
0.9622340955099061
0.9400402160738183
0.9882598985218354
0.9547275311585947
0.9705284337355075
0.9675994620727479
0.9307875894988067
0.9812492942408136
0.9629579535430756
0.9788799606803219
0.983634095047462
0.936959152358418
0.9764601810578558
0.9737941069479811
0.9843043196324914
0.9728617564329618
0.9730850205296244
0.9783107133611922
0.851994851994852
0.9705233551538877
0.9518214537001904
0.9847685262746412
0.9696747510720487
0.9721688317426652
0.9430712251838094
0.9506218500383654
0.9744030851356235
0.9557698746521021
0.9832388833918023
0.9662944854900927
0.9553504529664192
0.9495354839710662
0.9700552880328162
0.9783711974772398
0.951798834557892
0.9480244331939247
0.9827566586438614
0.9776082047314861
0.9534905861858678
0.95936291519983
0.9510187203969627
0.9761348410283381
0.9731397270705515
0.9724686406218719
0.9497203793115426
0.9826219404201055
0.9412783442140026
0.9761598983399123
0.9805405608565536
0.9595599393019727
0.9791986591401034
0.9525686001249459
0.9790833413754526
0.977623156858172
0.9873327412476899
0.9169176648820758
0.9677830951451598
0.9830757139114488
0.9878693812650177
0.9867841555240577
0.9042107883390033
0.9655730762033271
0.9747911490227535
0.9556683938721002
0.9697335392932999
0.9659055799967798
0.9914961142531635
0.9837179752371383
0.9665089818745887
0.9510488718825354
0.9695609830618519
0.9096210062847686
0.8914575098336732
0.964104783086549
0.7733992271455333
0.9608269669178428
0.9869169832216445
0.9387822151967393
0.9570452028243113
0.9321626493957401
0.9735424801400296
0.9752250034464423
0.9587147961260394
0.9752911979421408
0.9664787693432515
0.9466934608107654
0.9557978315783499
0.9530265307354445
0.9777129126043984
0.9787824732425506
0.9573586946651981
0.9725550224943531
0.9841501941819206
0.9344780763653234
0.9653662962705922
0.9745278214980094
0.941841713264571
0.9654539794080367
0.907253789482598
0.9851666653845266
0.9783849764668179
0.9665876533031021
0.9810069955264659
0.9647780108395101
0.9824853656158734
0.9563316321509413
0.9877285290885477
0.9854440574144456
0.9771010895187
0.9504132231404959
0.9769340633557411
0.9621230239679615
0.9404576406883549
0.9082723270518689
0.9560729745992073
0.9689476478851466
0.9542108267843465
0.9792180064581917
0.9804081075823529
0.9416118172580438
0.9377548215411838
0.9691083580205392
0.9737134737752517
0.9705528352983013
0.9813150370300928
0.9783802495554891
0.8708065767458382
0.9611004622843613
0.9733400269506169
0.934723148765844
0.9809888852611045
0.9712723787951387
0.9685904944972902
0.9792658387419201
0.9784639184768339
0.956810368225821
0.9389560659332667
0.9578979293611625
0.9605246407487702
0.9175119918219706
0.9671509567682495
0.963511604580052
0.974587440897432
0.9643329799772185
0.9775674304358491
0.9301225848352005
0.9723160191037931
0.9657221142689388
0.9663495640546145
0.9713291922551279
0.9291766586730615
0.9826463030653976
0.875471847426107
0.945516224508939
0.9630173065881689
0.9736341890073966
0.9739297184239889
0.9708601500551151
0.9657755553418598
0.9775006956133657
0.7441560081189484
0.9082102761976177
0.9793217582706396
0.9728104318012561
0.9710636379702031
0.9782242029681216
0.9541634913896717
0.9901824664601835
0.9788908733542151
0.9705520039079922
0.9504287709336011
0.8576724767769544
0.9839467343522963
0.9543955388955853
0.9547795416574347
0.9336198662846227
0.9737633294392233
0.9852013886684424
0.966579626299742
0.9476061188700374
0.939806663410312
0.9816807971812376
0.988209887351894
0.9652526413710172
0.9873613603484668
0.9734940469173642
0.9411171645062308
0.9842368636107957
0.9568722058723181
0.9730823090088688
0.9305399589491405
0.9715213154307192
0.9660962701694378
0.9203433519357341
0.9844624291173723
0.9750744047619048
0.985889349122596
0.9707626259614811
0.9825406025053155
0.8892516813656771
0.9844440074049688
0.9662489557226399
0.942099458926382
0.9538408516504557
0.9726809442253403
0.9635678578315755
0.9889144922308644
0.9369701415141884
0.9547401474790954
0.9768217235389132
0.9820167925209522
0.9185458335764997
0.9809493178849501
0.9619043405159063
0.9813391877058177
0.9482305479937948
0.9833440146020114
0.8829533885175512
0.9709426475578876
0.9757496200082907
0.9012009500271466
0.9774140393276942
0.9507016707994499
0.9015416435668898
0.9644690187175403
0.9815171484358419
0.9523531499353184
0.9574451318018834
0.9778186447870986
0.9724105708800732
0.9841761309561576
0.9860272539669688
0.9440186912290561
0.9718966435801811
0.9521272953169176
0.9808871865361024
0.9841494826362489
0.9797621431909435
0.980008398794526
0.9766226475620188
0.9755702722590139
0.9631398870261473
0.9696001488972299
0.9569156804733728
0.9682617408692914
0.9410373023540778
0.9667465600797297
0.9553676609927111
0.9401352394704298
0.9916755326796446
0.968563712327773
0.9067646131592612
0.9722674656781933
0.8788900021252695
0.9755957066876596
0.9710641454931155
0.9609481134277172
0.9298385149431999
0.977579245938942
0.9490583574484355
0.9610334914918938
0.978063728543312
0.9525814849424561
0.9076888353897081
0.9764423072914366
0.9702686987391358
0.9759466828233868
0.9812257928886767
0.9703586135895677
0.9789533850920997
0.9732984293193717
0.9898860325969006
0.9049069113055545
0.9660618996798293
0.9809063312667478
0.9742042731292402
0.9801224855008037
0.96589074893931
0.9497409487708036
0.9478668867842558
0.9415173773868304
0.9325849856100592
0.9660605063785607
0.9854557674005313
0.985365831238251
0.9571653776750259
0.9811182122628498
0.9807537527861645
0.901624363795462
0.9692428844639442
0.9732236333014702
0.966166153039145
0.9847861278420278
0.9301003457371144
0.9913974489820597
0.9424411361829979
0.9780399390049034
0.9537236318783668
0.9744430629231663
0.9513393834224432
0.9517630484924657
0.9736476158734901
0.971993631159288
0.9724104372096439
0.9762814381520531
0.9181735875900313
0.965749539072472
0.9680081345221389
0.9644623698069811
0.978001121087258
0.9421454083968966
0.9752600648473385
0.9616294453472153
0.8758519262500897
0.9771478035057347
0.9818550863830785
0.9271824950879813
0.9597885184296794
0.9508099094807051
0.8965447360421522
0.9020005114385192
0.9715325504019714
0.9636618409969377
0.9782505417086708
0.9779987674580255
0.9660142162159697
0.91823033921028
0.9652970632429096
0.9701119263466873
0.9812012838147639
0.9817916408597122
0.9587688955988304
0.9815366513118365
0.9719362029183216
0.9728116568500454
0.9854052770538051
0.9790799591152323
0.941750594093018
0.9836233482234641
0.969907643051472
0.9482069925048248
0.9723570529240655
0.9884368796915285
0.9798283332751682
0.9867650540963899
0.9793881761909033
0.9833031613279672
0.9618640825790312
0.9707208038855123
0.980077233631736
0.9721544544460334
0.934471081157981
0.8877836137661466
0.9525604775369149
0.9837356437125272
0.9499965130064858
0.9848874422166908
0.9596242131519133
0.9221389425924127
0.9716263973559061
0.9809243922737614
0.9803212801433442
0.9669942320017091
0.8958129345968103
0.9287712994719364
0.9593111285341087
0.9164008641585517
0.9803953082032719
0.9886737769533968
0.9539054779587803
0.9810237710152366
0.9868736223615878
0.9788176247860747
0.9805307551448333
0.9650098951055583
0.9626498324052732
0.9560122735762355
0.9852695340924735
0.9905586628724692
0.9779203634547228
0.9733800424077761
0.9805156924512892
0.9783774850853564
0.9884879976580796
0.9898200837924571
0.9833463516465286
0.977461607513441
0.9728936633350781
0.9831593946261845
0.9794604984093319
0.9776129164510996
0.9705513112660439
0.9755933447516516
0.9540482671434917
0.9733969533895128
0.9867383287891608
0.9850597681938742
0.9718749916548945
0.9879341184918289
0.9135686594572536
0.89491046024824
0.9854867433383819
0.9619558649360694
0.9594201247317778
0.8949444590221289
0.9117082618072978
0.98165030776909
0.9015572858731924
0.988373538268939
0.9335769386926512
0.9645282324694807
0.9757910550118787
0.9585483388207123
0.8738673906128452
0.9740935751756712
0.9635093702308474
0.9847627428692488
0.9602657861386599
0.9752136752136752
0.9611659081652529
0.9795418468008488
0.8385299345755202
0.9754191639481071
0.9693779141593273
0.9849268340657691
0.9679323910521869
0.9743777908742661
0.9682914532862791
0.9403587052151845
0.9483335553692196
0.9801539800655891
0.8319638419265638
0.9864215626399576
0.9701718393062406
0.9650765028092226
0.9341533588107935
0.9878570764988319
0.9722854744864172
0.9424268686226434
0.9090100425135117
0.9656935789447558
0.978580154494769
0.9804956358401979
0.9764913326956614
0.9742183821048156
0.9887685818892534
0.9785148234037938
0.8522798988827033
0.9822064881319811
0.9513823039319481
0.9700017502892246
0.9211757121891673
0.9803254653002229
0.9591276032833593
0.9677949369360662
0.9796867207114297
0.9613920126202199
0.9789328263202077
0.9418295762550596
0.923441743392727
0.9701566139396134
0.9699912589859802
0.9642872811828193
0.9735800360328909
0.972860304125175
0.9209356370617359
0.9640926425591901
0.96664622470307
0.9876162171518766
0.9874845793684575
0.9844316485391341
0.9686263458851433
0.9695245552483641
0.9833583298895353
0.9760616768890688
0.8603402593780505
0.9736182140397751
0.9679529226559718
0.992643470622682
0.9929544963777474
0.9809184482738125
0.9837487621061819
0.9715387154829984
0.9797428030829423
0.9500923096767953
0.8179353493222107
0.9401527716717957
0.8876385298541113
0.9699425025366528
0.9312124748064071
0.7977357320099255
0.9546792906551975
0.9745414635100833
0.9674136118665844
0.8862121675328646
0.9688159446375373
0.9850989892239579
0.9886511872743274
0.987187129363904
0.9869074440589877
0.9882014805511611
0.9314581293572246
0.9817200693795102
0.9148661722025153
0.9764025454687422
0.9780914289061661
0.9722524822382875
0.97793046866988
0.9774220281769854
0.9801861907316105
0.982318808078826
0.953181264147658
0.9856529317833678
0.9792352518257842
0.9125457335064322
0.9765565676059103
0.9872449195507368
0.9623999361483251
0.969559504180651
0.9931344581155821
0.9465775655569456
0.978543206006883
0.9542077724967049
0.9954379562043796
0.9756757991910975
0.9041563275434243
0.977260351903775
0.9771429103019703
0.9474966424087203
0.9804113707586338
0.9754254670799557
0.964613684619417
0.9653535163595337
0.981579336699801
0.9910852189486122
0.9778340205995906
0.9583941605839416
0.9687174958296536
0.9817425973029357
0.949027612209254
0.9915589925092725
0.9646982757261221
0.9823192456211465
0.9185236411543442
0.9639004022251498
0.832431932695419
0.9821615429025041
0.9398602871749344
0.979280718757367
0.94607332569524
0.963919511012637
0.9816838036140514
0.9843493612861673
0.9210610664173114
0.9720414963551031
0.9162682005565784
0.963616195230172
0.9785382926690135
0.9217549047364393
0.9622016973498858
0.9408321302008138
0.9681717895005137
0.9781904696912359
0.9893781399444089
0.9810448598353906
0.9540140571468937
0.9567863257008346
0.9824660976965586
0.9862859117240568
0.9837817663624334
0.9874739289550934
0.9778514949168537
0.9707347810846451
0.9862017262077049
0.9658722813512263
0.9262919497632284
0.9531149046145475
0.9603015659282448
0.9765575522482584
0.9557289145410538
0.9734963689404754
0.9492322781817485
0.9613679187318233
0.9817321477851744
0.9782494771208089
0.9750980738646404
0.9826066008190797
0.9829527081264718
0.9818112763898653
0.9732022488024553
0.9539910019302668
0.9489437720512706
0.9773464338049823
0.9748921489863017
0.9776793671250531
0.9609929872515851
0.9485725516762639
0.9813351566671404
0.9816345031677226
0.9736536714680311
0.9571615567702181
0.9483171973185355
0.9756250308504862
0.9458213515755942
0.984637469793237
0.946685142417244
0.9355369322259177
0.8850118895894418
0.9877858257429369
0.9887027588926195
0.9678858188344152
0.9831658572288744
0.9790762891916528
0.9555928820559436
0.9821239792397206
0.9599167561703517
0.9859683439452306
0.9812649984565903
0.8167778964917443
0.982004323069893
0.9773283874940922
0.9710712061159107
0.9634890013853464
0.9707944430282187
0.9832331765359995
0.8323308025068715
0.9593682950288208
0.9797400112164637
0.9752866393393929
0.9804127999936911
0.9869162634378109
0.9708848850819906
0.9802626109708555
0.9770210101203081
0.9784312597889808
0.9753847653175204
0.9692421904349947
0.9400011281517741
0.9791804369573761
0.9835969753462417
0.9617764340742675
0.9698359263639947
0.9735485652110366
0.9659002265889083
0.9833008847117761
0.9521499448732084
0.9596260024075373
0.9087816359381552
0.960127993178535
0.9755589778690394
0.939447167056163
0.9719071775763487
0.9843730308758664
0.9815557439773064
0.9850239616613419
0.9731763790812487
0.9240304338128951
0.9574900241305679
0.9682224491202135
0.9808896508311108
0.97734022293545
0.9426493068367509
0.9879193113361435
0.9752069167102551
0.9842851033499643
0.9878533951955598
0.9732061678257914
0.9619012418687167
0.9599444192074392
0.9828961341196141
0.9184224784035157
0.9896987429386545
0.9668738089319745
0.9830259309216011
0.9501856652420655
0.9489665949544573
0.9487954075698112
0.9764575887068586
0.9919667293635329
0.8867061283227891
0.9882774277823033
0.9407111315038993
0.9627460218876491
0.9920138940430775
0.8258871547914434
0.987983999140069
0.9866367956235282
0.9531703805111116
0.9398398555559917
0.9725637350216745
0.9356987523307985
0.9166185297217166
0.9744485345380518
0.9902342670865794
0.977560363068283
0.9705556459311052
0.986567965425892
0.9953488846502994
0.9871513727626174
0.9536761330869632
0.9588480166701083
0.989021925474518
0.9780144001622554
0.9892249117347854
0.9940239043824701
0.9734440864137484
0.969360650874625
0.9779036116316305
0.9685328185328186
0.975344148772792
0.9894102289561302
0.9686031760033
0.9802595997836668
0.9577455096001651
0.9855707644656843
0.9842475680826299
0.8648584833805563
0.9652125817186069
0.9904003448039418
0.9635149749369797
0.9812718425497049
0.9422300214478705
0.9803574223474338
0.9245324427100167
0.9876209555875893
0.978516349102436
0.9860666947005382
0.9864572166992173
0.9861111111111112
0.9917870266938028
0.9871359605770195
0.9787736238342825
0.9903259786476868
0.9764809645966774
0.9820142205587141
0.9670251606215613
0.9769005124580314
0.9816216558392745
0.9880338461684975
0.9802140916330928
0.983695559095035
0.97906941266209
0.9917015030652573
0.947329852523587
0.9854095069295302
0.9649762441664149
0.9877482362983606
0.9821882029524975
0.9898988634395611
0.9767688937437412
0.966924442449346
0.9310787574379511
0.9794077034790976
0.9807138946984265
0.9805696265795643
0.9836528857866994
0.9799115160803659
0.9414016893324202
0.9699995822695541
0.9933342338083339
0.9094068144727054
0.9735366116474274
0.9787886742333716
0.981640911347133
0.9765586348957912
0.9623180291153416
0.9594162176218199
0.9778043666259937
0.9778077865957535
0.9905079603965089
0.9924408109421649
0.9839207645724017
0.9807952783374861
0.9914462509099733
0.9513158454405697
0.9841323975516505
0.9831897836180296
0.9115648592999314
0.9786998667595682
0.9913425345043915
0.976024602282808
0.987586874545004
0.9769701575072697
0.9645714285714285
0.9778737721991776
0.9823142686951937
0.9760833062416001
0.972360984179658
0.9727036908898061
0.9726005680093853
0.9768083409181555
0.9851395291287558
0.9881324110995704
0.9805236729563822
0.9656142954912631
0.9866711544934366
0.9864164068946548
0.9905059947928527
0.9506940917555443
0.9793303887263619
0.9772591719943019
0.9957526333673122
0.9827761062844393
0.9853862041609104
0.9865373871708074
0.9898296872860558
0.9616082010555213
0.9775697448750608
0.9697358465739004
0.9882312592609436
0.949741241563521
0.981731590949107
0.9879209954682046
0.9583720839011478
0.987431197731993
0.9739979588978048
0.9746674128031375
0.9759454905742352
0.9788075533419123
0.9746127145717253
0.9756387092000025
0.9815963134227724
0.9600329923818415
0.9837865839642934
0.9866395965682101
0.9709446080797534
0.9082659922609776
0.9890514880564265
0.982530176023603
0.993282752235979
0.9627780539971228
0.9847405079289667
0.9839601710743926
0.8708125361831297
0.9649082436863602
0.9903369782769543
0.9863753684715307
0.9889973804349281
0.9550489781110171
0.9642083928324658
0.9847854606517519
0.9827584404997675
0.9735369069392296
0.9903300985579488
0.9822082568643292
0.9417516737417897
0.9848399239969771
0.9890035794138584
0.48864640570161016
0.9669436833995199
0.9618303407649654
0.8179873321875413
0.9843188843999654
0.951945061679556
0.9892806368025379
0.9553112195972452
0.9764638588463185
0.9786080144621874
0.9698669267748903
0.9801726984662297
0.9551595408336981
0.9720664226999394
0.9860887560358703
0.9922721382289417
0.9659173313995649
0.9843763218848105
0.9565296712774074
0.9900352639452874
0.9740948468279781
0.9876027256454355
0.9271281266071802
0.8756205679437822
0.9348724841349507
0.9626378760825671
0.9547728352841458
0.9913451638301738
0.9534676297259692
0.973379813424277
0.9589983756917899
0.9871262900308544
0.971461610818181
0.9620850092675485
0.956082820957486
0.9884149110321643
0.9144722429128511
0.9846606405586793
0.9600169949015296
0.9739226973017798
0.9537585450302485
0.9567891623122033
0.9856277894781817
0.9844287523303669
0.9738313899494376
0.960019698599345
0.9122015966895044
0.9754171642836651
0.9741823498985398
0.7417866004962779
0.9502956294062731
0.9444193868075443
0.9891030125718162
0.9625232251022737
0.974122202849409
0.9836978275899713
0.9914709612790125
0.9792183707420842
0.9737056428155905
0.8662125220458554
0.9666820170389132
0.9911599157429469
0.9311433718342693
0.9842360063116167
0.9894742093185673
0.9733384057925821
0.9898698108572832
0.9788404603346051
0.981966518466896
0.9641630610690921
0.971317994387202
0.9506060767875261
0.9830971735040611
0.9659815964850536
0.9920490709729421
0.9830228559389421
0.9644010157294499
0.9825471950371678
0.9856373429084381
0.9875471298103526
0.9868496096182716
0.9568991835661323
0.9725921162139669
0.9813734136586423
0.9833744860743187
0.9909913489702777
0.9746527873650496
0.9853187980255015
0.9813410342234139
0.9877118388037488
0.9930515178270202
0.9683409854039609
0.9633548779340344
0.9815148520606871
0.9810106918881013
0.9763600899640728
0.98159481356522
0.9787775358575642
0.9779910903691132
0.9807751384363325
0.964883303751484
0.9865344204421282
0.9764035740035408
0.9804855568489259
0.9759829288535936
0.977641725475534
0.9715261317398483
0.9253097710434356
0.9983369098712447
0.889453058763683
0.9688102516528163
0.9724203518782691
0.9693855986241373
0.9575737467204906
0.9854517215269037
0.9862490605894421
0.9261805800641356
0.8770641965778978
0.9819754142567555
0.974247507858897
0.9181403787277469
0.9666382179398469
0.9846644266390971
0.8375995830541285
0.9728429354430693
0.9762939446432278
0.9829334278027829
0.9823775816392109
0.9506367535466843
0.8423534921059673
0.9848636684260453
0.9630531202317222
0.9449233772118367
0.9470350196638059
0.9691803278688524
0.9871570344424986
0.9832673656498807
0.9730646060209308
0.9609248232877189
0.9462656405326065
0.9854817279336308
0.7162626626688037
0.9881382078058245
0.9841702882416713
0.9885665279054414
0.9658456491706752
0.8516046283370287
0.9871251944649144
0.9715234931181775
0.9893246059366112
0.9713996383363472
0.9272291938345768
0.984816550611992
0.9576452059921576
0.9462340935647842
0.9777652208416517
0.9938074068948816
0.9526221263391851
0.991290246807248
0.9718876162634945
0.953743833331097
0.9535045795085355
0.9778451067376225
0.9775847580432576
0.9604844494412166
0.9809488617573414
0.9803502991998925
0.9692473519298632
0.9854483461954122
0.977589313616628
0.9691579447365404
0.9896056496754984
0.9807884272365772
0.9657163220667856
0.9527901048059674
0.9859128924304724
0.9857244647709948
0.9914887283158778
0.9531289343073284
0.985800117287343
0.97460747053012
0.9636190370359146
0.9816200486964785
0.9795812809841727
0.977817732072101
0.9838500585708707
0.9888703942044932
0.9989588674964648
0.9747197264494528
0.9826607153071308
0.981757726894884
0.9844071812631003
0.9852457922567516
0.9806892370168784
0.9703963622707671
0.9546521685407142
0.9826762575290672
0.9796153360210422
0.9844676714863053
0.9895032920969521
0.9745245956525301
0.9750249829324521
0.9717608068668544
0.979490174522468
0.9758760575048514
0.9588609391857362
0.9880604958335991
0.9954084798345398
0.9873130339036115
0.9832246668479255
0.9828126765036244
0.9805785827472858
0.9764574510756405
0.9736105826783344
0.9228451601011285
0.9510100781850228
0.9795064589987845
0.9811568174691411
0.9903810089842645
0.980522115514676
0.9642481657914798
0.959471916432962
0.9844302918863628
0.8573708673156187
0.9853410458634233
0.975773222797986
0.9820938624024553
0.9617357845233006
0.9669837763601864
0.9805392047502188
0.9861580634849908
0.9860166288737717
0.9818585133588595
0.9904829009285588
0.867237958418935
0.9592475263013805
0.9871038656193003
0.9800452195207701
0.9802593251917704
0.9438957940484808
0.9846875981275017
0.9839477154159262
0.9832595017976374
0.9664641065079805
0.9860221699167642
0.9887111584216343
0.9701458173445894
0.9750974822385382
0.9826009215322192
0.9448269459378128
0.9921626306421857
0.9462345834960153
0.9859900022209196
0.970818442033087
0.9898402532244233
0.993005769831756
0.9515167103569449
0.9864321843586608
0.9823117941391224
0.9882742857142857
0.9821458830276724
0.9863462335037957
0.6961740435108777
0.9875313898319437
0.964492602625547
0.9554216995576726
0.9777144516253912
0.9794309175197465
0.9807287685644073
0.981171194584912
0.9750023959364917
0.972672735798716
0.9860214635663738
0.9861441730490582
0.9854238548503679
0.9700987252714
0.9882416685869451
0.975850848078511
0.9799836202741978
0.9858844963372829
0.9718620095725476
0.9720653322763906
0.9643788469406566
0.9707036358880461
0.9660017969451932
0.9404865164912695
0.9826200768945186
0.9813473762216346
0.9751501522871538
0.9845723933166444
0.9614363156772947
0.9732607461461411
0.9839396939290839
0.9819528248835571
0.9491667133464867
0.987407121305407
0.9468302697724394
0.9876334858788883
0.9629077814757147
0.967637560135994
0.9783670245233564
0.9852784792015499
0.9544790798067371
0.9609396136737554
0.9892258094659627
0.963548252855973
0.9912283015384383
0.9721375249710861
0.9596597274085138
0.9840590036296423
0.9344034035969832
0.9852759433608467
0.9312790935711552
0.9757876355525555
0.987807631983051
0.9820604644149578
0.975475544822945
0.9726081066723332
0.9922693947860429
0.9585427312033241
0.9865949995928007
0.9866655992474694
0.9833305054044015
0.9801458925904709
0.9735567732891551
0.9885404347294156
0.9450270387497114
0.9740798233208193
0.9793289367330443
0.9863582275108782
0.9786143227349746
0.9320509207971621
0.990418615809044
0.9908185889494301
0.9828541032269988
0.8311678206684132
0.9757779260446388
0.9688593136505023
0.9761072015507143
0.9415260026055421
0.9628533055668734
0.9195624129565184
0.9536292737123852
0.9786096256684492
0.9716192765945071
0.9834953497995428
0.9689815149667806
0.9605743161080535
0.9815286222983063
0.9758877660152474
0.9892794183131325
0.9801769335095954
0.9907072221323134
0.9818129186483727
0.9861331704337202
0.9242262951234504
0.979224930977052
0.9626127443931513
0.991401300503151
0.9104892251188925
0.9544713656387666
0.9840730121552316
0.9912932646946849
0.9816570589615243
0.9763495624926389
0.977615167833924
0.95962383275569
0.990601928255016
0.9752596447917732
0.9918994650590134
0.9724930115466142
0.9618144877358852
0.9849570405630323
0.9894627659891547
0.9354580930436983
0.9762840912793666
0.9486132465406042
0.9727046907494415
0.9731751435993453
0.989450655643094
0.9506093452956675
0.9819105968578086
0.9820664891470992
0.9776179962171698
0.986463299628019
0.963770017843373
0.9855895301561335
0.9983235481360968
0.9921186110027311
0.9893280077387546
0.9493194221697421
0.9846015668960741
0.970342985361684
0.9846987041551031
0.9748756723183823
0.9969055576185172
0.9882885389727305
0.9854295547858036
0.9838255537479664
0.9955742213980162
0.9795204124235328
0.9920812360997308
0.9872413358814156
0.9852369044146664
0.9561150684231067
0.9827509722766563
0.9723311581913588
0.9681952013620129
0.97700739736593
0.9830273257599017
0.9897535148945339
0.9719303363188565
0.98127645447755
0.9823053137136851
0.9871909176097865
0.985663115525932
0.9843270029689652
0.9844781003433762
0.9723522853957637
0.9840156042911801
0.9860711511209834
0.9885415074655627
0.9890365620313389
0.9825340996983171
0.9885311278399724
0.9857977493663129
0.9913835182320507
0.9845818739548057
0.9868121685840627
0.974941829246465
0.98367500850739
0.984868040074335
0.9848336662851112
0.9772040568489375
0.9892348063398761
0.9877095014641526
0.9898660245844766
0.9893906926474538
0.9883303088344932
0.9877738397739306
0.9930548188824062
0.9856790744664541
0.9857103936793352
0.9399433138421469
0.9779843098452188
0.9793875436403169
0.9861624114428242
0.9920591492290085
0.9840270087233874
0.9537523048026055
0.969924329870463
0.9888749343586241
0.9758770963454996
0.9878451027008504
0.9703549482221514
0.9871302631861179
0.9919590499429336
0.9819203192726059
0.968381616573559
0.9872683674800992
0.9915806078837793
0.9786239365161182
0.9781065228702521
0.9818819555934876
0.9864092006958088
0.9775485213320474
0.9860910404624278
0.9946443094706605
0.9796942733287702
0.9050545600022072
0.9557829282080271
0.9650129557552826
0.9805041783461479
0.9575843936589559
0.9808541825629493
0.9902446162475916
0.9959883801355651
0.9874033546938981
0.964654650549708
0.9896847135613963
0.9598373904099525
0.9818063124432335
0.9665506048658156
0.9946421940480611
0.9820648614757107
0.9788900700590443
0.9801303570650042
0.9882944571565179
0.9852994124246857
0.9108227892858697
0.9922231425309485
0.9879122924236738
0.9940004837806182
0.9742911195334533
0.9852201841131623
0.9873042638855796
0.9822343442943485
0.9867600297921709
0.9516071998904959
0.8749481206128084
0.9859485171349293
0.9892799179977791
0.978146380873034
0.9853819519584506
0.9420026180914557
0.9378162257196087
0.8820411029958358
0.9645011325679077
0.9239873750657549
0.9774964754872958
0.9799048669516063
0.9654996766310102
0.9349387204072837
0.9662547027179073
0.974332133587622
0.9929179404843073
0.8649407973721442
0.9799795511670508
0.9861071744344935
0.9879242396300774
0.9548629813165901
0.9899508789607212
0.9856439019447282
0.979780845421931
0.9815588688454409
0.9937311500260544
0.9841057989474913
0.9741385192766974
0.9772359272311649
0.9795045552014595
0.9865116288982331
0.9791296948864108
0.9831097530263092
0.9622173044745507
0.9781670122351485
0.9588132970413676
0.9858605130068744
0.9891380128756638
0.9894705256553643
0.9680161075834204
0.9759085861004412
0.9849313219263609
0.9834167093394257
0.9785789711872077
0.9792510337597795
0.95876874887055
0.9847937494749223
0.903248233511621
0.9731871230135422
0.9783616838944039
0.9719463907663144
0.979631850455904
0.9858946128561523
0.9898978394251673
0.9831383938143125
0.9915786998091413
0.9350051035890645
0.9856796203936876
0.9507956047575844
0.9686633200478486
0.9876765473472267
0.9564209934876478
0.9631041945789962
0.9866388328476425
0.9727829085007789
0.9781165677280086
0.9945172128353703
0.9872886243569335
0.9874152328750507
0.989899192604336
0.9956183419627448
0.9833814859732999
0.9651585755641889
0.9862857081512812
0.985081175954366
0.9777574073884934
0.9821319206271436
0.9825807714080048
0.9752800471658385
0.9898979812605057
0.9863157721136958
0.9663507245541759
0.9888248388671657
0.9915448885007755
0.9781395197258769
0.9815412146166878
0.9050770108385625
0.9761968484140694
0.9903817993603331
0.9539498132175478
0.8195656132376634
0.9539902029773657
0.9877241876782845
0.9377766279926438
0.9896028510901902
0.9938409061655297
0.9250696720593132
0.9720278319566746
0.9689631003451885
0.9870904843722852
0.9861642935377876
0.980588489634299
0.9872227584039512
0.9826766488357365
0.9858877064111925
0.9736803662798074
0.9781513616357969
0.9773485273055608
0.9797262960088239
0.9804842306467028
0.97204077021132
0.9835839583910232
0.9600546859937251
0.9575997215804503
0.9824559830745508
0.9819342898502923
0.8864160702213733
0.962022550476357
0.9409541629231543
0.9743942675546019
0.9914738234601236
0.9769686527540921
0.9714740272779228
0.9915591552752612
0.985859297739079
0.9440482568406849
0.9379149485204492
0.9917433613210622
0.8910355606091697
0.9897673959957067
0.983197496696137
0.9746170739948192
0.9593314278252543
0.9815511457128072
0.993190295474287
0.9858211137934195
0.9683033603665855
0.9873437397246352
0.986704818833053
0.9847133963811471
0.9814701265817761
0.9941068912565105
0.9605825082896315
0.9904612923221257
0.9809071512148118
0.9845590687677314
0.9896415089915829
0.9650582084815688
0.9377544198170293
0.9576643056270115
0.9709491315842377
0.9937773854931753
0.974418763209927
0.9680355572653331
0.9710735113262189
0.9795798387651588
0.9880350273879195
0.9757468442296321
0.990716198970648
0.9505214769413277
0.980252621321986
0.9840016274836078
0.9756125955141005
0.9726688806578508
0.9504265706677187
0.9696560671686751
0.9872621352131196
0.9822831144609587
0.9705758311617397
0.9706013816421273
0.9809718928145379
0.9930045347488312
0.980429460519718
0.963328813635294
0.9889889705882353
0.929468165710228
0.9270707161068121
0.9853145047567976
0.9846381560653831
0.9601838407353629
0.9734967207691442
0.9617567567567568
0.9783052784660591
0.9859386234394405
0.9866993552372495
0.9808079889681927
0.9807234012550237
0.9811894048336968
0.9487272992487783
0.9874330116015587
0.9380415684749686
0.9719096346268318
0.9499602166828344
0.9588252432841909
0.9939533352104879
0.9530195912636586
0.9887509377086187
0.9756178253777736
0.9816617132812516
0.9818313953488372
0.9896568064414851
0.9561889797143412
0.9825479550687765
0.9639974343382175
0.9747127653510737
0.9764233748572292
0.9869893632730868
0.9756374179504456
0.9683463365988151
0.9805105464243759
0.9859512369944786
0.983099920297988
0.9843083471561969
0.9798622470942746
0.9723373362775644
0.9733334316613876
0.9894227287454023
0.9565324688183529
0.9730356584840805
0.9852137074170396
0.9788184607712075
0.9601081447475852
0.9656220685145324
0.94176984993928
0.9840455371854706
0.9680788102101987
0.9759628944811809
0.9860508530802604
0.9767743796884016
0.9855364626689646
0.9505489167395317
0.9923505002714651
0.99449055523755
0.9924576998812358
0.9824088274953423
0.9726535445913396
0.9711940400134996
0.9441777628677287
0.9884948308143163
0.9701105566969964
0.984852301251596
0.9742942253129638
0.9698388197445813
0.9889728869436708
0.9878511646450034
0.981376999724426
0.9768484660188752
0.9882187875818449
0.9930785830833202
0.9925505910768545
0.9374488987282859
0.9769210070886739
0.9273344431712538
0.994706268153284
0.947709886283258
0.9777594937782565
0.9914946025028517
0.9813544813200437
0.9909886773763064
0.6306227048216869
0.9858410251814679
0.9871332381735081
0.9905668479169775
0.9810419097191062
0.9684723309597485
0.9837761641602417
0.974829701917967
0.9450196375956127
0.9845383991038309
0.9783997201889355
0.9921656773743017
0.9861852162966513
0.9823617556555644
0.9838928225088672
0.9892468199573131
0.9793275958578226
0.9924712971611539
0.977175088740269
0.9907690134642787
0.9151791492030623
0.9865048549257567
0.9842551650738965
0.9659613198966981
0.982650212076646
0.9634498898678414
0.9888530651943979
0.9849070320761367
0.9620175513999702
0.9628878542068313
0.9359589643231178
0.9746840052015605
0.9415263268908403
0.9892976289098359
0.9819515784754237
0.984661576842554
0.9866599631305514
0.9850856560959564
0.9810816223984595
0.9684005314425729
0.9262385000872622
0.9754048805510772
0.9791344002753398
0.9780608047725295
0.9864586954426083
0.9653963809820086
0.9733236267900595
0.9728358486281149
0.9449612403100776
0.9541622760800843
0.9812847985776447
0.8055104094110362
0.9850911779201578
0.9799715085605414
0.962128262768288
0.9900584090777256
0.9676581699418452
0.9863700626821975
0.989679644160128
0.979586362295126
0.9926783542764491
0.9794457808634313
0.9783224806437152
0.9383517565112053
0.9612598516458044
0.9797468026568742
0.9821331385856293
0.9530417152245764
0.9902981918155863
0.9830495076797101
0.9915413427864634
0.978965783238746
0.9844870666217861
0.9821265403168112
0.9721242704280155
0.9329821717990275
0.9777499073709222
0.9634461459707576
0.9706345806989072
0.9866318351705277
0.8431460740074408
0.9506919756758356
0.9796211956708076
0.9671437865972674
0.9576112748975336
0.987517621427656
0.9607499850362123
0.9674031828971055
0.982272246082287
0.9800361686782089
0.974852191234471
0.9908143203039556
0.9278457320063266
0.941536119779657
0.9855381507131961
0.9746777535588386
0.9589124227742571
0.988818099076843
0.8908288397982258
0.972307870535396
0.9866061967532743
0.9573433466551504
0.9837521773576148
0.986850344395742
0.724422577380036
0.9842973043705836
0.8392993979200876
0.9908407688523876
0.9752388443701555
0.9941164482911566
0.9882318600113686
0.9739116252772583
0.9867671179561314
0.9902424132291477
0.9847196831414232
0.9750575918756257
0.9852734528694284
0.9880863819359356
0.9341367713004485
0.9859574680234652
0.9871918603267609
0.9893345857438678
0.9911388937222569
0.9921249918309044
0.9897722396172736
0.989165436156326
0.9656001720274339
0.9659718956528774
0.9776048392577992
0.9935731306160549
0.9594972496235519
0.9850893101560362
0.9919449657629181
0.9901525722845828
0.975695917969422
0.9989102838614952
0.9521349893138442
0.9573470738732937
0.9864084087720891
0.9869222975605955
0.9816970438032054
0.990457137355172
0.9928886091881687
0.9700155148038775
0.9883090333688227
0.9754857598393142
0.9798889846301826
0.9885862966175195
0.9790045290165075
0.9932760823833359
0.992392000955888
0.9711858647638464
0.9399913877952756
0.983067991734724
0.9416911136692785
0.9631189130240652
0.9712805824493401
0.9863593086275084
0.9892739032066366
0.9908236972371485
0.9919722620452126
0.9628596061893452
0.8615204471643506
0.9776790915383403
0.9549068127344783
0.9891158561542481
0.9782729615292929
0.9867405537876294
0.9898942208927252
0.9856663405919043
0.9844960809383512
0.9819704901612468
0.9800340544255367
0.9735542188917639
0.9896820225799215
0.9774837302374213
0.9765313358744793
0.9649931707471123
0.9904605498823412
0.9767114004168703
0.9713941992849763
0.9910795260914982
0.9949169419569269
0.9717532256315733
0.9939269406392695
0.9570067394840809
0.9803852204116962
0.9791765588497844
0.9813030118464524
0.9645008788841007
0.9961259243628411
0.9778420381621213
0.9578245902910768
0.9901785714285715
0.9704631421534131
0.9882733465278237
0.9942384871088049
0.9921085051486483
0.9952269613391315
0.9769264852734676
0.9802340947225567
0.9906511451877421
0.9918421449155256
0.9059397003069146
0.9680236228885586
0.9764592345669127
0.980473987197492
0.9859768813770684
0.991679030253421
0.9510165373287274
0.9865898658986589
0.9904015038167425
0.9703354124499153
0.9875022742939439
0.9910913344648837
0.9828624834593355
0.9872782546058334
0.9712259262188295
0.9547964607403163
0.984184667704971
0.9714484035168903
0.9802701642284626
0.9216975427859345
0.9894279291958862
0.9477658041046056
0.9784636382058097
0.9936392667024716
0.9902785415521005
0.9896943477190391
0.9902667671417968
0.9725231044420153
0.9572243737640079
0.9894775794663752
0.9919819529487592
0.9827899888450722
0.9914264638338738
0.9750038547104561
0.9816085604484044
0.8856475368207212
0.9845897004612052
0.864582438190425
0.9893582603470986
0.9626490551082243
0.983980569276533
0.9884759351793881
0.9805357768180226
0.98999001166659
0.9736485484997989
0.996867672919109
0.9967344412877093
0.950494122055173
0.9817184217758049
0.9953007587968176
0.9961221887438781
0.9497848706026364
0.9835207555041435
0.9459592952135639
0.9897665836447965
0.996900385968685
0.9934509332786357
0.995436394751854
0.9966670939623126
0.9925277771761495
0.9956283006931456
0.9772345712175139
0.992634840101119
0.975928759342631
0.9889269595098908
0.9899864825817937
0.9704095745351667
0.9918900370854284
0.993694846336526
0.9585801565730481
0.9859321685223265
0.9933654255153597
0.9954947974319238
0.9842551892200183
0.9807911911468534
0.9722433391435512
0.9914506148318812
0.9760923931077461
0.9623808543538728
0.9641019247127812
0.9830842368691011
0.9801936362039694
0.9963011989294237
0.9832170549529938
0.9792109413534201
0.9952566129652579
0.9818076904071551
0.9835248066835536
0.9604236234516068
0.9568828901580307
0.9937948920152678
0.9784531826838169
0.9774996852833349
0.9802217301297633
0.9781216204974628
0.9873734949013885
0.9796807385325512
0.9764088746201914
0.9799567474757969
0.9743881525808801
0.984585847281692
0.942885484824784
0.9551772705872069
0.9894506029216794
0.9883398131331617
0.9859894921190894
0.9726792737659609
0.9837623784249507
0.97847383945256
0.9799538734966105
0.9652184531741944
0.9619923124479208
0.9819154795275008
0.9775186846038864
0.9930479752773775
0.9904352659128804
0.9866803278688525
0.9890357749053401
0.9835060472986796
0.9851336560569444
0.989926627896915
0.9522249513114128
0.9497732659659932
0.9815396339974011
0.992628339849791
0.9721364880209982
0.9533362838863821
0.9837578617029062
0.9903122006735289
0.9773452662368123
0.978366986688762
0.9734230489452353
0.9755830940006162
0.9534008171193395
0.977745389995247
0.977547465084005
0.9862063166287228
0.9863294254093808
0.9804823930640588
0.9876353097042201
0.9283394157097273
0.972731056582814
0.97603654762403
0.9887895479098481
0.9766971273043467
0.9840995152070621
0.972372927590701
0.9832857797034062
0.9858028991276081
0.9622469609484517
0.9875417158865715
0.9450909338117716
0.9677348885885856
0.9574508335328047
0.9902064867329781
0.9519653361581284
0.9926695580132793
0.9705711720299394
0.9696278558224066
0.985162905951474
0.9549832467223925
0.9932718642396062
0.9813773855267942
0.9747379704621248
0.9757511924650735
0.8497283278644758
0.9763992162972405
0.9663676383105294
0.9742900644430281
0.979980397299797
0.9845777730536203
0.9750376460519826
0.9646637898647153
0.967437782972805
0.9866311710434197
0.9842643132623886
0.9580755442805018
0.9779301478465824
0.9235527038353709
0.9901200283871764
0.972561201231425
0.9663986270826156
0.9661058466100075
0.9854840875520344
0.9872175308737308
0.9727651656122069
0.9468909534409448
0.9761258571230524
0.9747434363720137
0.9774518999977906
0.9908574833772426
0.9622366573033708
0.9822875658305357
0.9746317757009346
0.9793338037721888
0.9962089984761048
0.9887160287365134
0.9771229360666936
0.9873197671891872
0.9544699287233878
0.9812263301733016
0.9511519911689827
0.9831214814290267
0.9247122489332917
0.9896405003327005
0.974596533173939
0.9873652225598409
0.979484108897766
0.9863397847015828
0.9206384970016291
0.9839130621721558
0.9793148952548524
0.9545359847124241
0.9562015471179235
0.9833444934180028
0.9547035058877446
0.9794236863438721
0.9812721497387972
0.9765979582843046
0.9741458189994538
0.9908222475118369
0.98167624350727
0.9485611322922651
0.9750440968385958
0.9832503794698013
0.9779712901100185
0.9904914470337944
0.9919526212746758
0.9964767278603407
0.9554637898985004
0.9776230730979613
0.9826357340440568
0.9254321518125834
0.9484214328061221
0.9657684783292849
0.8457775991733165
0.9838015640196411
0.9831199517453753
0.9830952355849825
0.9871251284102993
0.990875424385689
0.9717244535988099
0.9333845220255861
0.9349301309322664
0.9851837672281777
0.9696372185375673
0.9780317210127081
0.9601035524234144
0.9836619227923575
0.994672147154326
0.9855519116164239
0.9787719845011615
0.9882022568106711
0.9903401555611312
0.9425465242693611
0.9802017561370454
0.9619161869634113
0.9681817673623384
0.9560611323376172
0.9705475721647325
0.9701826931038345
0.9913018374169996
0.9791206636236235
0.9851592553296241
0.9907329641703084
0.9752558946267101
0.9813500454599114
0.9819792265247991
0.9512239363680063
0.9926193482708328
0.9708521895755938
0.988702876044744
0.9809996972772762
0.9694179529188583
0.9409603369238368
0.96659426706321
0.993275499204353
0.9873747414033215
0.9772141430197839
0.9752013171495596
0.9627115937400191
0.9934722424595658
0.9890964215930148
0.9724388980065057
0.9854634158483615
0.9579550123934626
0.9219011118786069
0.9817830766562292
0.9173896903379964
0.9631994975744975
0.9884475706883709
0.989471555354636
0.9763749649001647
0.9755316168931654
0.8941832096784974
0.9804033746777122
0.9739450641643742
0.9810953615785061
0.9804106493761666
0.9818897326567819
0.9923993104529071
0.9919839298043416
0.9340272995860628
0.9849641962988253
0.9870907780294409
0.9301147503847146
0.9861646637101036
0.9753607874099887
0.9832924593557875
0.9917029893719498
0.9868364099299809
0.9770359881675055
0.961608574968545
0.9537811731850022
0.9206988121461285
0.9644213712100074
0.9804450642735872
0.9544255111209193
0.9895983238221266
0.9497906917959815
0.985412717517896
0.9886419394570561
0.933056413057856
0.9304117607254027
0.9613789778206364
0.9221772328193426
0.9899501245596571
0.9694520893880574
0.9478214029207566
0.9862542586773344
0.8783528832745467
0.9729870175112639
0.9884212754840046
0.7799143888045051
0.9582872903885781
0.9806526374893229
0.9917944785276074
0.9160185907761149
0.9865237547917323
0.9891649501046504
0.9739055573147561
0.973003541848791
0.991930708941514
0.9880149416012686
0.957879219790304
0.9558743110462303
0.9864131724214289
0.9583890340701643
0.9897349214619507
0.9788553090479917
0.9741049334982987
0.9250937107016151
0.9133063238518506
0.9946454115141008
0.9803438072424968
0.9863090594257226
0.9690275357857907
0.9113504769957539
0.9791823000181676
0.983513664106018
0.9559544699652179
0.9660427547865986
0.977812908853031
0.9749856344674972
0.8561266887893374
0.9796662392171108
0.3738369661660873
0.9849756977912676
0.9757053965973337
0.7372307006795144
0.970461582262714
0.9640349743722273
0.9910920376297159
0.9889969415227283
0.9392575628461867
0.9773418579870192
0.9821371354118421
0.930297897618264
0.9572306047524912
0.9558178492236304
0.9595912873440254
0.9817738702469925
0.985062497581363
0.9667940474482543
0.920442678637875
0.9542459423225034
0.9815275329472005
0.9724359129986755
0.9639358388742227
0.9838593806457098
0.9895309406823787
0.9834524684204551
0.9937395696285243
0.9684133291379277
0.971258446713736
0.9916579841836474
0.9683332554143924
0.9834139850505518
0.9735539770509718
0.9955088707879508
0.8454450502545137
0.9740374310583684
0.9802694620236503
0.9583498849378116
0.961027609211108
0.9783584724053551
0.9858720855120455
0.9751753901821348
0.9857878310582195
0.9669948630136986
0.983668918094862
0.982285778835815
0.9670735499922252
0.9830696798493409
0.9903399753492194
0.9676705554805265
0.9781818421078604
0.9780775994594735
0.9857191664776371
0.9894639899382135
0.9685673821941446
0.9828356950067476
0.9801444917850578
0.9860858084312465
0.9945037453542649
0.9753815449032185
0.9927157839308438
0.9934515237613357
0.9844623658305495
0.9813909916763075
0.9771394085697043
0.9898661062511684
0.9471078495993906
0.9613683684109028
0.9713632150815404
0.9841608952537465
0.9843787057388882
0.7176794054238993
0.9839109076192791
0.9914852704170212
0.9931919381298336
0.9796453783855718
0.9435307017543859
0.9960011675423234
0.9821361419080563
0.9689875230408824
0.9723866957813387
0.9825787832133666
0.9604491180357675
0.9739149150418738
0.9716839640044272
0.9683784664129936
0.974359475845883
0.9569443063826711
0.973270348716328
0.9925372275673847
0.9407895893783522
0.9710599369509252
0.9839594917621255
0.9817544679035153
0.987970493350517
0.991898354078974
0.9794896161232207
0.9480162310032615
0.9346085409252669
0.9794146533097623
0.7818177482622537
0.9923477912894664
0.9783081663221671
0.9873434454835249
0.9415544518969843
0.945644043285294
0.9731720395260177
0.9798291584746388
0.9771525324926846
0.9754733372207876
0.9723510622330863
0.9800064785182848
0.9842660143774233
0.977167476970696
0.9619557959401709
0.9907156647181853
0.9857083316181616
0.9701681279239035
0.9683559130129231
0.9852122528241214
0.9893469045826542
0.9842734141627131
0.9712087727213636
0.9866808660048692
0.9793701312868162
0.963769276711579
0.9826019399190131
0.9671427883003473
0.9879732485528633
0.9873118374288937
0.9698953956910853
0.9924945570146881
0.9868614212564806
0.9789988209864413
0.9613837105839971
0.9219676592512895
0.9881795140709666
0.9740634855138672
0.9698761742367071
0.983199352389363
0.980595870374052
0.981203059846769
0.9847663861569956
0.9685937093839355
0.9850214033407172
0.992807360503166
0.9627165226196073
0.9484862439792972
0.9793517233634664
0.9815912435762367
0.9922661003478691
0.9769707672511707
0.9795769476064395
0.9835882984433709
0.9881008275133517
0.9756989440459847
0.9703319942930576
0.9817750589054467
0.9825432492509907
0.9825420544854181
0.9262315031152648
0.8844819308119132
0.9434293707506967
0.9712203304711142
0.9084127720400996
0.9685693799295445
0.9898306086853697
0.867296238326838
0.9891661377340527
0.9793825963761091
0.9754415761178397
0.9758507888228852
0.9763953161480442
0.9878743297735632
0.9683170796612557
0.9626085644705933
0.984898609849329
0.9830981965657088
0.9874878618786327
0.9954481305531814
0.9881044966867237
0.9873520410044618
0.9716118964415263
0.9835964129616914
0.9890691473862113
0.9248194406399569
0.9667636422958754
0.9850105982719659
0.9670109713852164
0.9865625217075863
0.9901157983538922
0.968751049790042
0.971105667382701
0.9769249460079844
0.9656620594448048
0.9858361802199924
0.9706565847732894
0.9818089538138383
0.9375014532202586
0.9865064551252138
0.9732158293281699
0.9497625044371947
0.9757694269682027
0.9723531604719724
0.9859340529175735
0.9930340970278491
0.9748653163134902
0.9949053090193598
0.9630845456110824
0.9745030008253271
0.9570751534848594
0.9543346853587462
0.9065419897191218
0.9126425147259359
0.972957126517786
0.9804347826086957
0.983399792154044
0.9939232507860486
0.9942260731972644
0.9699342733554295
0.9765208268688033
0.9752377497189825
0.9872068714779131
0.5996302552955352
0.95807081739896
0.9661127459266644
0.9871630194091364
0.9758030431107354
0.9838231732141844
0.9750078597738714
0.9953401385923656
0.9935614547265033
0.9877343613106712
0.9750256903238638
0.9851154396908531
0.9862817097531562
0.9904603860629615
0.9696512916822582
0.9899309933345092
0.9927722295961838
0.9871958691122692
0.9533292343303555
0.9831863912050052
0.9933851558412438
0.9842156350578359
0.9937840825350037
0.9688293025322817
0.9862860787753149
0.9811204868610149
0.9760180487356698
0.9910835813320414
0.964649980625628
0.9922872114431384
0.9374181255210194
0.9668028901077702
0.9805022356533961
0.9817846129742125
0.9694874982893316
0.985494458062053
0.9857166176950702
0.9688015681411828
0.9801047626527789
0.9758145649937121
0.9730429553073248
0.8708272951871453
0.9889967783650606
0.9894988233785262
0.9335739290971348
0.9846032655399599
0.9781964899160371
0.9921567249121991
0.9932114447069145
0.9804722253610398
0.988157064883089
0.9801300206917806
0.9805508357371479
0.9861210607297033
0.9756544431144264
0.9779666395715256
0.9419608989483501
0.973053932889553
0.9830794012711219
0.9823643456121091
0.9789252658495269
0.9844738312810662
0.9851881702743601
0.9764363305935319
0.9809069792304478
0.9933902650758081
0.9924779667964747
0.973934375958295
0.8217404983113987
0.9854319660875276
0.9884166676556807
0.9916247547271464
0.9905612989192717
0.9852141787005734
0.9868696939927567
0.9908444531021721
0.9735571878279119
0.9853848339781843
0.9782972832250956
0.9944078067608958
0.9560560472176753
0.985761728799289
0.9906598872554437
0.9866910246610762
0.9911553767437793
0.9313726168644684
0.9797806792849924
0.9909093507904291
0.9856184661129468
0.9860351265073152
0.9167249798583084
0.9714207026196636
0.960389702527207
0.9832874159306377
0.9756036602761947
0.8690689121565948
0.989071150227286
0.9907389520146584
0.9754131501015014
0.9900465519410622
0.9775217208588657
0.9700387817681349
0.9644172936128941
0.9163918876191337
0.7273729993062215
0.9810643205392042
0.9189914423777772
0.984266654047328
0.9864066381269488
0.9710696869520047
0.9764233075134825
0.9875169757966997
0.9760505561517366
0.9722730916700176
0.985076109279533
0.9601484775399457
0.9898594703397676
0.9631133248514263
0.9306144170420095
0.994631593074755
0.968665132119494
0.9299233536680744
0.9875323453305105
0.9683716136706823
0.978283409320096
0.9678439651601598
0.9580736271363484
0.984688644077691
0.9834358207301535
0.9850164583838009
0.991024098581793
0.9613698376914329
0.979959100204499
0.9881476798272443
0.9852605104638887
0.9380728482079058
0.6659023187313765
0.9902799339388935
0.9779782998571225
0.9876182361023039
0.9798501351661567
0.9787273177461002
0.982379623407907
0.9550564493875151
0.9917093238702384
0.9845642745743158
0.9739427355929358
0.9334103316188751
0.9534900084435688
0.9786556493500973
0.9883663283422102
0.9872894012182596
0.964052490826544
0.9893873937060554
0.9293158560242525
0.9831338841233747
0.9745530885169189
0.932784419285884
0.9796577533463772
0.9883593428756046
0.9801023976423984
0.9768504569649493
0.9901864480494406
0.9865229526859098
0.9670731012228112
0.8876707898779206
0.9663874411832971
0.9912255764768029
0.9889176102231769
0.9014920226712737
0.9731930366530326
0.9881326037591546
0.9758430707755645
0.9807498734146327
0.9693092280070242
0.9224429219482144
0.9719211477077414
0.9900969773610004
0.9972172751558326
0.9831095346676801
0.969327727140183
0.9624989611900606
0.9891952129463637
0.9800960369920265
0.996268511174964
0.9565967430306376
0.9829286471383574
0.9863087609607697
0.981959435970785
0.9873719735013639
0.9734978039435567
0.9949221021025441
0.9608922596028613
0.9809481807316784
0.9238412458517665
0.9390760939250559
0.9831897963508853
0.9722666800040012
0.9887102911383293
0.9624554112970058
0.8340951781196729
0.9742947521042582
0.9734208519194767
0.9876577542788694
0.98900949264583
0.969249214927385
0.9707452887032766
0.9933691544271012
0.9836221000604121
0.9807651115966243
0.981239911345848
0.9760072572572572
0.9956329082559715
0.9711667254141699
0.9643149397804139
0.9854605686942118
0.9867606265904675
0.9768859035655468
0.9808938490890978
0.9767933084840104
0.9889790330063252
0.9852996976228383
0.8655219512195121
0.9855107746586367
0.9494548833835762
0.9913578936192802
0.9252401356059893
0.9187810206994103
0.9883786764287907
0.9858870665767993
0.9797724145550233
0.9900752780794727
0.9966453946247691
0.9825266275015523
0.9929534468062813
0.9861895484475572
0.9803167013280495
0.9803609590497436
0.9890272365520169
0.9845266731749324
0.9914466344365935
0.976418140808871
0.9820824421543846
0.9821010458400541
0.9446239723704573
0.9948508504368505
0.9773369452358119
0.9643593261538269
0.9522737550876841
0.9884801580528126
0.9555228921898796
0.9907447787953676
0.957409630316199
0.9387311525159597
0.9919603364608977
0.9643278693890243
0.9650954065804082
0.9827748181245346
0.9907214870825457
0.9928741140996851
0.9807106305472838
0.990419557317476
0.9744663801267575
0.9729961235577247
0.957551282051282
0.9944631456192702
0.9852935104828121
0.9895449417074088
0.9872288523959108
0.9833253820108663
0.9675097269961804
0.9892689338302407
0.9854751489182417
0.9850709479469795
0.9916125728363622
0.9867491579341318
0.9770327767833563
0.9933712591653722
0.9881225129627397
0.9898312195658753
0.985678524768373
0.9952570813508006
0.9832432927387602
0.98861157653687
0.9882261468399423
0.9927054897964369
0.9794294985107878
0.9948220390106576
0.9874432000451226
0.9940888435274963
0.992686976720721
0.9334567115216523
0.9474455372575169
0.9894817179681495
0.9832799403168473
0.9934484942890949
0.9866347084874363
0.9652259974488525
0.9901145602365115
0.9601778795425711
0.9823686672904692
0.990622744393966
0.9803098244138216
0.9749612638727231
0.9722778718012414
0.9538340120024373
0.9813533763724612
0.9941656004007257
0.9894412293058218
0.9679705935322395
0.9862033310693685
0.9884066107876759
0.9735090069376412
0.9835088681413688
0.9896736699755736
0.990567845062412
0.9862798232191552
0.9931799083947782
0.986438265967163
0.9917308409444717
0.9836234776026973
0.9915776175185556
0.9799603868111383
0.985750850192857
0.9822406714184492
0.9829519244268838
0.9836572268857783
0.9890322668529651
0.9685244467420914
0.9844121917141128
0.989515539912339
0.9721623999029362
0.9822582423640974
0.9588411251248289
0.9907805250662951
0.9766852069502879
0.9844528365669785
0.9662839014844035
0.9640470733853578
0.9892219462757604
0.9948991168172886
0.9926154516904757
0.989653312962006
0.9899257323614359
0.9887933290182199
0.9792246857962142
0.9889314444365345
0.9739929358338238
0.9837080155225478
0.9890595728737355
0.9820001531586501
0.9802121093223862
0.9853886192908835
0.9796251279426816
0.9899882807945345
0.9626822936550355
0.9789117945251774
0.9797285288457144
0.9741694291628996
0.99361941657561
0.9730273579654921
0.9830512547950271
0.9903061081474508
0.9851497378092107
0.9794415157871494
0.9928670119303687
0.9675281245369314
0.9922257356616477
0.9769424049600262
0.9900156581007645
0.9892641867205204
0.9868457624027394
0.9933975897225131
0.9910950084029945
0.9825999700050517
0.9735264065502095
0.9814485318196703
0.9906798655211058
0.989945024401229
0.988393379105522
0.9879336465919666
0.980497948564472
0.9887747943108617
0.962838905197032
0.9676444790956047
0.7063500700575424
0.9865695411773943
0.9896994379053803
0.9929216182869017
0.9863858348568709
0.9783126730051751
0.9911054009981717
0.9943127012485599
0.9913971927391977
0.9938024663753421
0.9768158766741847
0.9893513134415809
0.9770387965162312
0.9650088227087484
0.9776632912891573
0.9670107273478507
0.9906164627627985
0.9809061336099194
0.9759119675744863
0.9706906533837238
0.9760987885527009
0.9848915485627266
0.9946875267485641
0.9697006669920286
0.9910410342020995
0.9826657358500507
0.980798892217416
0.9836385260322983
0.9852905686587282
0.9904271196752635
0.9686364696863647
0.9847313699540139
0.9699146549965173
0.9878026117953136
0.9651125131799067
0.9795017906254329
0.9676352050103254
0.9843839039405637
0.9740256229481962
0.9839581911444265
0.9866381990876469
0.9916421271435996
0.9876434737737612
0.980376172308155
0.9673991650504585
0.9648642697618823
0.9902798808186392
0.9708395132761338
0.9613673868616329
0.9957024161971159
0.9598601582535125
0.9920595388086378
0.9823402919180194
0.9737834757704099
0.9753987930090493
0.979885167734678
0.9753307795133302
0.9873597097834712
0.9839489781402627
0.9799430027203248
0.939926122739939
0.9880657305304387
0.9746609882570966
0.9693952159147846
0.9780228562295213
0.9818462038652236
0.9964940563298718
0.9884294226553406
0.9862779512662123
0.9806295025676022
0.9668802592422213
0.9889320288345403
0.9897079824690993
0.9652212727665566
0.8710111783187637
0.9861250005060913
0.967998029269822
0.9860847500634357
0.9860497948147351
0.9710011661647794
0.9934191166096257
0.9928662611699332
0.9855128303922324
0.9720333964183179
0.9879622335450873
0.9877829974823232
0.9727722697979607
0.9769088177128783
0.9839273887008085
0.9811155475211696
0.9835387051251162
0.96335671050601
0.9768694277910432
0.9796328013093538
0.9851493177943137
0.9911474118593859
0.9748707006517151
0.9638397100103884
0.9900790542925028
0.971723044397463
0.9915727708436082
0.982873417721519
0.9835224776359404
0.9790325055843219
0.9877703157737204
0.9753006554445927
0.9554648604454843
0.9751363349492274
0.9824030479297141
0.9666149025313955
0.985061289365645
0.9858369860581978
0.9883100613704183
0.9902979848450274
0.9728303269101249
0.9558931634403333
0.9781933683368044
0.9933658744734649
0.9820267248497707
0.9880874382035857
0.9929075973586914
0.9740943678245414
0.991401092764593
0.9930893752666446
0.9944328111086376
0.9935185312964318
0.9811992205561794
0.9887145379276756
0.9884135302525012
0.9920718895696847
0.991743167973556
0.9559129726304354
0.9852572145545797
0.9931462547694353
0.9735780190882093
0.9820335101427454
0.990123423399057
0.9829454408580074
0.9896593751595283
0.9844946925364391
0.9902123042186832
0.9698400785635015
0.988537537987135
0.9909758874055676
0.991807794572065
0.9823062338354172
0.9950046337108113
0.9766013034365938
0.9915877112191207
0.9706645467150437
0.9789187287995157
0.9871683102774683
0.9673174135387931
0.965176167622615
0.9799608345480513
0.9932006494164395
0.9881677784282522
0.9876728705739968
0.9888295982239121
0.9740639582457925
0.9702721073191864
0.9822378929600256
0.9950759878419453
0.9825982271812322
0.9885227957739776
0.9778700130891963
0.9916711287675966
0.9838135359462373
0.9728072470403558
0.9795868531618244
0.948581780110482
0.9921649672047781
0.9860204368112158
0.9840903447307904
0.9947416426734653
0.9548632051401003
0.9832088243908275
0.9714911901359967
0.9798859478882963
0.9932008531215075
0.9442481675944828
0.9875042058731393
0.955424334937968
0.9825148977218431
0.958023257220992
0.9919135958662387
0.9875156949161112
0.9778107740556743
0.9354665685236546
0.9891488640217023
0.9929024399545074
0.9485300172939142
0.9828363930738424
0.9862103660007305
0.9791801462742082
0.9863461412151068
0.9744095483740454
0.7921072923551443
0.99160003882335
0.9889084797581927
0.985455578150911
0.9911691055216443
0.9938985518528415
0.9806599922803926
0.978088268160657
0.9240059865825196
0.9897540611341019
0.9830837273488224
0.9879668562948306
0.9898718902844262
0.9862906499879381
0.9647612531929742
0.9952810819618706
0.9840705877527582
0.9907060176312763
0.9826672653794342
0.990963909125596
0.9942397807041914
0.9749559113199968
0.975536593426148
0.9881398368297502
0.9907070786901657
0.9899476129089171
0.9948713538876064
0.9865334225173203
0.9908610525783145
0.9908743745061891
0.9842985982831686
0.9740924201533231
0.978363449634996
0.9944797738915386
0.989673478017912
0.9832754651119611
0.9691155506475253
0.9820559277485547
0.9749772645851131
0.9917005393876637
0.9893317880579615
0.9904691377861922
0.9900900160193505
0.9865551338994257
0.9769729599903929
0.9861206451987473
0.9851877995886986
0.9930439872836365
0.9913387693030369
0.9776030567529784
0.9799481311225556
0.9853696136427339
0.9945428539993398
0.9876472410155154
0.9424151301985344
0.9755047210758331
0.9877958477953701
0.9820612001377443
0.9842666489103655
0.9886600089552904
0.9802107638868481
0.9792944996285392
0.9961679737913234
0.9865461269288188
0.931426213897704
0.98904171063324
0.9935597599183551
0.9708647249564607
0.9910260523773979
0.9851794697694516
0.9899874235562729
0.9714360549647918
0.980992992992993
0.9623040120647963
0.9754768637601542
0.9849638792030566
0.9893241653849634
0.9950228588384994
0.9905763543981676
0.9900091006212163
0.9537987141420544
0.984228182584225
0.9891390849205765
0.9877761704081324
0.9814393751218077
0.9868814803074354
0.9872284066421984
0.9776735982176011
0.9757049060962137
0.9881310018526857
0.972387600567913
0.9853588880543733
0.9733890921286331
0.9830336758492836
0.9832365098610142
0.9371551117897124
0.9827596545035362
0.9920375996574434
0.9897862494154183
0.9884850786009204
0.9505328087422896
0.9826390769730784
0.981405285289083
0.9883757905522382
0.9929123852851204
0.9693900874635568
0.9808834581146647
0.9541633892927783
0.9822938247677605
0.9954068241469817
0.855455919395466
0.9736361968266498
0.9755250886265739
0.9736776917360446
0.9667314312983605
0.9827941696834427
0.9715967292658819
0.9767135915577634
0.988134406720336
0.7937042841553852
0.9866954869004584
0.9927439458689459
0.9514305597314622
0.9941643833686686
0.9803385273449434
0.9827350354276432
0.9750063793497092
0.9839315421379728
0.973268881413434
0.9834169650923578
0.9711459839007617
0.9942637421825907
0.9716461790414553
0.9865147015598552
0.9729437020878058
0.9816681630852004
0.992179008553471
0.9888474884441543
0.9906529533525541
0.9723825023425556
0.9849453840219358
0.9869411058223019
0.9907421102510586
0.9698279932546374
0.971103248942655
0.9571380484643178
0.9748617969085445
0.9824395905553681
0.9766976240078399
0.9828059770089786
0.9904100572459531
0.9872501789618279
0.9893457607816106
0.9894388265362818
0.9872846098540234
0.9909255527256287
0.9869445785397237
0.9868668022411753
0.9937128633552007
0.9919664968691485
0.9813408891660566
0.9638078587843839
0.9591929136143585
0.981243123238084
0.9869841141517443
0.9843419616670077
0.9817096540083012
0.9853460940333278
0.9928754880776375
0.9932702978647845
0.9889799202662668
0.9901008993844257
0.9975117117926152
0.9922791501772914
0.9844961749351545
0.9807626379106152
0.9960155239327296
0.9929704433409514
0.9947892751582434
0.9259532993048017
0.9848574369992391
0.9625747712878254
0.9867107888169373
0.993328715632212
0.9745005448601526
0.9929426984587246
0.9823840428997419
0.9735988223582677
0.9844345152032437
0.9894305988971059
0.9831518458603955
0.9791990090169802
0.9773048851057475
0.9401654342195763
0.9873783126839815
0.9771947032859245
0.9616487215382715
0.9700481127600461
0.9697663308897573
0.934025384209886
0.993255035997382
0.9947883429057647
0.9944235279803708
0.9895047448805236
0.9885547919292241
0.9697293757528604
0.9687269695311219
0.9925087134074284
0.8863229699845053
0.9934924078091106
0.9831716318032024
0.9927816889792094
0.963254537754895
0.9821170441105611
0.9786479934304874
0.9948537420542634
0.9903668455078014
0.9853633821085485
0.9880919150227782
0.9942825641403514
0.9922789391558846
0.9941054249444982
0.9841183503333585
0.9804716388537338
0.9882452310972798
0.9831447293513494
0.9895027671665757
0.9234616956757322
0.9863732682078583
0.9795784357000006
0.9919901001726815
0.9652949653811209
0.9685936607405612
0.9599929668624021
0.9500091154204128
0.9808092128772374
0.9933065226972234
0.9838804403103827
0.9927259828445599
0.9854907623952596
0.9761550988755332
0.972013234900924
0.9858739201674401
0.9769784172661871
0.9928612364583276
0.9806445120610986
0.980497985707444
0.960562593066858
0.9482327903032866
0.9776889840798273
0.9906195610406636
0.9805312200526055
0.9688151955487786
0.9963383762280754
0.9908709467166368
0.9805962304474551
0.9590987195504042
0.9776992383891682
0.966971617018071
0.994993425710529
0.988790387253119
0.9905737333454183
0.986679421856622
0.9294300352469187
0.9899706782316567
0.9803235727674753
0.9403579918892463
0.9819984868938304
0.9887287509238729
0.9869444444444444
0.9763679096563387
0.9789532016707136
0.986396878321171
0.9847799981109927
0.972321587938863
0.9111600130405145
0.9975569445768121
0.9873056768851942
0.976111372821263
0.9971011705226136
0.9945121356857394
0.9724149217382622
0.9852368220015278
0.9883164757641322
0.9925870976704928
0.9789835778116549
0.953088702124813
0.9894110342216909
0.9945636605119925
0.902093300807431
0.9894622889717167
0.9763637377065425
0.9343642178105392
0.9794791888693709
0.9872612724229284
0.9865884854009418
0.9724507880713776
0.9830431713132551
0.9836541721845831
0.9413571499697441
0.986272439281943
0.9813585512083565
0.9903701243072189
0.992608364213382
0.9848587302804481
0.9848004582776398
0.9899917347932471
0.9945950932736111
0.9894354012923272
0.9581071512862874
0.985595487197187
0.987838306613431
0.9926797585922291
0.9872513086405038
0.9817912383069372
0.9891565852447367
0.9930592923925472
0.9722510074841682
0.9917687534162889
0.978915295551493
0.9834521039616874
0.9692329733698669
0.9938627779141195
0.9886572398819796
0.9495296666728097
0.9945231017403883
0.9880258715834578
0.9535207629709309
0.8377453089630142
0.9858382133040793
0.989803359605127
0.9476360821826734
0.9887632516171905
0.9694258036224469
0.9892647203060123
0.9882180193345323
0.9860668179982452
0.9757315447601718
0.9943536993179716
0.991434002264678
0.9851684098912176
0.9529142969854367
0.9841941152571577
0.9729617951762827
0.9908144519289651
0.9883052503940308
0.9835572230676392
0.9813582058532715
0.9697166686566636
0.9809256515231637
0.9921107751892031
0.9710171034630496
0.9898773083415212
0.9928979144264567
0.9924639237979352
0.9852583421081297
0.9883510606073719
0.9673623243413206
0.9793992360373774
0.9805202353598785
0.9843513596549706
0.9805371624429572
0.9954912129069432
0.9944740087032732
0.9880465942466541
0.9816139249954537
0.993906501356819
0.9862817161612389
0.9765099633022556
0.9640114123368806
0.9886899000325327
0.9834933570006993
0.9832279398467751
0.9920887334667842
0.9506824002713228
0.9833324137423674
0.9905761981690899
0.984393411085728
0.9898494356286209
0.971907394609537
0.9705336752108565
0.98146084981983
0.9719159483151392
0.9899225118206368
0.989146700516714
0.9813321711338708
0.9767917736341407
0.9866299217698792
0.9559159242254885
0.9534090503232259
0.9887170808942085
0.980588660166125
0.9676742304190971
0.995856819081802
0.9876107929343825
0.9906646739356544
0.9762714958904799
0.9601171420411191
0.9827626012940451
0.9849680571213829
0.9601323825927471
0.9741839245239157
0.9641144750960977
0.9918838988759516
0.9793220361809655
0.9923581850689539
0.9765773486670501
0.9835436513549943
0.9971870510628555
0.9943992447301419
0.9727777011177039
0.9895713281799016
0.9870873653242714
0.9360273463253376
0.9935250089105382
0.9926782968508533
0.9931055722193898
0.9876247232898796
0.9785515089025597
0.9903072366649714
0.9804532252506523
0.9907897515053113
0.985076644407797
0.9905283856851612
0.9758742613581324
0.9918695254724236
0.9887329741726477
0.9886581033069145
0.9924961963574529
0.9680598130841122
0.9752699346173679
0.9914153853511561
0.9733968019063878
0.9658516492826995
0.9824127086088772
0.9882047356731457
0.969641975166837
0.9903013724749651
0.9784468740868894
0.9834975656167537
0.938974452382398
0.9834618083806552
0.9740563272233672
0.9879232511310968
0.9866617661007303
0.9814622118668989
0.9875670827635893
0.9869701515501192
0.9890967132076056
0.992890027269616
0.9901931341928939
0.9917104570781884
0.9942724538031801
0.9840567365380343
0.9941152868797646
0.984172696987077
0.9693830517849323
0.9823230871876116
0.9785091078954601
0.9863158245031184
0.9853011417345652
0.9760033641299642
0.9840135580719762
0.9849327970675084
0.9867650696792282
0.9890166121456898
0.9920281254121289
0.9809320837802744
0.9880782774238502
0.977605581636358
0.9842102682292944
0.9563880664996584
0.9782571725136883
0.9910632494883231
0.9916335045167218
0.9945053638115173
0.9716267567404548
0.9469908444348331
0.9893861188713144
0.9617611072876042
0.9963912834926997
0.9866201688825766
0.9981274355107271
0.9783788902215769
0.9752299971633391
0.9907307503678273
0.9934482328547153
0.9829803248771093
0.9958448529530646
0.9899366056388498
0.9909246014648858
0.9825332767733281
0.9929328118229297
0.9799653947727893
0.9948608072877648
0.9873580939032937
0.9867301465847662
0.9496726096803856
0.9893573551263002
0.9862320884126063
0.9667166487596963
0.9893515618893517
0.9930727410523711
0.972942971676579
0.9895735809958931
0.9882284645402651
0.9863761969025127
0.980522707491921
0.9854199942662899
0.991280366910016
0.9912215798648123
0.9867686723421786
0.9637087698034802
0.9923606651757046
0.9931980169924385
0.9788379726242421
0.9984222672255452
0.9773851219288234
0.9921705462663731
0.9729950314673733
0.9743344746850005
0.989866925422789
0.9934697358278144
0.9901697707805409
0.982208354394287
0.9816464323073509
0.993473498336777
0.9931595106140991
0.9915275676605563
0.9897242054557043
0.9895710200802526
0.9829194026556441
0.965252266410413
0.9898915348491546
0.9839922024931275
0.9799473418770147
0.9707457048949922
0.9729074275081407
0.9905307400104183
0.99024638284103
0.9882795375779917
0.9871059705139692
0.9931338233723261
0.9409497357121601
0.9884589963902588
0.9900876289429292
0.9897142153239714
0.983938549180308
0.9236311925960363
0.9822969420640696
0.9787904083456542
0.9704448951758906
0.978410907754794
0.9823800082301448
0.9838873849485652
0.9686292082131086
0.9856794855941635
0.9404372233434527
0.9494664656483329
0.9629920700790544
0.972109023551204
0.9951739859480883
0.9843762149384949
0.9936628423196783
0.9691616273698853
0.990800090869498
0.9813739201974496
0.9910667394912085
0.9716892050674015
0.9888077736381029
0.9855561417242436
0.9850527126558514
0.9933889200532176
0.9462667647381023
0.995292331055429
0.954322087045408
0.9797272624816861
0.9799314733235438
0.9751732035499571
0.8340151045981357
0.9681258634093414
0.9922485973241261
0.9811491639378148
0.9771681801047506
0.9893760185337657
0.979166083540926
0.9940378700115847
0.9867115152380627
0.9891891980419035
0.9776993434580983
0.8401391690367882
0.9750224121244018
0.9705479578807114
0.9789351369067127
0.951470322161794
0.9896771940592278
0.9918129617330896
0.9869169006452884
0.9790977371502304
0.9841919641535768
0.9177561450673738
0.9837183895026912
0.9832672485126235
0.980488499202915
0.9822254646747691
0.9800952072616521
0.9878474693906606
0.9900856853594093
0.9798858568842789
0.9861386037066286
0.9904605233205755
0.9892559045428442
0.9935541016050736
0.9297540641934139
0.9843925153056825
0.9925935346794647
0.992819319072233
0.9547722474250335
0.9926403394255875
0.9934732952694185
0.9933834960034625
0.9932458662832495
0.9934052612437871
0.9882180181882197
0.986788012940075
0.9466143979351024
0.9942142309074056
0.9792453800821954
0.973358653621214
0.9977207906241048
0.983371053478274
0.9888177783170049
0.9657951449253801
0.9932703859165336
0.9779947741980821
0.9919061963345627
0.9889341988101844
0.9866015289079414
0.9702693492638621
0.9618498941492158
0.9375276042561582
0.9718620736687764
0.9847755215103023
0.9649593148372231
0.9934603419696179
0.988133635299661
0.9943060996082821
0.9071156591820265
0.9892952555286202
0.9056856460961473
0.9886449730447251
0.972659836391073
0.9809116255263022
0.9872247920430406
0.989292098074264
0.9916451306683596
0.9858303790564494
0.9854653758253766
0.9901021809761122
0.9850373263777352
0.9804966904407615
0.9583975840282601
0.9855741987533495
0.9920579710144928
0.986594287908197
0.9921600990303281
0.9767944978419744
0.9887811251538984
0.9927282677935384
0.9844752830522067
0.9784889927289573
0.9842435048882239
0.9803331326510134
0.9790634893366382
0.9827738310813948
0.9537504008871156
0.9607299670691548
0.971096372717596
0.9865415483393012
0.8755967250269313
0.9886569180309668
0.9914069552293889
0.9805109451052865
0.9892770818402544
0.9748106358589378
0.9944064710981012
0.9723668946757871
0.9816429134874255
0.9934190543687355
0.973449317938497
0.9950459880080704
0.9736769192224367
0.9823683757365967
0.9964115960720576
0.9694076146454202
0.9841923337332367
0.9696924215650108
0.993543393063569
0.9955616055694075
0.9779322783648285
0.98830063973984
0.9865067466266867
0.9892624745340104
0.9933019656975284
0.984528316821234
0.9798012566589264
0.9841642668399123
0.9939109227570766
0.9820748655466185
0.9887564615989136
0.9410820966414051
0.8928768814675447
0.954225596866324
0.9752909120361304
0.9833139757614823
0.9922476418826783
0.9910951172685261
0.9952333263968369
0.975369376072315
0.9964418623984664
0.9898603380746238
0.9898191819157791
0.990078449972073
0.9732771888233551
0.9861292592220323
0.9203671028437148
0.9765000021470008
0.9782104617063356
0.9799625497305344
0.9796100565168377
0.9775286983727145
0.9921681835444215
0.974366892160764
0.9950990558314686
0.9924129850831571
0.9772494733674391
0.9932091090107559
0.9909801275865309
0.994791461928535
0.990731163709403
0.9975135757686657
0.9872489838111708
0.9763595576843733
0.9768570566782747
0.9685912766199749
0.9872821047178021
0.9940881397628337
0.9834563000893844
0.9835284459180572
0.979654875829021
0.985241711343216
0.9867072082493308
0.9824524634764092
0.9846873314083014
0.9942040480644674
0.9660348481280904
0.992541214657897
0.9897495282209642
0.9278615966252154
0.9924731741886781
0.9734982572395944
0.9857226050394412
0.9935884883361021
0.98326107078482
0.9772164318342662
0.9887080543063477
0.9769243390951489
0.9909472479735101
0.9812745565624219
0.9905990677510128
0.9900449007727198
0.9915804666827038
0.9705281330373815
0.9888366261360294
0.9870952752377317
0.9851366995341446
0.9845896541976821
0.9846592644220302
0.9812420833022875
0.990857951061516
0.9740557436832509
0.9745678673318382
0.9814300680984809
0.9895700174988846
0.9813542618702257
0.9860906543311335
0.9847935791507759
0.9930925566740009
0.9899949918369773
0.9949804922392425
0.9872030480341033
0.9954443306376408
0.9880138532265812
0.9864774428857045
0.9872641200366924
0.9755826506636185
0.9825140928512441
0.9856855554241097
0.9962037481979817
0.9734553474910888
0.9819726882358251
0.991628736034631
0.9934822950636181
0.992252109928326
0.9861202756131863
0.986742660899919
0.9878914679320993
0.9861227145360314
0.9777572027667338
0.9906137714798302
0.993608712929314
0.9950183685996765
0.9923922413793104
0.9957073306925855
0.9939442011667738
0.9926786414392961
0.9816970452132783
0.9970673457460718
0.981915742186162
0.9826124604464209
0.9829882729417224
0.991419716331547
0.9923115221064144
0.9910637099845984
0.9814102657127516
0.9404035121856302
0.9894185055015591
0.9883664896786742
0.9912077992933105
0.9900549441244887
0.986459232004205
0.9914357442481251
0.9876052264628415
0.9939933490035572
0.9796491397124166
0.9915529923679939
0.9949941085846545
0.9670770713118821
0.9845992211003329
0.9756459167131535
0.993939236065887
0.9867153408907501
0.9911991872179643
0.9881388055228423
0.9585409003936317
0.9589410304916499
0.9965452643359366
0.9718532738404068
0.9929058570907667
0.9875198510031512
0.9810217510834156
0.9484955545653235
0.9949611215591581
0.9840485578910548
0.9900532488347974
0.9715241172136257
0.9946621320032266
0.9921934085921225
0.9949896382571286
0.9817193450980988
0.9951994347134048
0.9959354847261713
0.9908757330537628
0.9829440870020434
0.9843842201910579
0.9903930344836431
0.9989283365967603
0.9724904113212538
0.9901768750482336
0.9883445914855239
0.9906015465089834
0.9873675003223221
0.9920938089076534
0.9920461214485449
0.988387280690388
0.9957137754494583
0.9861923666248781
0.9900566983740219
0.9852155520181426
0.9505005388202596
0.9789534786566462
0.9769447188694643
0.9772263384367508
0.9797015485086572
0.9903841319322239
0.9949674685001381
0.9911845646058853
0.9961538939236492
0.9780135590280288
0.9745910836408147
0.9839939464654983
0.989367345346751
0.9884244642703195
0.9762074514676825
0.989267627457479
0.9773478211927984
0.9792895124893873
0.9850487634610697
0.9792676469390249
0.9833357994117754
0.9886584219457704
0.9853397000921504
0.9889490630571713
0.9856715972497634
0.987523176083035
0.9955851569933397
0.9963837491698619
0.9952542481167731
0.9784316321746941
0.993196900698
0.9872364905590213
0.9868620401148723
0.9964157168566287
0.9970106302484526
0.9858573605337515
0.9932707554907501
0.9887333959255782
0.9804160742348275
0.9449950916748472
0.9906602337521608
0.9892706202261314
0.9937644372638297
0.9927964153831388
0.9864067250939009
0.9963176166999526
0.9940361831572206
0.9923156911471828
0.971340327091757
0.9569619143620984
0.9908836469709749
0.9864030752333882
0.9973277082228986
0.9798085242973177
0.9944005112991386
0.9862365517860425
0.993029014712664
0.9935543669164141
0.9940841191994865
0.992456184216385
0.9926148126594838
0.9825265496172585
0.9919936616488053
0.9865374817336386
0.990893807291352
0.9950708227154261
0.9952166715752485
0.9938293700199203
0.9782113540718058
0.9874717277457958
0.9905149752527082
0.9931050362657183
0.9958435289779775
0.9880600707117222
0.9687705436354643
0.9806333308861066
0.9773372897920327
0.9890507463789991
0.9859841468627436
0.9901774235634601
0.9835582098355821
0.9963017698330766
0.9985103430212572
0.9825555750643433
0.9776972106042902
0.9858453473132373
0.980506388465596
0.9932190645176123
0.9783852200559577
0.9925047947544823
0.927320875636098
0.9893883938713178
0.9923210514252664
0.9571602105547308
0.994343441150518
0.9857336273258288
0.9932754107834694
0.9942033744819111
0.9840519699116322
0.9915361924211482
0.9826389431720473
0.9977510770097952
0.9778619070358926
0.989933268110334
0.9906794939868186
0.9928115078383214
0.9961645671154656
0.9924376914508494
0.9516863908211948
0.989588969653509
0.9787715026201869
0.9921210993237793
0.9930493606898603
0.9946517141515052
0.9980004294967876
0.9950905948497674
0.9946957020057307
0.9854942385621039
0.9846456107909987
0.9844494355985152
0.9936047341435833
0.9953883858713146
0.990174134135272
0.9855432908744781
0.9796783386883043
0.9925761794362666
0.986512454506295
0.9675746579266953
0.9906026824788001
0.9929623679940736
0.9907273201409399
0.9803481463127875
0.9902322251255474
0.9829082468316852
0.9916145409557935
0.9889310843613615
0.991932505627462
0.9968858848360072
0.9910131276134542
0.99166452726508
0.9847987197509285
0.9940430925221799
0.9885599423472801
0.9843179450784675
0.9782360536706777
0.9889931019919758
0.9898755269930244
0.989030789570527
0.9636302969636303
0.9907076909407001
0.9914623265544719
0.9966245043417156
0.9865902323414427
0.9896582368336919
0.9739861243321585
0.9847150035066146
0.9758096349852732
0.9913997777328754
0.9848365880020744
0.9953743538110332
0.9887196578419529
0.9923415086264317
0.992768231161879
0.9920088113985752
0.9923516697149143
0.6273711421329146
0.9863106501273157
0.985258988581894
0.9853304926553523
0.9923262941148302
0.9862298375909371
0.9956908350773089
0.9946149323262362
0.9985804312863098
0.9934040710802491
0.9885659763498718
0.9789058261074314
0.9867747581151141
0.985115751874513
0.997461011052597
0.9925611932687405
0.9398447320965987
0.9132307055527255
0.9828938026104796
0.9961732570303977
0.9863712787839153
0.9743150075050245
0.9865367202020684
0.9933216979133992
0.991098019785808
0.9934094181059175
0.9926169528150709
0.9932485799583977
0.9900169385033124
0.9866252340728974
0.92033558658756
0.9926124872795662
0.9880870577853645
0.9851439842336417
0.9865283362338794
0.9949322236413827
0.9893719012792067
0.9652750495524723
0.9941982614059097
0.9844176753011529
0.9972386130581352
0.9972502647713251
0.9973814353414231
0.9402407566638005
0.9931284119246063
0.9870352030251193
0.9852580277211296
0.9671534637433982
0.9845131176664378
0.9782495857794505
0.9695168877534757
0.989773445847234
0.9909849773043466
0.9899308946318351
0.9837859910399355
0.9930532487276413
0.9928336741347548
0.9949601190884665
0.9864170892986279
0.9841439186593681
0.9893678320614706
0.9854049115355648
0.9897679588623632
0.9847240302754513
0.99425427690671
0.9941852057102066
0.9938453402387096
0.98506043837141
0.9839159262099139
0.9713561535775711
0.9934311600521522
0.9940080241198396
0.9901647479820987
0.9973330390479869
0.9724688424825977
0.9915201031316184
0.9927513889126798
0.9835502519741521
0.9969077877276709
0.9947935541542847
0.9841531325248974
0.9719050971699607
0.9872786787680404
0.9749933174180346
0.9825632480616979
0.9890617465675202
0.9917434733898831
0.9764602542433954
0.9899994359662266
0.9934100111283091
0.9864762973246547
0.9881898219986568
0.9929868929548997
0.9918494479074705
0.9933679158055042
0.9875854796446604
0.9921818737315322
0.9904647064618168
0.9943393159369293
0.9959122061034357
0.9887542827489006
0.9915474135085336
0.8850892279612702
0.98686993589535
0.9922134940484387
0.9809798153970991
0.9905907876321548
0.9907280167922562
0.9945081832534416
0.9914162215360246
0.8403435604409666
0.9825277751400626
0.9942810961118302
0.9845939486397153
0.9919759446735913
0.9936658168445277
0.9882644059913961
0.9922175774997936
0.9942431439254136
0.9911433515726873
0.965074253910557
0.976196929973418
0.9916698514913435
0.9961795606494747
0.9873182670530648
0.9923048234434757
0.9938678630398887
0.960609999133524
0.9911602685256629
0.9251128906014812
0.9931390660471859
0.9886756475137941
0.9887238148380647
0.9636520384893487
0.9772958355868037
0.9839913869918621
0.9933787140294261
0.9339984273638687
0.9870515373912094
0.9891342351757163
0.9941857180091461
0.9911779670753524
0.9902513363696116
0.9800549576934587
0.9677294981194939
0.9902641494998183
0.9535494459079081
0.9872041762245948
0.9925105049591274
0.9959259564597602
0.9795006029234434
0.9884743306457601
0.993105993039241
0.9930710438992547
0.9922636925757975
0.9772945810974286
0.9932825609199851
0.9904891745382542
0.9870242256707279
0.9811008537243014
0.9957609977608496
0.9933807119797197
0.9603390767746528
0.9973671232440859
0.9893894951285993
0.9832093793030897
0.9831493967551128
0.9889386107508813
0.9889140427224266
0.9921951354970115
0.9922085281201304
0.9860696301844281
0.9875130004127115
0.9985405720957384
0.9848914827022368
0.9838269506084467
0.990899417061085
0.9918994152359083
0.988513752668897
0.9928677976250943
0.9888356352920222
0.9931348669962105
0.9878792350771834
0.9408717191160452
0.9905774980558467
0.9896137048731894
0.9607570341663279
0.9910937452058222
0.9826097396540419
0.9896282741853732
0.9870020825757826
0.9955881088517261
0.96078673557108
0.9938563706425947
0.995221152140569
0.9627339785954888
0.9879108769504633
0.9841254500205379
0.9911630518901794
0.9927390175142623
0.9833630768717581
0.8440047688488418
0.9971110343950433
0.983661662312617
0.992666806935901
0.9933265682102397
0.9955082821697657
0.994994635275757
0.992477392729259
0.9757355094142659
0.9941970212412877
0.9914763419218632
0.9935273815227275
0.9913203180034216
0.9863850716501993
0.9864967455617409
0.9732592381495203
0.9951332432990154
0.9813747828255714
0.9873086692849176
0.9896157883164135
0.9914152065758166
0.9883538269866204
0.9841925083386291
0.9907718963874209
0.970026067864162
0.9902461568398521
0.9926058894183176
0.9939467632364992
0.9915063344133387
0.9887826785603923
0.9875258397932817
0.9961969352755133
0.989200912500406
0.9864857831826934
0.9954295777600738
0.9910384709184328
0.9896434288415467
0.9163098621955169
0.9926330065365818
0.9767064285018033
0.9922925363022612
0.992157122333201
0.9264846915533818
0.9932263726483894
0.9323291033403908
0.9951548645160259
0.9610419603252344
0.9964129898549486
0.9925018524184659
0.9936049801924165
0.9855030298856907
0.9874194012736957
0.9949767802279957
0.9009342353536748
0.9905801209372638
0.99289197170524
0.9934517282189153
0.9931883365200764
0.9895020593147074
0.947584619353473
0.9957240873859142
0.9717472736241142
0.9863419934041031
0.9929727368729508
0.9941047547208904
0.9898977346278317
0.9896309333220242
0.9930279350521735
0.959275714269727
0.9768638719751638
0.9768282551586321
0.9929544346690775
0.9759033713759222
0.9974866013675846
0.9311679843508028
0.9849073319950958
0.9854036274955342
0.9961456039049943
0.9923377322919472
0.9862184087658661
0.9932689663601088
0.9904267472632355
0.9874050026510888
0.9813531136242849
0.9597306354783566
0.9942888525915007
0.9952161615316648
0.9888783265617644
0.9870952994988683
0.9910772281985653
0.9921540032626549
0.9897518994857396
0.9874863003449684
