0
0.3424136778862824
0.43979555966332123
0.5465526757370455
0.4394924841820376
0.6443636767356861
0.7013151091919287
0.716079059236772
0.6574931274256145
0.7128540691613247
0.7360735381886536
0.7414242464130578
0.7651819262018691
0.8264433941415913
0.635145545589611
0.8010455392005292
0.7887915409711171
0.81789710419687
0.7837164045140776
0.8206441434508235
0.8312900371040944
0.8212454159200689
0.6059215456198338
0.7145488154161785
0.7632703185471866
0.8878710237371966
0.7009593270966382
0.8242129602181775
0.8937340443358008
0.6153786089366935
0.7967732395341082
0.7713434570951101
0.6822596431349913
0.8893524699599465
0.8350303112899543
0.7547085046825863
0.8773079924711932
0.888600810302795
0.717325699869002
0.8493637603064338
0.8411160239269254
0.8195470141275196
0.8671799308648276
0.9043221036903467
0.9035689045936396
0.7468334957181683
0.8640675891315277
0.8772438312754817
0.9031241301913674
0.8853374167724678
0.893256321794524
0.668503937007874
0.8893989071038252
0.897768983897284
0.9068751131462311
0.8687069629612139
0.8971157912543347
0.9220156405078888
0.8943904649659264
0.9052952263734173
0.9131284935501033
0.9009182125175517
0.9048855681843925
0.9006591242776966
0.9423974881246245
0.8515556556618166
0.9298866141390261
0.9409780828095948
0.9482521804136557
0.9153897093379285
0.9315588985063342
0.9450512749990178
0.8338176175612445
0.9131085962100046
0.91176
0.9418886198547215
0.9348833008631479
0.944770099718873
0.9306504423494485
0.9532491209792942
0.960766107238383
0.927130570758405
0.9483529561703785
0.9411342243014
0.9353574950010962
0.91552111972007
0.9497290471931393
0.9631550133120729
0.9409325541065765
0.9421684501943246
0.9567608288646817
0.9496038077723991
0.9523754629884873
0.9537900800326248
0.9614182333394751
0.9425495782181204
0.955612313482995
0.9564411492122336
0.9676364408579317
0.9664812337159355
0.8752682245014469
0.9694625843057488
0.9746216749694521
0.9670657039597984
0.9799613941308281
0.9118505715731359
0.9701262240839563
0.9576029947523069
0.8897639288528145
0.9679319362020555
0.9748996416472477
0.9706318374188623
0.9682467263983967
0.9494554509905891
0.9670649333112022
0.9628095799162399
0.9669634393412762
0.9607273242831319
0.9758814596619046
0.9752916504762216
0.972991583779648
0.9685050136736554
0.9734522237560771
0.9620657602771471
0.9792530967497173
0.9698992456602222
0.9642875100781108
0.9631736166455482
0.9770369178798359
0.9743370863688768
0.9802728688594333
0.9766793556596253
0.9747372955455423
0.9814795492487479
0.9666397088556409
0.9860428820928245
0.9746155939583617
0.9806706175758424
0.9770438391981203
0.9694820616266115
0.9823779872964001
0.9881287026961674
0.9792950822957494
0.9855963620558065
0.9867780177585793
0.981564187397776
0.9819185364102863
0.9872222063324085
0.9853554069011983
0.989646049338577
0.973665902548246
0.9891403388065529
0.989425852362036
0.98859939481962
0.9531314047496533
0.9904114369666072
0.9868238504403547
0.9821343013082243
0.9549574266534537
0.9860502708073838
0.9943296480172339
0.988883666800949
0.9881732321119014
0.985126150126486
0.9843290348579489
0.9870033095715603
0.9886171810874851
0.9918456521959271
0.9878228958154609
0.9895905183848889
0.9582220258556842
0.990558516320837
0.9888484510770196
0.9888451415533699
0.9912779859898357
0.9884723311288979
0.9928463803613446
0.9900680731564261
0.9890014479441576
0.9708748928821123
0.9936353036352381
0.9781695452398911
0.9910465042507296
0.9902137734487596
0.9851903998669967
0.995343830183059
0.9936173182408196
0.9940501896486625
0.9933704570915293
0.9932112611191185
0.9910516001034274
0.9830115389009483
0.9837576727931068
0.9897467453437896
0.9893367020738666
0.9941005139335367
0.9854645915830187
0.9973491542539763
0.9941462675693125
0.9934386484102008
0.9944243173806293
0.9930140634971154
0.9965491793907015
0.9926452087405888
0.9963733304127483
0.9964969122981917
0.9927430600682138
0.9944876950132151
0.9895040069570679
0.9959629669501561
0.9961828293132383
0.9814576214217691
0.9870346097984343
0.99589814460878
0.9973530092975549
0.9895323707450557
0.9951471385255387
0.9970984455958549
0.9931994014086541
0.9822960904594628
0.9955279577764907
0.9961601680708858
0.9953349079378335
0.9944385055813985
0.9953770586535683
0.9924177249761027
0.9944511429907232
0.997092942772502
0.9975019727339709
0.9974684592498831
0.9953262059856174
0.9947845860658379
0.9944945101634652
0.9963141010014334
0.9951109387551591
0.9958038895539937
0.9951777264673344
0.9873280623849237
0.9971201474484507
0.9983744418917162
0.9965495004002728
0.9947465696395948
0.9933728655507993
0.9981366355909478
0.997940187161923
0.9987857879368995
0.9979087363127966
0.9971081234023456
0.9970266951069744
0.99646194364605
0.9960313981285032
0.9948620459333094
0.9974082148698772
0.9976465161935061
0.9971018304494945
0.9962226368725253
0.9977825803111141
0.9981808430451673
0.9980300759407197
0.9926184787647542
0.9962197748517885
0.9982535332366059
0.9965234196003426
0.9976170363649637
0.9925160845408167
0.997765565280322
0.9987401269564374
0.9927508647655616
0.9974327069308405
0.9971449158863614
0.9973927432437265
0.9921148466301747
0.9988843732568332
0.9963735267452403
0.9951678788482614
0.9981903316066228
0.9988780889784653
0.9982110702262585
0.998541856102496
0.9983959670027498
0.9977738441690919
0.9964688555424772
0.9975921573123889
0.9950008656509696
0.9969905649347268
0.9966125412175455
0.996208565032137
0.9981774393022196
0.998354868087033
0.9971455319006661
0.9981453043380034
0.9978451013482861
0.9983330270653401
0.9977944971922854
0.9979928117224219
0.9938939919351281
0.997581510432028
0.9970971006231707
0.9987076272797075
0.9928986058904696
0.998483057793234
0.9980094027100191
0.9962415035598849
0.9989477016514342
0.9982603630715464
0.9956211802474552
0.9987782741575988
0.9977549122764089
0.9975205537664052
0.9976712512008561
0.9827721399224957
0.999034957087432
0.9975670828079771
0.9986515680958111
0.9979244030893919
0.9981968264144895
0.9984996858547999
0.9969095454229108
0.997978600174898
0.9971426481283054
0.9982714855100993
0.9991666762782436
0.9981286823292057
0.9982378496893906
0.997225412054622
0.9976370030083747
0.9984367716777135
0.999354529578781
0.9988634202775694
0.9991555231882486
0.9978028876333961
0.9994240059457451
0.9964130156290033
0.9987499626184994
0.9982503555492565
0.9983801531733236
0.9980570318303903
0.998734324845137
0.9988098224077981
0.9989539748953975
0.9981285464975458
0.9993896806545263
0.9985635440761534
0.9997496489924017
0.9991596787542997
0.9983696382171623
0.9985886243119544
0.9985039719433427
0.9972249357883809
0.9984455624417086
0.9957755450742671
0.9997666310227482
0.9981288684068891
0.9986021623896509
0.9993789477542343
0.9988167493807087
0.9990134043484389
0.9990911131969823
0.9977833772237273
0.9984689769679069
0.9991716932312575
0.9992148996032839
0.9995541852422816
0.99810631317846
0.9989991808582184
0.9992329890306315
0.9970608180183475
0.9985509985509986
0.9984698469846984
0.9995946710560156
0.9993108992764442
0.9993913985622276
0.9993683412641596
0.9983229548984838
0.9989208221217152
0.9970608817354794
0.9990306324942572
0.9986937737603502
0.9994849971539317
0.999118202813353
0.9994431628350966
0.9992585495495929
0.9993385618444676
0.9993942831870319
0.9991840551269032
0.9993222143216529
0.9996332783942853
0.999248338155447
0.998951277988777
0.9996337644283112
0.9993770602434656
0.9986525244465188
0.9996931820889832
0.9990865244080678
0.9996668616331409
0.9996970754006866
0.9994197623187884
0.999291976840364
0.9982846119277016
0.9984146237121964
0.9987571457604861
0.9994347480434989
0.9994494898138083
0.9994613029710925
0.9994469778862743
0.9985379195225271
0.999713202558765
0.9995149869046465
0.9993506087703139
0.9996558946395266
0.9989682070189437
0.9988718407531042
0.999608622821986
0.9989311597351361
0.9992230321523422
0.9995387381260489
0.9994074074074074
0.9993818827053241
0.9998362467761084
0.9996622856580883
0.9994503024918917
0.9995899870522227
0.999380613192939
0.999621600223547
0.998836021066507
0.9995803995415098
0.9995806045746363
0.9995273628278025
0.9995455696592009
0.9994581269509337
0.9996663295739798
0.9993433538601985
0.9996221638272029
0.9997468271727945
0.9996827312622858
0.9996984571055233
0.9994370252526384
0.998758204718822
0.9992729885119279
0.9997354286757854
0.9992658930796177
0.9995268188918631
0.9975220579809786
0.9995775340990334
0.9995915206494822
0.9997321582928257
0.9994581234889982
0.9990048200811725
0.9995616453852572
0.9993375603293272
0.9997483970294875
0.999504440808445
0.9997354824671806
0.9994521092193037
0.9998366354156267
0.9993044268045347
0.9996992527587776
0.9996674075284475
0.9994129222339396
0.9998287567741806
0.9997343981829172
0.999734802722692
0.9997855474583475
0.9993979199622727
0.9989410231345716
0.9994715923095884
0.9997556266953398
0.9998634667313936
0.9998636373966864
1
0.9996938791950634
0.999668754731168
0.999703169324992
0.999231265188712
0.999663153530734
0.9997993095083665
0.9998264352124097
0.9992102504559552
0.9997164842878525
0.9996638120982214
0.9997949348918281
0.9989860619216269
0.9995080122531543
0.9996275716675146
0.9998128596836879
0.9998565279770445
0.9997294665079537
0.9997312647403296
0.9995256720491474
0.9989852310624107
0.9998837085484025
0.9998151784682916
0.99958071278826
0.9996590934577343
0.9997822942734772
0.999800350898421
0.9995717784895771
0.9998812752075102
0.9995725209544635
0.9998756531998071
0.9996706245972572
0.9998191573967707
0.999504797276385
0.999716935006562
0.9998163267724467
0.9996209667415544
0.9998479852194859
0.999927403664663
0.9999150319893078
0.9998480249954184
0.9998129151767952
0.9998818794166024
0.9998279738051021
0.9996924879800201
0.9998952909483785
0.9998475261111535
0.9997611250871894
0.9997866908642744
0.9998451700426151
0.9990740204872968
0.9998392599305492
0.9998199279711885
0.9997921390778534
0.9996623756973316
0.9998174565982628
0.9997592681752527
0.9998412230362692
0.9997006525773813
0.9997046101909484
0.999956118917733
0.9996918810660915
0.9998431286958538
0.9998381579197898
0.999794088038803
0.9998652851292054
0.9999360076261257
0.9998526808342759
0.9998568367964596
0.99992062890131
0.9999215219509643
0.9998605377663728
0.9998647088213409
0.9997200188813713
0.9999447978066328
0.9999374779653246
0.9997697410765601
0.9999413534249599
0.9999426966935993
0.999889748975826
0.9998818508717328
0.9998334406215816
0.999709358052328
0.9999009253571641
0.999814574448359
0.9996925380630837
0.9998102196707311
0.9998235792246895
0.999942877758403
0.9999533096457602
0.9999019448537858
0.9999469575749004
0.9997319714585824
0.9999367137989926
0.9997895071371526
0.9997153994756451
0.9999059043850852
0.9999314037199762
0.9997214623051567
0.9998283683863846
0.9998849102299794
0.999910178464164
0.9998517443861423
0.9998506306705023
0.9996929072156215
0.9999280658711095
0.9998864279269521
0.9999256634076266
1
0.999894040195244
0.9999375296083627
0.9998160750413831
0.9998213137016654
0.9999184402144116
0.9998738514691154
0.9996637040595724
0.9997977802721467
0.9999647427987166
0.9999297756602439
0.9999717958300135
0.9999225163978884
0.9999230676235589
0.9998380428994164
0.9998738108039897
0.9999528069737809
0.9998892895839647
0.9998804522679463
0.9997550100445882
0.9997892163062265
0.9998809766714276
0.9999221789883268
0.9999266353888875
0.9998715255696236
0.9999089289934349
0.9998091420937112
0.9998783487160501
0.9999465367364868
0.9999527292416911
0.9999021253849107
0.9999003510886064
0.9996939767293008
0.9998613591425393
0.9997547767285481
0.999954882808094
0.9998978806837909
0.999856371164935
0.9999319835853719
0.9998258800813709
0.9998225928061383
0.9999004413765639
0.9999552354497542
0.9999709948080706
0.9999712911517415
0.9999426840613193
0.9999571369787856
0.9998972148151629
0.9998481232371447
0.9999451141821033
0.9999466472656724
0.9999164184262622
0.9999409856285252
0.9999376244911198
0.9999540462294931
0.9999435705108171
0.9999042212636162
0.9999587368394324
1
0.9999667172072039
0.9999739577229675
0.9999860389791702
0.9999562395447321
0.9999364837398373
0.9999254873414457
0.9997129498269419
0.9999529160650386
1
0.9999553525958977
0.9999464954521134
0.999945945638382
0.999897827123493
0.9997466430200151
0.9999312128549417
0.999960182251523
0.999940817896668
0.999872667118918
0.9999135577949259
0.9999260910103928
0.9998366666564902
0.9999893733838688
0.9998778287346816
0.9999599283719649
0.9999652645107506
0.9999524647050435
0.9999740396846687
0.9999526847996539
0.9999264246036126
0.9998988366211431
0.9999481717587914
0.9999759719352204
0.9999620304722718
0.999970613396373
0.9999607021220854
0.9999453320694108
0.9999731929358024
0.999990088116643
0.9999911381411871
0.9999741605709105
0.9998895864627868
0.9999777206766973
0.9999592406367591
0.9999864371838169
0.9999564844671306
0.9998655248678854
0.9999437251362501
1
0.9999448444317499
0.9998981128230673
0.9999615090011201
0.9998646963883601
0.9999618080088606
0.9996198433911537
0.9999651949950403
0.9998504854068602
0.9999854704897575
0.999885319323694
0.9999325072684481
0.9999758467233061
1
0.9999831695166285
0.9999532681972775
0.9999803060440751
0.9999219481735873
0.9999738880384368
0.9999684167722731
0.9999722336951051
0.9999030863758828
0.9999552187006706
0.9999874378171951
0.9999579254695427
0.9999768539950005
0.9999441312284572
0.9999282123069745
0.9999757322331946
0.9999768663104078
0.9999814687154854
0.9999832312676491
0.9999861528875076
0.9999921451328101
0.9999759810250097
0.9999614891874475
0.9999752653818407
0.9999716557305027
0.9999957612211074
0.9999491912947752
0.9999297032069397
0.9999833494288854
0.9999920654442161
0.9999574602253106
0.9999487588665461
0.9999366919429946
0.9999440431814465
0.9999002282279286
0.9999596722699807
0.9999873682189442
0.9999732033451969
0.9999465281851508
0.9999769637270847
0.9999787559483345
0.9999945125949664
0.9999330100877568
0.9999863227288891
1
0.9999427520064627
0.9999824224242992
0.9999248318111775
0.9999499666444296
0.9999128806028662
0.999969599261262
0.9999900650737669
0.9998831590065711
0.9999577245224193
0.9999842651015688
0.9999660725594861
0.9999831753569454
0.9999762646335127
0.9999632376593418
0.9999881880463029
0.9999895876356645
0.999955246382649
0.9999213651018322
0.9999868314491331
0.9999714144442041
0.9999831990940952
0.9999888163504955
0.9999941344501341
0.9999854243694826
0.9999458786599557
0.9999660610832624
0.9996802557953637
0.9999909521913792
0.9999441844023312
0.9999920864163336
0.9999830299224892
0.999982370099689
0.9998494692577378
0.9999644419158695
0.9999834705734885
0.9999860376490687
0.9999564597137098
0.9999681026547704
0.9999805647475207
0.9999360684493802
0.9999718970871331
0.9999825967656089
0.9999816346114113
0.999973075093564
1
0.9999858406077211
0.9998580523953658
0.9999874912047534
0.9999538335468532
0.9999963214331696
0.9999735891313993
1
0.9999730527626907
0.9999536405420083
0.9999601455683117
0.9999375234287142
0.9999862365117815
0.9999833614424117
0.9999805443685675
0.9999855707767829
0.9999940710056365
0.999809004947085
0.9999845917134235
0.9999946934400306
0.9999688812820912
0.9999764234351055
0.9999816607981221
0.9999733896762588
0.9999755936836453
0.9998498460922446
0.9999870682827002
0.9999919947741885
0.9999828128491141
0.9999821119790114
0.9999831908676973
0.9999645094316185
0.9999814350691544
0.999982898455303
0.9999816754624447
0.9999712797733017
0.9999857777055375
0.9999973812254818
0.9999769263744898
1
0.9999897575352533
0.9999788307518611
1
0.9999701414345955
0.9999907821187853
0.9999881611504204
0.9999864125204095
0.9999939922259403
0.9999934737776386
0.9999615382971722
0.9999114691691382
0.9999887223132791
0.9999877942352173
0.9999945073052839
0.9999786771290886
0.9999920412581179
0.999989171746922
0.9999799658847638
0.9999531834224595
0.999988896643614
0.9999862270043947
0.9999912438542802
0.999973056300784
1
0.9999978116294388
0.9999965892308375
0.9999840170484816
0.9999956649265682
0.9999966552946685
0.9999804341658596
0.9999925892989476
0.9999798440940676
1
0.9999844898718864
0.9999575841836134
0.9999928880291307
0.9999888615625891
0.999976271266877
0.999972669692739
1
0.9999929815449725
0.9999765565933605
0.9999698649951784
0.9999392780156056
1
0.9999750388817419
0.9999210135095108
0.9999920991087795
0.9999922245145505
0.9999948482553617
0.9999976282831973
0.9999926300972091
0.9999750865741548
0.9999901122588215
0.9999878007422028
1
1
0.9999786211344339
0.9999713509656771
0.9999846982494798
1
0.999994163315437
0.9999799560575107
0.9999982355255752
0.9999973952228387
1
0.9999859362518424
1
0.9999990536544788
0.9999961569206174
0.9999613828790994
0.9999977447305629
0.9999895765906904
0.9999893801174559
0.9999982706860534
0.999994298599451
0.9999876643468786
0.9999984679471564
0.9999944617668072
1
0.9999941664600621
0.9999974219295826
0.9999984388221225
0.9999887501406233
0.9999975815150357
0.9999859076329897
0.9999946961771371
1
0.9999798880627033
0.9999807120159319
0.9999937068922117
0.999986188417607
0.9999927605871888
0.9999954093905506
1
0.9999921833474034
1
0.9999885652304596
0.9999739459266317
0.9999944016899432
1
0.9999939372872998
0.9999968810770264
0.9999892146852846
1
0.9999869166459514
0.9999820647105244
0.9999915563361254
0.9999940033581195
1
0.9999755206452758
1
1
0.9999910425728598
1
0.9999881975726341
0.9999942063243763
0.9999908811956576
0.9999934727765829
0.999994969009096
1
1
0.9999910441010852
0.9999952223517495
0.9999974300128243
1
0.9999981309459283
0.9999943464176075
1
0.9999932545805614
0.9999933194823935
1
0.9999976144298368
0.9999956584031607
1
0.9999981632064537
0.9999892347716874
0.999997723215912
0.9999966734196248
0.9999975383221696
0.9999935880035822
1
0.9999971931124594
1
1
1
0.9999931617385596
1
0.9999770971386692
0.999990603240629
1
0.9999718908465353
0.9999977987895544
0.9999905997073375
0.999993305177887
0.999983404417744
0.999984756927432
0.99999705103914
0.9999952386545072
0.9999801114257373
0.9999982939462388
0.9999952255053505
1
0.9999946795775585
1
0.999996837354637
1
1
0.9999970353680591
0.9999983645700454
1
0.9999967578152863
1
0.9999951209992194
0.9999981144811618
0.9999934507254413
0.9999933896316372
1
0.9999974186687042
0.9999958458994874
0.9999966861081654
1
1
1
1
0.9999963666751445
0.9999973295662414
0.9999972855849633
1
0.999997722173502
1
1
0.9999899402956547
0.9999944521190132
0.9999911967956336
1
0.999998502516521
0.9999972872601599
1
0.9999912533893116
1
1
0.9999956151159232
0.9999970068841664
1
0.9999858276197645
1
1
1
0.9999987480485206
0.9999980642288856
1
0.9999973432165677
1
0.9999805173840599
0.9999978323777732
0.9999948237754347
0.9999959362726274
1
0.99999825965435
0.9999960817196549
0.9999871929674022
1
1
0.999988666500442
1
1
0.999987730588257
0.9999956449976265
1
1
1
1
0.9999963672822912
1
0.9999974183321652
0.9999980934986397
1
1
0.9999935652479264
1
1
0.9999940641017651
1
1
1
0.9999966186801018
1
1
1
0.9999937659358266
0.999973504669802
0.9999968893188541
0.9999935710501818
0.9999945957922839
0.9999965554300201
0.999991225376212
0.9999990220498423
1
1
1
1
1
1
1
1
0.9999922164450948
0.9999937530063657
1
1
1
1
0.9999932859996308
0.9999982211754829
1
0.999997870142594
1
1
1
0.9999975020982375
0.9999978784342844
0.9999966034973787
1
0.9999943985906854
0.9999959731732804
1
1
1
1
1
1
1
0.9999970509478253
1
0.9999981409080178
1
0.999999266423853
0.9999983728036917
1
1
1
1
1
0.9999986115064461
0.9999973633524446
1
1
0.9999930349991294
0.9999958151641711
0.9999962958710074
1
0.9999680472900108
1
1
1
1
1
1
0.9999937533185496
1
0.9999968184782781
1
1
1
1
0.9999962286778876
1
1
1
1
1
1
0.9999979479055298
1
1
1
1
1
1
1
1
1
1
1
1
0.9999974768262259
1
0.9999976869039441
1
1
1
0.9999984263801629
1
0.9999912499453122
1
1
1
1
0.9999984812302845
1
0.9999984025763249
1
0.9999914986227769
1
1
1
1
1
1
1
1
1
1
1
1
1
0.9999646580667962
1
1
1
1
1
1
1
1
1
1
1
1
0.9999984574756898
1
0.9999983601610978
0.9999961587068671
1
1
1
1
0.9999950018160069
1
1
0.9999970866205964
1
1
1
1
1
1
1
1
0.9999976667242209
1
0.9999985092360282
1
1
1
0.9999986034182734
1
1
1
1
1
0.9999992503354749
1
1
1
0.9999978123044747
1
0.9999983259507762
1
1
1
1
1
0.999998687176471
1
1
1
1
1
1
1
1
0.999996618285606
1
0.9999977495724187
1
0.9999975199827391
1
1
1
1
1
1
1
1
1
1
1
1
0.9999983353087669
1
0.9999918951557346
1
1
1
1
1
1
1
1
1
1
0.9999983254097303
1
1
1
1
1
0.9999960748910782
1
1
1
1
1
1
1
1
1
1
1
1
1
1
1
1
1
1
1
1
1
1
1
1
1
1
1
1
1
1
0.9999949222597975
1
1
1
1
1
1
1
1
1
1
1
1
1
1
1
1
1
1
1
1
1
1
1
1
1
1
1
1
1
1
1
1
1
1
1
1
1
1
1
1
1
1
1
1
1
1
1
1
1
1
0.9999944489469652
1
1
1
0.9999987585027046
1
1
1
1
1
0.9999942804850148
0.9999990143316183
1
1
1
1
1
1
1
1
1
1
1
0.9999988776957748
1
1
1
1
1
1
1
1
1
1
1
1
1
1
1
1
1
1
1
1
1
1
1
1
1
1
1
0.9999993673376684
1
1
1
1
1
1
1
1
1
1
1
1
1
1
1
1
1
1
1
1
1
1
1
1
1
1
0.9999928251550065
1
0.9999976633712412
1
0.99999891408572
1
1
1
1
1
1
1
1
1
1
1
1
1
1
1
1
1
1
1
0.9999967970686773
1
1
1
1
1
1
1
1
1
1
1
1
1
1
1
1
1
1
1
1
1
1
1
1
1
1
1
1
1
1
1
1
1
1
1
1
1
1
1
1
1
1
1
1
1
1
1
1
1
1
1
1
1
1
1
1
1
1
0.9999990274993995
1
1
1
1
1
1
1
1
1
1
1
1
1
1
1
1
1
1
1
1
1
0.9999976302924456
1
1
1
1
1
1
1
1
1
1
1
1
1
1
1
1
1
1
1
1
1
1
1
1
1
1
1
1
1
1
1
1
1
1
1
1
1
1
1
1
1
1
1
1
1
1
1
1
1
1
1
1
1
1
1
1
1
1
1
1
1
1
1
1
1
1
1
1
1
1
1
1
1
1
1
1
1
1
1
1
1
1
1
1
1
1
1
0.9999988373404395
1
1
1
1
1
1
1
1
1
1
1
1
1
1
1
1
1
1
1
1
1
1
1
1
1
1
1
1
1
1
1
1
1
1
1
1
1
1
1
1
1
1
1
1
1
1
1
1
1
1
1
1
1
1
1
1
1
1
1
1
1
1
1
1
1
1
1
1
1
1
1
1
1
1
1
1
1
1
1
1
1
1
1
1
1
1
1
1
1
1
1
1
1
1
1
1
1
1
1
1
1
1
1
1
1
1
1
1
1
1
1
1
1
1
1
1
1
1
1
1
1
1
1
1
1
1
1
1
1
1
1
1
1
1
1
1
1
1
1
1
1
1
1
1
1
1
1
1
1
1
1
0.9999838424574976
1
1
1
1
1
1
1
1
1
1
1
1
1
1
1
1
1
1
1
1
1
1
1
1
1
1
1
1
1
1
1
1
1
1
1
1
1
1
1
1
1
1
1
1
1
1
1
1
1
1
1
1
1
1
1
1
1
1
1
1
1
1
1
1
1
1
1
1
1
1
1
1
1
1
1
1
1
1
1
1
1
1
1
1
1
1
1
1
1
1
1
1
1
1
1
1
1
1
1
1
1
1
1
1
1
1
1
1
1
1
1
1
1
1
1
1
1
1
1
1
1
1
1
1
1
1
1
1
1
1
1
1
1
1
1
1
1
1
1
1
1
1
1
1
1
1
1
1
1
1
1
1
1
1
1
1
1
1
1
1
1
1
1
1
1
1
1
1
1
1
1
1
1
1
1
1
1
1
1
1
1
1
1
1
1
1
1
1
1
1
1
1
1
1
1
1
1
1
1
1
1
1
1
1
1
1
1
1
1
1
1
1
1
1
1
1
1
1
1
1
1
1
1
1
1
1
1
1
1
1
1
1
1
1
1
1
1
1
1
1
1
1
1
1
1
1
1
1
1
1
1
1
1
1
1
1
1
1
1
1
1
1
1
1
1
1
1
1
1
1
1
1
1
1
1
1
1
1
1
1
1
1
1
1
1
1
1
1
1
1
1
1
1
1
1
1
1
1
1
1
1
1
1
1
1
1
1
1
1
1
1
1
1
1
1
1
1
1
1
1
1
1
1
1
1
1
1
1
1
1
1
1
1
1
1
1
1
1
1
1
1
1
1
1
1
1
1
1
1
1
1
1
1
1
1
1
1
1
1
1
1
1
1
1
1
1
1
1
1
1
1
1
1
1
1
1
1
1
1
1
1
1
1
1
1
1
1
1
1
1
1
1
1
1
1
1
1
1
1
1
1
1
1
1
1
1
1
1
1
1
1
1
1
1
1
1
1
1
1
1
1
1
1
1
1
1
1
1
1
1
1
1
1
1
1
1
1
1
1
1
1
1
1
1
1
1
1
1
1
1
1
1
1
1
1
1
1
1
1
1
1
1
1
1
1
1
1
1
1
1
1
1
1
1
1
1
1
1
1
1
1
1
1
1
1
1
1
1
1
1
1
1
1
1
1
1
1
1
1
1
1
1
1
1
1
1
1
1
1
1
1
1
1
1
1
1
1
1
1
1
1
1
1
1
1
1
1
1
1
1
1
1
1
1
1
1
1
1
1
1
1
1
1
1
1
1
1
1
1
1
1
1
1
1
1
1
1
1
1
1
1
1
1
1
1
1
1
1
1
1
1
1
1
1
1
1
1
1
1
1
1
1
1
1
1
1
1
1
1
1
1
1
1
1
1
1
1
1
1
1
1
1
1
1
1
1
1
1
1
1
1
1
1
1
1
1
1
1
1
1
1
1
1
1
1
1
1
1
1
1
1
1
1
1
1
1
1
1
1
1
1
1
1
1
1
1
1
1
1
1
1
1
1
1
1
1
1
1
1
1
1
1
1
1
1
1
1
1
1
1
1
1
1
1
1
1
1
1
1
1
1
1
1
1
1
1
1
1
1
1
1
1
1
1
1
1
1
1
1
1
1
1
1
1
1
1
1
1
1
1
1
1
1
1
1
1
1
1
1
1
1
1
1
1
1
1
1
1
1
1
1
1
1
1
1
1
1
1
1
1
1
1
1
1
1
1
1
1
1
1
1
1
1
1
1
1
1
1
1
1
1
1
1
1
1
1
1
1
1
1
1
1
1
1
1
1
1
1
1
1
1
1
1
1
1
1
1
1
1
1
1
1
1
1
1
1
1
1
1
1
1
1
1
1
1
1
1
1
1
1
1
1
1
1
1
1
1
1
1
1
1
1
1
1
1
1
1
1
1
1
1
1
1
1
1
1
1
1
1
1
1
1
1
1
1
1
1
1
1
1
1
1
1
1
1
1
1
1
1
1
1
1
1
1
1
1
1
1
1
1
1
1
1
1
1
1
1
1
1
1
1
1
1
1
1
1
1
1
1
1
1
1
1
1
1
1
1
1
1
1
1
1
1
1
1
1
1
1
1
1
1
1
1
1
1
1
1
1
1
1
1
1
1
1
1
1
1
1
1
1
1
1
1
1
1
1
1
1
1
1
1
1
1
1
1
1
1
1
1
1
1
1
1
1
1
1
1
1
1
1
1
1
1
1
1
1
1
1
1
1
1
1
1
1
1
1
1
1
1
1
1
1
1
1
1
1
1
1
1
1
1
1
1
1
1
1
1
1
1
1
1
1
1
1
1
1
1
1
1
1
1
1
1
1
1
1
1
1
1
1
1
1
1
1
1
1
1
1
1
1
1
1
1
1
1
1
1
1
1
1
1
1
1
1
1
1
1
1
1
1
1
1
1
1
1
1
1
1
1
1
1
1
1
1
1
1
1
1
1
1
1
1
1
1
1
1
1
1
1
1
1
1
1
1
1
1
1
1
1
1
1
1
1
1
1
1
1
1
1
1
1
1
1
1
1
1
1
1
1
1
1
1
1
1
1
1
1
1
1
1
1
1
1
1
1
1
1
1
1
1
1
1
1
1
1
1
1
1
1
1
1
1
1
1
1
1
1
1
1
1
1
1
1
1
1
1
1
1
1
1
1
1
1
1
1
1
1
1
1
1
1
1
1
1
1
1
1
1
1
1
1
1
1
1
1
1
1
1
1
1
1
1
1
1
1
1
1
1
1
1
1
1
1
1
1
1
1
1
1
1
1
1
1
1
1
1
1
1
1
1
1
1
1
1
1
1
1
1
1
1
1
1
1
1
1
1
1
1
1
1
1
1
1
1
1
1
1
1
1
1
1
1
1
1
1
1
1
1
1
1
1
1
1
1
1
1
1
1
1
1
1
1
1
1
1
1
1
1
1
1
1
1
1
1
1
1
1
1
1
1
1
1
1
1
1
1
1
1
1
1
1
1
1
1
1
1
1
1
1
1
1
1
1
1
1
1
1
1
1
1
1
1
1
1
1
1
1
1
1
1
1
1
1
1
1
1
1
1
1
1
1
1
1
1
1
1
1
1
1
1
1
1
1
1
1
1
1
1
1
1
1
1
1
1
1
1
1
1
1
1
1
1
1
1
1
1
1
1
1
1
1
1
1
1
1
1
1
1
1
1
1
1
1
1
1
1
1
1
1
1
1
1
1
1
1
1
1
1
1
1
1
1
1
1
1
1
1
1
1
1
1
1
1
1
1
1
1
1
1
1
1
1
1
1
1
1
1
1
1
1
1
1
1
1
1
1
1
1
1
1
1
1
1
1
1
1
1
1
1
1
1
1
1
1
1
1
1
1
1
1
1
1
1
1
1
1
1
1
1
1
1
1
1
1
1
1
1
1
1
1
1
1
1
1
1
1
1
1
1
1
1
1
1
1
1
1
1
1
1
1
1
1
1
1
1
1
1
1
1
1
1
1
1
1
1
1
1
1
1
1
1
1
1
1
1
1
1
1
1
1
1
1
1
1
1
1
1
1
1
1
1
1
1
1
1
1
1
1
1
1
1
1
1
1
1
1
1
1
1
1
1
1
1
1
1
1
1
1
1
1
1
1
1
1
1
1
1
1
1
1
1
1
1
1
1
1
1
1
1
1
1
1
1
1
1
1
1
1
1
1
1
1
1
1
1
1
1
1
1
1
1
1
1
1
1
1
1
1
1
1
1
1
1
1
1
1
1
1
1
1
1
1
1
1
1
1
1
1
1
1
1
1
1
1
1
1
1
1
1
1
1
1
1
1
1
1
1
1
1
1
1
1
1
1
1
1
1
1
1
1
1
1
1
1
1
1
1
1
1
1
1
1
1
1
1
1
1
1
1
1
1
1
1
1
1
1
1
1
1
1
1
1
1
1
1
1
1
1
1
1
1
1
1
1
1
1
1
1
1
1
1
1
1
1
1
1
1
1
1
1
1
1
1
1
1
1
1
1
1
1
1
1
1
1
1
1
1
1
1
1
1
1
1
1
1
1
1
1
1
1
1
1
1
1
1
1
1
1
1
1
1
1
1
1
1
1
1
1
1
1
1
1
1
1
1
1
1
1
1
1
1
1
1
1
1
1
1
1
1
1
1
1
1
1
1
1
1
1
1
1
1
1
1
1
1
1
1
1
1
1
1
1
1
1
1
1
1
1
1
1
1
1
1
1
1
1
1
1
1
1
1
1
1
1
1
1
1
1
1
1
1
1
1
1
1
1
1
1
1
1
1
1
1
1
1
1
1
1
1
1
1
1
1
1
1
1
1
1
1
1
1
1
1
1
1
1
1
1
1
1
1
1
1
1
1
1
1
1
1
1
1
1
1
1
1
1
1
1
1
1
1
1
1
1
1
1
1
1
1
1
1
1
1
1
1
1
1
1
1
1
1
1
1
1
1
1
1
1
1
1
1
1
1
1
1
1
1
1
1
1
1
1
1
1
1
1
1
1
1
1
1
1
1
1
1
1
1
1
1
1
1
1
1
1
1
1
1
1
1
1
1
1
1
1
1
1
1
1
1
1
1
1
1
1
1
1
1
1
1
1
1
1
1
1
1
1
1
1
1
1
1
1
1
1
1
1
1
1
1
1
1
1
1
1
1
1
1
1
1
1
1
1
1
1
1
1
1
1
1
1
1
1
1
1
1
1
1
1
1
1
1
1
1
1
1
1
1
1
1
1
1
1
1
1
1
1
1
1
1
1
1
1
1
1
1
1
1
1
1
1
1
1
1
1
1
1
1
1
1
1
1
1
1
1
1
1
1
1
1
1
1
1
1
1
1
1
1
1
1
1
1
1
1
1
1
1
1
1
1
1
1
1
1
1
1
1
1
1
1
1
1
1
1
1
1
1
1
1
1
1
1
1
1
1
1
1
1
1
1
1
1
1
1
1
1
1
1
1
1
1
1
1
1
1
1
1
1
1
1
1
1
1
1
1
1
1
1
1
1
1
1
1
1
1
1
1
1
1
1
1
1
1
1
1
1
1
1
1
1
1
1
1
1
1
1
1
1
1
1
1
1
1
1
1
1
1
1
1
1
1
1
1
1
1
1
1
1
1
1
1
1
1
1
1
1
1
1
1
1
1
1
1
1
1
1
1
1
1
1
1
1
1
1
1
1
1
1
1
1
1
1
1
1
1
1
1
1
1
1
1
1
1
1
1
1
1
1
1
1
1
1
1
1
1
1
1
1
1
1
1
1
1
1
1
1
1
1
1
1
1
1
1
1
1
1
1
1
1
1
1
1
1
1
1
1
1
1
1
1
1
1
1
1
1
1
1
1
1
1
1
1
1
1
1
1
1
1
1
1
1
1
1
1
1
1
1
1
1
1
1
1
1
1
1
1
1
1
1
1
1
1
1
1
1
1
1
1
1
1
1
1
1
1
1
1
1
1
1
1
1
1
1
1
1
1
1
1
1
1
1
1
1
1
1
1
1
1
1
1
1
1
1
1
1
1
1
1
1
1
1
1
1
1
1
1
1
1
1
1
1
1
1
1
1
1
1
1
1
1
1
1
1
1
1
1
1
1
1
1
1
1
1
1
1
1
1
1
1
1
1
1
1
1
1
1
1
1
1
1
1
1
1
1
1
1
1
1
1
1
1
1
1
1
1
1
1
1
1
1
1
1
1
1
1
1
1
1
1
1
1
1
1
1
1
1
1
1
1
1
1
1
1
1
1
1
1
1
1
1
1
1
1
1
1
1
1
1
1
1
1
1
1
1
1
1
1
1
1
1
1
1
1
1
1
1
1
1
1
1
1
1
1
1
1
1
1
1
1
1
1
1
1
1
1
1
1
1
1
1
1
1
1
1
1
1
1
1
1
1
1
1
1
1
1
1
1
1
1
1
1
1
1
1
1
1
1
1
1
1
1
1
1
1
1
1
1
1
1
1
1
1
1
1
1
1
1
1
1
1
1
1
1
1
1
1
1
1
1
1
1
1
1
1
1
1
1
1
1
1
1
1
1
1
1
1
1
1
1
1
1
1
1
1
1
1
1
1
1
1
1
1
1
1
1
1
1
1
1
1
1
1
1
1
1
1
1
1
1
1
1
1
1
1
1
1
1
1
1
1
1
1
1
1
1
1
1
1
1
1
1
1
1
1
1
1
1
1
1
1
1
1
1
1
1
1
1
1
1
1
1
1
1
1
1
1
1
1
1
1
1
1
1
1
1
1
1
1
1
1
1
1
1
1
1
1
1
1
1
1
1
1
1
1
1
1
1
1
1
1
1
1
1
1
1
1
1
1
1
1
1
1
1
1
1
1
1
1
1
1
1
1
1
1
1
1
1
1
1
1
1
1
1
1
1
1
1
1
1
1
1
1
1
1
1
1
1
1
1
1
1
1
1
1
1
1
1
1
1
1
1
1
1
1
1
1
1
1
1
1
1
1
1
1
1
1
1
1
1
1
1
1
1
1
1
1
1
1
1
1
1
1
1
1
1
1
1
1
1
1
1
1
1
1
1
1
1
1
1
1
1
1
1
1
1
1
1
1
1
1
1
1
1
1
1
1
1
1
1
1
1
1
1
1
1
1
1
1
1
1
1
1
1
1
1
1
1
1
1
1
1
1
1
1
1
1
1
1
1
1
1
1
1
1
1
1
1
1
1
1
1
1
1
1
1
1
1
1
1
1
1
1
1
1
1
1
1
1
1
1
1
1
1
1
1
1
1
1
1
1
1
1
1
1
1
1
1
1
1
1
1
1
1
1
1
1
1
1
1
1
1
1
1
1
1
1
1
1
1
1
1
1
1
1
1
1
1
1
1
1
1
1
1
1
1
1
1
1
1
1
1
1
1
1
1
1
1
1
1
1
1
1
1
1
1
1
1
1
1
1
1
1
1
1
1
1
1
1
1
1
1
1
1
1
1
1
1
1
1
1
1
1
1
1
1
1
1
1
1
1
1
1
1
1
1
1
1
1
1
1
1
1
1
1
1
1
1
1
1
1
1
1
1
1
1
1
1
1
1
1
1
1
1
1
1
1
1
1
1
1
1
1
1
1
1
1
1
1
1
1
1
1
1
1
1
1
1
1
1
1
1
1
1
1
1
1
1
1
