1
0.994449244157158
0.9961046027519229
0.9960120663843484
0.997003678651952
1
0.9981687588724787
1
0.9936600171474657
0.9943928786390851
0.9982828867086002
0.9981399879578602
0.9963666966263205
0.9983796540913734
0.9950676786558861
0.9944998025423389
0.9960933247862214
0.9952034334707316
0.9920076182702445
0.9924820383675284
0.9228298582427387
0.9980313518864177
0.9947956004170858
0.8695544231020514
0.9983920494993749
0.9978825623214413
0.9479722062458223
0.9973734768921069
0.9979804013596735
0.9874903731586105
0.9967025255656463
0.9940276904633109
0.9986722469008896
0.9111201011378003
0.9950783917714666
0.997713678878626
0.9132429226745931
0.9985922422983353
0.9988712171665294
0.9881207497097363
0.9915842040247661
0.9977537296170471
0.9960323367788788
0.9989812005473259
0.9972266020948305
0.9758638406673652
0.9949099797155132
0.995230426925961
0.9991270844100733
0.9993367686094703
0.9930765191540848
0.9986151317710462
0.9935759212027453
0.9982067393238434
0.9890399409842976
0.9791180019901059
0.9649887364734604
0.961784335592348
0.8241578750066941
0.9972855553355398
0.9885884788698088
0.9849307714396295
0.9914736511796662
0.996786012223091
0.9952346823629876
0.9938986187829426
0.9971303882415908
0.9975362197936654
0.998446880599965
0.9930267848004379
0.9980454601179132
0.9988111577690585
0.9971183448638167
0.9968869489092069
0.9954225241209882
0.988531438302067
0.9975812389850559
0.9833766403200731
0.99850032447525
0.9964591517846716
0.9965156794425087
0.9948390037266415
0.9969727547931383
0.9893844545379613
0.9973606070603761
0.992788448089694
0.9925959732872174
0.9927413501088798
0.996363717485388
0.8581621959105403
0.994757186270543
0.9949174415726761
0.9977011718179251
0.9918212945380601
0.9032113261410118
0.9985385357236921
0.999207745296827
0.9974032334127377
0.9953742243887368
0.9955305719777764
0.9967176144723945
0.9963078765300691
0.9928791960658542
0.9455493657269588
0.9074156786758186
0.997613312656042
0.9931334405363786
0.9980163565123638
0.9954370169874123
0.8886626765054974
0.8922163894478191
0.9650074255938329
0.9875218082888758
0.9988166222581901
0.9961890501041946
0.9960509163407714
0.9935128628115386
0.9948486483834568
0.9960331181542701
0.9068992794195805
0.9171725176862824
0.9960103400944803
0.9960741358098186
0.9966686624195252
0.9977079005801877
0.9986044297399935
0.9977994136750111
0.9913847608355245
0.9956912863268365
0.9972409839296271
0.9954043178986499
0.9949933722835737
0.998675379724479
0.9644644133564791
0.9987512373410493
0.9987642670980498
0.8886429608127722
0.9917762930059242
0.9951745910685934
0.9968687926820193
0.9941498568290489
0.997962125474156
0.9094862350790408
0.9886956521739131
0.9954230015463996
0.9966435772254628
0.9998234680093332
0.9938212712340688
0.9903284588156561
0.9872566692944633
0.9892877578395415
0.9969069990861589
0.9208739222219396
0.9963030989419821
0.9017220657449287
0.9100558965135234
0.9937046819414919
0.9962551991930023
0.9900549377323007
0.9657985331537196
0.8931170383177808
0.9948323486648252
0.9925597138842764
0.9896133775695637
0.9978815400861439
0.9043936794007877
0.8724494485294118
0.9970659544327045
0.9863173328111792
0.9637094550985791
0.8986538984499437
0.9986298406288311
0.9982047933093614
0.8668848345841557
0.9967750559583163
0.9991589043815335
0.9949090909090909
0.9043029783881067
0.9979096543249453
0.9972940582818216
0.9893891987484696
0.9967079716676596
0.9947329712896986
0.9984681596031804
0.8904407514450867
0.9975469642256108
0.9980331909577431
0.9974854302872526
0.9978515188267747
0.8839026028547439
0.9902075222784122
0.8433203769767318
0.8876559841179807
0.997372060857538
0.9965484931600198
0.9966273251159949
0.9981665515225594
0.9980018690209773
0.9980287317488763
0.9821950404384734
0.9956549999293496
0.9980570173910013
0.9916895088779091
0.9959640690032091
0.9985390777706884
0.9959163517929768
0.9862610853283095
0.9948240795995664
0.9972920783018903
0.9865771286795495
0.9980336215105686
0.9964239950441697
0.9984332194134193
0.9968201266574903
0.9101910774197365
0.9971021761542533
0.9975280688817109
0.9933487808538599
0.9955768215391578
0.9903260387561189
0.9981096060811245
0.9983139893094434
0.9926980515906506
0.9947717461436639
0.9824566432564139
0.8861161355287448
0.9537446514204048
0.9959121313313258
0.9927319432622668
0.997334947333483
0.9964356743017356
0.998580227728647
0.9982642379072789
0.9934864000295095
0.9568272855597967
0.9799179681337751
0.9602709202366192
0.9837381285005703
0.9964252883211754
0.966952636282395
0.9979791739068875
0.9470198193477011
0.9677791277530804
0.9099578452302257
0.8069932998324958
0.9629181805547283
0.9985901231098686
0.9961799538291177
0.9976065795958601
0.9903148488585857
0.9957544170422922
0.9974693235225315
0.9989817929494819
0.9887483192365071
0.9859981891422447
0.9939083477018684
0.9983828188921897
0.9868300185853752
0.9987211916807195
0.9648363844666683
0.9951728467216486
0.9964911177487816
0.9966627634660421
0.9948204116012722
0.9946997472680027
0.9954971040369289
0.9607947964002495
0.9945565245876447
0.9958449541102935
0.9551105005663606
0.9641605877867407
0.9966054948552031
0.7613548407071427
0.9988626809544919
0.991004240367613
0.9935444034730485
0.9917160711424451
0.8863595353757647
0.9953053895663063
0.9959979740463053
0.9905339728725263
0.9976049116178654
0.996091974915932
0.99755206247497
0.986625174770856
0.9936541027829164
0.897900562157603
0.996224423514128
0.9850668661400084
0.9977856320521573
0.9984833861850269
0.9951394432570236
0.9924419003222047
0.9983176297563509
0.9933788366759381
0.9968491257886112
0.993086932947768
0.998158458669652
0.9950327023782892
0.997337533508004
0.9934400439875979
0.9927855927274294
0.9957579263421755
0.9611435827810082
0.9964032266427161
0.9948807109050517
0.966127686006561
0.9934626589923968
0.9975366346639717
0.900457765730971
0.9910806627379936
0.9949714422513857
0.902295403931471
0.9965444741622209
0.9975490908898624
0.8238759857017118
0.9980044481004174
0.9540436660814965
0.9886188518505246
0.9905560988259956
0.9853482704241505
0.9634582924308546
0.9900089456042594
0.9620812887383073
0.9670707785316912
0.988453189693291
0.9962242136479281
0.9937842479757912
0.9971233514164674
0.9945883932592863
0.997610492592527
0.9666957545092828
0.9951376131482796
0.9912823877765954
0.9921649240193621
0.9984750374767954
0.9973291028449683
0.9987983413725988
0.9973749540918003
0.9600524394751432
0.9651476399427865
0.8960770530647586
0.9623155276162302
0.9895790018334057
0.9857725402841899
0.9963649292295244
0.9925982194966048
0.9938626690428766
0.9885554386446468
0.9985273854225362
0.9863472119569681
0.9977659798149706
0.9931729610497607
0.9971963284875794
0.996703385060706
0.9954387068152353
0.9794403915708546
0.9578909667681444
0.9955296951683555
0.8891930860072567
0.9939110031730234
0.9948372854803105
0.9716581537311574
0.9981060785230061
0.9890702247851261
0.9576815829352004
0.9990540741462314
0.9947578150334326
0.9929242302994566
0.9946249976004453
0.9878618532849994
0.9980015853345391
0.9954889499333623
0.9952841485124013
0.9981099984711818
0.9961944306475186
0.9965584596781695
0.9972382419314396
0.9972750328255122
0.9963276287812783
0.9854504897093551
0.9992297574328408
0.9932830642549845
0.9981691353469331
0.8248817300208995
0.9944985585631554
0.9926532841731531
0.9981122947066497
0.9685507721153802
0.9978158481679542
0.8883607855991696
0.9982724489742337
0.9976253595678773
0.8934064168103579
0.9931907595635876
0.9973851850551919
0.9985582029116178
0.9985925120293081
0.8990917152911538
0.9915259391408356
0.8673201478443232
0.9988804822764509
0.9971505254357509
0.9958668949195545
0.9893009177578868
0.9756688973371235
0.8935941896670369
0.9709889007274507
0.9969591515452813
0.9971814108003569
0.9970114560850075
0.991810136765889
0.9980819516680555
0.9939078877118048
0.9932352164730729
0.9965689793789207
0.91031305008111
0.9487050927557671
0.9948350633409628
0.9937615127436504
0.7583660462753429
0.902686595673559
0.9929672038450664
0.9021115330262058
0.9921798631476051
0.9969119849442699
0.9926937984041717
0.9905547298269166
0.9938048564873606
0.9973159617193617
0.996186155299965
0.9967666920837669
0.9546304750591719
0.9912927640636745
0.9662428576834299
0.9945827811490084
0.9946543550067658
0.9968563069358992
0.9982399784565669
0.9990481981862888
0.9961658469511873
0.9972049430878838
0.9903596147981205
0.9631022071231594
0.9896134446607652
0.8937432524166055
0.997576009808443
0.994554888282127
0.8995392580629838
0.9572473459448989
0.9668637687847933
0.9976539589442815
0.9913794472050675
0.9968136819017132
0.9786218514359056
0.9898117483205358
0.8977004947454239
0.9978575880336553
0.9967626530488002
0.9103760431611065
0.9936848343426486
0.9968932944071657
0.9944776026367256
0.9950263645432521
0.9974304366951061
0.9926494818321823
0.9971942622663347
0.9863133308594005
0.829568667087341
0.998096090591988
0.9975535357601846
0.9586667775444233
0.9946462313667856
0.998184949431847
0.9950385947864757
0.9976807514610042
0.9056332941296316
0.8815162266286486
0.8935874868404668
0.8515291130056231
0.9949216817807089
0.856714208162661
0.8990399988997122
0.9928731020760964
0.9962910425423928
0.9886612403279988
0.9951258854057087
0.9930618701809892
0.9964401114099043
0.879571383858159
0.9976896616637859
0.9003866786306799
0.9983877992810105
0.9704375823210888
0.9969218885325718
0.9920614665708124
0.9969343150402311
0.997571610755168
0.9974751281278263
0.998579073928638
0.9757597684515196
0.997249541590265
0.997196616471825
0.9944255097406142
0.9624035273923242
0.9950166940748493
0.9971059057610564
0.9942514506421539
0.9935719548838866
0.9610762513960808
0.9926531133763026
0.9964499681325685
0.9945401706644684
0.996463513787489
0.8764783810191762
0.9973927273735889
0.9064113352589325
0.9095292923477813
0.9941840143388626
0.9658545501222221
0.9953495135665325
0.996167575285566
0.959477866061294
0.9908995626146373
0.9965970688616743
0.994112351201109
0.9988654442038065
0.8689072533950942
0.9916574215714544
0.9974607109077609
0.9668316744524519
0.9972501208839477
0.9565646258503402
0.997593984962406
0.9972114845525096
0.99755286898718
0.9968201703987531
0.9688537124324688
0.9964657845573082
0.9911096919483051
0.9921835486689043
0.9953306714797139
0.9946330626929051
0.7564587893150004
0.9914646996838777
0.9602969678732403
0.9083128230075282
0.9975909404699601
0.9978483270542877
0.8545280027506112
0.9983181572603733
0.9927347278726335
0.9967734695022726
0.8897702739967654
0.9952924930956566
0.9873744052532732
0.9981588364735606
0.9933841895632215
0.9924758013918091
0.9610122043281328
0.9593839253837915
0.9957320490584518
0.9948114494489982
0.9959844845528797
0.9904773871100594
0.9981602225394817
0.9963910384212483
0.9983505596862489
0.9656880636637873
0.9961892315734449
0.9939316200849123
0.9984053082048565
0.9989646547036433
0.9973879626921452
0.9964663852742279
0.9982075392932435
0.9898175863330714
0.9964020599195406
0.9616581366732242
0.9929073811953433
0.9972220485088259
0.9968551066473915
0.9915538024908837
0.9955876827464347
0.9990118786803982
0.9636975684604425
0.9946804560394977
0.9939741328630217
0.9954431607013008
0.9662544935726175
0.9985624778533002
0.9653191076852575
0.9897395993557844
0.9956326251916363
0.9965692864575144
0.9574636421538707
0.9937955485522947
0.8737395958542172
0.9920592394135596
0.994916373871502
0.9802911415814641
0.9921592539896648
0.9957030948024841
0.9684828700275964
0.9906548915037796
0.9924061009081364
0.981007677375352
0.9985439013735864
0.994617915586255
0.964066893993941
0.9673465953850507
0.8554966620819215
0.9985848286372625
0.9947271881222405
0.9984631243557305
0.9949869487804457
0.9990787443285197
0.998551866858784
0.9956521577422462
0.9936088719490507
0.9958201066994632
0.994601934506022
0.9975746775559782
0.9923651767400892
0.9986157167260921
0.9964230312370659
0.9909990278176716
0.9902894283650908
0.9959306082882301
0.966727553038174
0.9973725150307998
0.9946794789113892
0.9985922652797873
0.9978051001821494
0.9533506709810827
0.997302940938711
0.9984520544225076
0.9967104662000402
0.962489945657505
0.7589639924194568
0.9945119039230884
0.9943436421068097
0.9647810369789929
0.9953746013391275
0.9953228272397597
0.9974514176489327
0.9932040259556754
0.9971189066323058
0.9960358497069975
0.9963438246683695
0.9886454817731346
0.9990258278165983
0.9969178348820488
0.9869648090283862
0.9569035116398551
0.9934500051171835
0.9660019730820889
0.9875067409671041
0.9089133746186461
0.9974847392807237
0.9938284489323893
0.9645133618626172
0.8705944624281339
0.9128551253281579
0.9931750186985789
0.9599964604231058
0.9963381265910092
0.9916025718869926
0.9991045157988998
0.9988300312504811
0.9593502036044504
0.9963978882708449
0.9921484319588154
0.9595768211505957
0.9981504315659679
0.8486356402949395
0.9975945700032421
0.9962239188555994
0.9972925321939176
0.9935759659932177
0.8913056732173393
0.994565865289092
0.9963060708921859
0.996905661835513
0.9955580580580581
0.9933408035857212
0.9860083949630222
0.9977923383073747
0.9026599974349109
0.9619496331954882
0.9960481784812327
0.8940424925139028
0.997710184228242
0.9986673214438934
0.9941179466286413
0.9973488158872321
0.9543446628298404
0.9909308993037271
0.9862945415752425
0.9982832870158078
0.9908356072697317
0.9876208414125661
0.8488605900115168
0.9970053557248814
0.9970694758733967
0.997455090980982
0.9632039358866303
0.9929131998215176
0.9969848037607959
0.9890029640448473
0.9866563178838501
0.9944653914006019
0.9964538416318992
0.9989412114090926
0.9984206299153178
0.8004156923876331
0.9101725597009488
0.991705038515112
0.9911850982692871
0.9980714997720863
0.898023589817447
0.9962327463667363
0.9986075449853367
0.9944811842507825
0.9945624005455785
0.9908634448130548
0.99809217722694
0.9974401286282475
0.9961293725330067
0.9980508369935263
0.9752647073627575
0.9990716226572842
0.9951494400456523
0.9602242841212734
0.9965218841750363
0.9607280600052055
0.9953420676927582
0.8986896968376432
0.9973790302411892
0.8968723805532272
0.997693424687695
0.9983908289990446
0.9959105929261959
0.9019026162722901
0.9959028672795324
0.9933760801148983
0.9821170692784456
0.9964385699774546
0.9964044153536922
0.998416063753434
0.7638270393139432
0.9963786152098161
0.9967909794312518
0.996708346220121
0.9879856396402801
0.9963451363451363
0.9928742088275978
0.995046971701119
0.9940401735272306
0.8922275026828147
0.9967713054669577
0.9978010037770993
0.9951462674826738
0.995410811170826
0.9953736031534103
0.9981902250080005
0.9936328443357784
0.9886422251319288
0.9951761760547162
0.9960525535801857
0.996493756360638
0.974659329252862
0.9584233635014494
0.9922371912140633
0.9881305233107328
0.9973117440364077
0.8944825471805237
0.9988834722440635
0.9939214151819026
0.9815983175604627
0.9969992474099694
0.9973420940467695
0.9985163900182394
0.9986118263439536
0.9978671320196806
0.9943622504801964
0.9975214725006714
0.9940728135903449
0.9963662926820132
0.8387434171435083
0.9900554140193467
0.9639625274068169
0.9969951027055545
0.9926115739976902
0.9597012643340194
0.9966049504559631
0.9627221878358212
0.9969693836155811
0.990841929428783
0.9948473617756785
0.9601405914134665
0.984854738501267
0.996294652643736
0.9913036511555073
0.9978346520790596
0.9580627599328735
0.9971157990821268
0.9960968928767644
0.9929536944417396
0.997234158146886
0.9912076370524578
0.9735850263957767
0.992322504129085
0.964240517271187
0.993241716661
0.9981816861520587
0.9970443775419826
0.9949828622522477
0.998135915927415
0.9957133288680509
0.9966868743099818
0.9973599178130936
0.9974974940375376
0.7617628880683349
0.8814847685019767
0.9874672291104059
0.9992431584521466
0.9954254766306904
0.9980212408267889
0.986812787379823
0.9959249950872403
0.9074351470661177
0.9910704491103359
0.9949647498628597
0.9937111864963204
0.9964476918414762
0.9977235971763407
0.9969149809544692
0.996535486735716
0.8887616716347198
0.9945125462049323
0.9935664797096668
0.9835276115036681
0.9935005803053298
0.9984498336327727
0.994004848714122
0.9957965918644109
0.9954207565738108
0.9987530805764554
0.994177470559177
0.9982329918099171
0.9970339995222549
0.8813522136190363
0.983855808038923
0.9953114025432168
0.98603445077443
0.9914944299709775
0.9964525459804617
0.9987571850240795
0.998488972354079
0.9867065527345188
0.764338999238523
0.9985485184267355
0.9507136163261146
0.9981007745121929
0.9860724500851801
0.9644434182804699
0.9790548048819206
0.9987975916726641
0.9949799196787149
0.9962233832958912
0.9949026882294186
0.9983888608722419
0.9973561030811172
0.986607031308563
0.8963646362584236
0.9977560452809967
0.9981383634024147
0.9938328784358793
0.9937540481776818
0.9659660727621893
0.9993616630390444
0.9635969514461553
0.9975385472784692
0.9957295258967995
0.9992139700883752
0.9850924744897959
0.996736903867335
0.9963046843801114
0.998518306089284
0.9987127328791628
0.9952254112724508
0.9982154187817259
0.9932546154158662
0.9980281690140845
0.8479944419668192
0.9954185620027802
0.996247582205029
0.9978588488772854
0.8710714497097137
0.995872710491765
0.9969144333806882
0.9971459193159681
0.9968855736015624
0.9951613177832638
0.956769797541812
0.9952189891113612
0.998015873015873
0.9956942431379654
0.997553549874795
0.9813833003430564
0.9976382137473828
0.9914081527954609
0.998573424299093
0.9957065446619165
0.9859615004785852
0.9949916607404242
0.9971249680552006
0.996307599124074
0.9900797394317945
0.9964385652505724
0.9923941590503204
0.9900045028259115
0.9974578106518733
0.9967733830751075
0.9955389809387882
0.9977609728100106
0.9913293469435692
0.9963089440467879
0.8999362086080854
0.9977060283079228
0.9896897640720788
0.9960878857573897
0.9974130101161953
0.9920418305461628
0.9942081956173602
0.8791020911060504
0.9979284507916893
0.9972419606819046
0.9411764705882353
0.9972791560890739
0.9954708514799218
0.998802741566325
0.9932491303682716
0.9916413778416653
0.9971958708788731
0.997969439801123
0.9963134779117511
0.9945252029450632
0.9902955212621152
0.9971136643740309
0.9889617979579263
0.9918902255748745
0.9964226529530557
0.8479848998045331
0.9920219843968195
0.995175471576505
0.9950250007123904
0.9977251852690647
0.9884451227495296
0.9975130031906989
0.9973171830101079
0.9958339217624629
0.999019891742588
0.9900025698203613
0.9971743929359823
0.9975966586555288
0.9958843131403561
0.9970404679279078
0.9961102375237938
0.8518642386779071
0.9933892366602424
0.9947039533293194
0.866316772470073
0.9962803769218053
0.9947748033553228
0.9957276812961217
0.9972704707819428
0.99543038907638
0.9834566935396879
0.9593578187912605
0.7602063871566719
0.9944296110769812
0.9965008845509058
0.994142473497838
0.8813444483430327
0.8676655769318408
0.9952200024512808
0.9945289185732556
0.9985920711374583
0.9985201172911926
0.9945951719718009
0.9974525787741025
0.9967476783302496
0.997298818232977
0.9976235863589019
0.9977449500257993
0.9982270207933458
0.977241616421436
0.9952642106797017
0.9966354521334903
0.9962457247503091
0.9933225539450636
0.9989772329978032
0.9927706574365185
0.9969172014646246
0.9992742533486897
0.9982178102867758
0.9640122610797186
0.9987840299054305
0.9637064579387112
0.9981633493053345
0.9974328341621982
0.9977041789905543
0.9977621361080296
0.9984693678810139
0.9885886300318276
0.955750592605816
0.9650534732241295
0.997032221594121
0.960765634068088
0.9952023122533957
0.9729189293148701
0.9928921483438184
0.9863521038023396
0.9933128739118493
0.9586025507842414
0.9982907174525276
0.9701224502167126
0.9661113896065502
0.9567471563083594
0.9972380537232013
0.961694620643136
0.9975370180325466
0.9873842222931971
0.9967838890955728
0.995689836424036
0.9955266877807003
0.8507521137095345
0.9893805163403556
0.9966883011280474
0.9967388968707735
0.9980140754651323
0.9957540928570018
0.997955053922899
0.9645266513455408
0.9812839344687295
0.9947507739243573
0.9970169704408889
0.9967073818374934
0.8746592415632911
0.9975890492212348
0.996535518524351
0.996798411122145
0.9986224007237536
0.9932647747034133
0.9948024078925366
0.992540728798142
0.9972741904390436
0.9871678993303691
0.9966790330301579
0.9979211686625159
0.9964020148716719
0.9969954114023508
0.9965908482740166
0.9935609999008675
0.9920028696029753
0.9910664605873262
0.9948977922069422
0.8558199248328243
0.8810663004663735
0.9927023123036094
0.9847188264058679
0.994536381367021
0.989771833202203
0.9514456640592144
0.9812797612039782
0.9938105920560676
0.9935078640442763
0.8787520568221378
0.9966393487851469
0.997362960902273
0.9943076661253838
0.8778870978996581
0.997186356957514
0.9953259636887791
0.99770528138703
0.9738011249033702
0.9615169160972641
0.9579399022987825
0.9977812070540725
0.9752587348875994
0.9958415599391959
0.962501083897617
0.9953545558410226
0.992201811093941
0.9970913821742615
0.9922156551823554
0.8855588331141458
0.9924358190709046
0.7540132635995701
0.9977741445611973
0.990566309068423
0.998635450578375
0.9973323144961151
0.9964092880927218
0.9971057837593656
0.9975545475913044
0.9979392230551417
0.9988012780555422
0.9975144630215719
0.8795404726617619
0.995421793556862
0.9985635720399849
0.9965327160045262
0.9959336369551074
0.9948889263583863
0.9978056197034452
0.996685750765741
0.9540207899110889
0.8778365090476165
0.9941862127075697
0.9979464018318691
0.9965322213373973
0.9980525222278278
0.9978873457354485
0.9965767281742336
0.9973999371035678
0.9969691691342971
0.9966339094092398
0.9980557355800389
0.9947575509461426
0.9977151125578224
0.9978428220962694
0.9969047632410468
0.9984020830265881
0.9909613285584131
0.7560486277534455
0.996572924702527
0.9959518636296051
0.9973163810738875
0.9958481370209359
0.9986022782863931
0.9964271735337047
0.996632156251976
0.9661246405188766
0.9991672789615479
0.9979560474269886
0.9063815231778231
0.9982771064189337
0.8884777060501426
0.997476562843855
0.9979366321142187
0.9060731193105365
0.9808728053761167
0.9913930345103164
0.9959304166433853
0.9987328267067695
0.9964645155831037
0.9984804559823852
0.9953462280828009
0.9956331877729258
0.9640274380516857
0.9943628364317797
0.997404668204641
0.9029897228277796
0.9979948561835287
0.9135612216307089
0.9843722232398929
0.9975597110983981
0.9979790556678303
0.9969128656324766
0.9969552747986018
0.9970687122572222
0.998393144081414
0.9015080414203788
0.9957951484493792
0.9944877775228773
0.9993076784312578
0.9587945976471182
0.9959685937326146
0.8761950236643544
0.9970390487994488
0.9953322266392906
0.8404597437730575
0.9931823418946945
0.9960645158047639
0.998264540194652
0.991934936763879
0.884360789731192
0.9956563009027238
0.9967796479126538
0.9945862675533563
0.9866140948130988
0.9966411098941219
0.9987347407390051
0.9940895936086088
0.9934841974691425
0.9960311402839261
0.989818979542259
0.9974106530651213
0.9988997625803463
0.9960132087628866
0.8953404443018687
0.9888434455872428
0.9585504500236854
0.9960212080976373
0.9985131868885958
0.9953999340777955
0.9917433751743375
0.9876768327428586
0.9970213132872944
0.997466214939354
0.9977416373416305
0.9973305858661546
0.9987220788942507
0.9603590782199354
0.8778438215928732
0.9657428202289982
0.9977078670314183
0.9778578239220257
0.9925932409220704
0.9963938973647711
0.9956254813969945
0.9962145110410094
0.9994521581923655
0.9965271048851237
0.754480436764809
0.9908521560938945
0.994019090848408
0.9986461563762804
0.9930748519866145
0.9976613175228363
0.9622608723763648
0.9993298585256888
0.9585869754267399
0.9989892791394434
0.9977667844522968
0.998270097060326
0.994826408861709
0.996639236567319
0.9872649207336027
0.9893676216256861
0.9950631788361838
0.9926350681748283
0.9925244580232067
0.9978394292599339
0.9948850123691874
0.9958833405595889
0.9917908057023866
0.9956844053241423
0.999052731291443
0.9980057572919918
0.9975653551016653
0.9930328191245521
0.9889521464840745
0.9983187085190625
0.9958260412081128
0.9896868879688623
0.9639686799575321
0.9952229072293337
0.9980452494634018
0.997846122287506
0.9915847543169293
0.9940504409987233
0.9957015584852196
0.8965158046667345
0.9968165717616464
0.9658494623655914
0.9980103414587652
0.994890905020871
0.9977138163943269
0.9964079822616408
0.9952792061272903
0.992940131379012
0.99614060675904
0.9962811565304088
0.9950901274999869
0.9947757035385901
0.9747039827771797
0.9915187831297534
0.9930540713827741
0.9932609050808692
0.9955712591101901
0.9978265866962028
0.9984916508437882
0.9967854266872701
0.9989288911625528
0.9928122144635848
0.9924694148159885
0.9988603156049094
0.9991351241351242
0.998023298312082
0.9976294472421041
0.9502235469448584
0.9917115254358133
0.9940359331310608
0.9912640917367218
0.9974673739987828
0.9938989513822688
0.9958802170145857
0.9019675755858295
0.9638620765710993
0.9963389181647314
0.9949722360646401
0.9977456899520213
0.9979689086790094
0.9110194559712671
0.9548290692131775
0.9965613942566376
0.9857137517986284
0.9954933954933954
0.9901828481603963
0.9974005650738687
0.9971805508769825
0.9887571450997774
0.9984871774128307
0.9945915664872964
0.9659403686250775
0.9994068213067802
0.998522386263173
0.995251021796278
0.9976343002848913
0.8893427544503457
0.993137083114304
0.9937193819871876
0.953292293170105
0.996113373169055
0.9965766082282261
0.9643868944418175
0.8475692362022303
0.9661231163783911
0.953657216938541
0.96547346017006
0.9961385259894295
0.9986997451500494
0.9980820951457167
0.9984022025663646
0.9689782486285273
0.9948360557301863
0.9983348536843172
0.9980447139067828
0.9959164779208756
0.9911071204866889
0.9932701643954867
0.9963234113208294
0.9951617383209843
0.9714503756365058
0.9971937465971844
0.996611100934237
0.9980768545888387
0.9950254981060568
0.9966418289601804
0.9984127420774648
0.8993106028986342
0.9986306002627917
0.9927382994469973
0.9975756657449146
0.9984424335283113
0.9980094161326758
0.997747905573745
0.998257548009
0.9944519989121566
0.99126955300943
0.9688710134433145
0.9610338123898908
0.9907474070324457
0.9955282996397797
0.9957217917295689
0.9894090696194171
0.9956578517793013
0.9921234763881235
0.9969498894965876
0.9956248670348068
0.9851197143739786
0.9966683632197134
0.9987065407766795
0.9950417664012505
0.9474792273854564
0.9989760883962494
0.9981361536651516
0.9950417664012505
0.9960287239192301
0.9801869523002616
0.9972788285539963
0.9971947403212132
0.9950862094030762
0.9957165401668295
0.9978084743804517
0.996704379834822
0.9938611203099351
0.9971317373766039
0.9952668739285818
0.994217103651066
0.9988990390398418
0.9936264128530633
0.9934834216669821
0.9977628635346756
0.9971134704711347
0.9974376657194155
0.9969938174093038
0.9961620347780041
0.9662724558389352
0.9907621247113164
0.9926795886661242
0.9963586458277834
0.9972777747830306
0.9617949211571781
0.9972212526130423
0.9981755797977371
0.9981753849567887
0.8444224275462402
0.9930451548485943
0.8934059578736722
0.9978084263307201
0.9984019686545776
0.9976013570878661
0.9022508277147653
0.9964216048967512
0.9000252534362712
0.9982923497267759
0.9972008167028914
0.9981836012450432
0.9970112467775291
0.9977995735607675
0.9966206533901875
0.9978299585447253
0.9972478953329057
0.9924134948753158
0.9987677433114529
0.9959559566919726
0.9963946556071352
0.9956977450806404
0.997857672448791
0.9959819394391285
0.9924622805610728
0.9966398960380888
0.9969204305848407
0.8529352830592235
0.9903808882632557
0.9982964134461274
0.9912586066141926
0.9973040493179245
0.9990886860371513
0.957394724971057
0.9973394413464851
0.9971752552358661
0.9954681516413318
0.997816751951778
0.9816626882030038
0.9973686045418856
0.988387025711761
0.7606647468315652
0.9982836818311289
0.992216267806819
0.994756889644288
0.9947854022138357
0.9974168153022941
0.9969230011815675
0.9962017501476351
0.9974719490234104
0.9966253773133406
0.9890197299515952
0.9967541122983479
0.9934590275502231
0.996702667620196
0.9984985289230744
0.9949545443543958
0.9954673325536555
0.9981848140406279
0.8757474018454726
0.9959944241502614
0.9850972249259187
0.9933586510539166
0.9915770831742152
0.9973763552282736
0.999079852241389
0.9952666959649723
0.9967809194946836
0.8966811845750816
0.9978865861990435
0.9982500843232268
0.9939333640709553
0.993703688357607
0.9970281923146156
0.9942112879884226
0.8810482649199257
0.9954501055866778
0.9860673975484445
0.9946887829650414
0.9960395246147312
0.9978270924052952
0.9287614735126795
0.9964818553514054
0.8935255387071029
0.997164078848287
0.9919172664433834
0.9582565053734111
0.9668598416174996
0.9939314158664975
0.9728111128118782
0.9939165748672334
0.9960235349953316
0.9944944626650072
0.9969491135160028
0.9765482939351803
0.9839964456695198
0.99415285992036
0.998233389579354
0.998929750361048
0.9953298747802453
0.9985386125953327
0.9949770729761379
0.9953016355373081
0.9979414841561772
0.9969303824302552
0.9912551999286403
0.9971182715375444
0.9971065550450663
0.9952879830346235
0.9954125554425443
0.9015901500423708
0.9931644904039961
0.9970162458112681
0.9937272217549762
0.9986679352997145
0.9952327124391802
0.9981010263225901
0.9972118769376143
0.9648328343313374
0.9952747193918521
0.9985604238657304
0.9944802603596672
0.9971205652262525
0.9949394339905439
0.9975351028715089
0.9968769010633102
0.9946862348178138
0.9968200034849277
0.9973929740651054
0.9959072816485978
0.988639154914502
0.9635526319976158
0.9974282868120922
0.9947240057737295
0.9943993925588459
0.9971395957281621
0.9971375603385957
0.99528673867992
0.9846108169627393
0.9966464437647766
0.9967966132036067
0.9947068124011824
0.9907083209553035
0.9978196268748571
0.9947283485745024
0.9974034404414152
0.9872630381548496
0.9964525576567799
0.996154223931456
0.8857082820672509
0.9950851221317543
0.9964390514711714
0.9957929546354107
0.990742941209755
0.9796368330164489
0.8797882654555156
0.9942542824747954
0.9961037633937695
0.9977336713356152
0.9842207117801713
0.9960065757445338
0.9948982201309329
0.9928487788243936
0.9926697610452123
0.8983619797582091
0.9967160145693807
0.9880774962742176
0.9975189496752921
0.9983501322243715
0.9913804796843209
0.9974552331146546
0.9955401195410076
0.9931308183442955
0.9823539489463765
0.9966578005542481
0.9976968174204355
0.9846572218700981
0.9941458704245753
0.9917180555232356
0.9585459420220742
0.9889395539754918
0.9976662777129521
0.9952448319350771
0.9980598054447906
0.9931928235643906
0.9960266823561774
0.9976983344104675
0.9960866924478546
0.8920813837879964
0.9816383772373709
0.9958166765532716
0.9986187529965069
0.9962990601123273
0.9964760667416026
0.9972741513639595
0.9971185969475505
0.9978921071121868
0.9800454997767206
0.992277909611576
0.9867793705613642
0.9969715804227737
0.995493082798921
0.9956388845853682
0.9854596717349713
0.9962609303491117
0.9989931301178839
0.9836362141271277
0.9961496746203905
0.9693215718097061
0.878698738170347
0.9596382551639291
0.9969185649840633
0.998252135283464
0.8946750211712592
0.997703278593244
0.9947204845200621
0.9931269265433174
0.9838971454030487
0.9984966860029731
0.9889447895464758
0.9931720128574746
0.9941965543860509
0.9926755284785892
0.9953289370387816
0.998252135283464
0.9937250598191055
0.996358304633955
0.9971928913901676
0.9941465079568241
0.9809115272136633
0.9966244858228405
0.9936084840874309
0.9785533035833529
0.9947526537152013
0.9007653524709303
0.9860488784910848
0.997255786188966
0.9970790913989167
0.9977186026675665
0.9951819784580903
0.9951894227710052
0.9839050282518121
0.9961300044522072
0.9907632489361051
0.9862701502239827
0.9953542776499307
0.987236719534473
0.9617975242414881
0.9846384976525822
0.9931426457360067
0.9943917416018707
0.9941326759876234
0.996917221448938
0.9952788110555336
0.9950216059723547
0.9948136730437936
0.9948577444370107
0.9979497073192511
0.8882055935819584
0.9882931665649787
0.9970268210451984
0.9902749722480028
0.7622078812709913
0.9979235817101667
0.983996580217046
0.9963762932852278
0.9833489695245589
0.9978789494206669
0.9870276220686858
0.9947817076870116
0.9923816424359843
0.975070821529745
0.9033119040558133
0.8514400837910091
0.9905648122192519
0.9964005193945489
0.8949650693387046
0.9963489879261364
0.998771547453933
0.9623237846247873
0.997693343913196
0.9926290037397631
0.9937846084303311
0.9934670424184753
0.9934905368332284
0.9935375577003777
0.9956371467467844
0.9927123758101496
0.9643013438052503
0.9962688056187398
0.9981868048353665
0.9959168361188739
0.9926937052901549
0.9987637672523766
0.9957121706933608
0.96028821895929
0.991949487192428
0.9973295510456148
0.9885333564982697
0.9972161070910294
0.9849874888179609
0.997639714453618
0.9960335682052094
0.9812786606413314
0.8814604377104377
0.9939453006539912
0.9959776734296093
0.9969392523569335
0.9942632894158854
0.9940454413564282
0.9953783492059706
0.9968032299962746
0.9975166919083286
0.9955031528782727
0.9694036611143303
0.9945902922051642
0.9943884909363322
0.9962112446163834
0.9886885024147525
0.9925001041126386
0.8658708947936475
0.9932606665975073
0.8323181836577765
0.9954985126376549
0.8516318312240504
0.9981676517377118
0.9940930005643934
0.9956087931807985
0.9982797395936082
0.9862397220875019
0.8798987276450952
0.9975565299269551
0.9904399398070284
0.9909448185351933
0.9938151616893444
0.998069342772102
0.7653661726242371
0.9953300417774402
0.885589049725062
0.9969947960292991
0.9973074208634378
0.9950468552974154
0.9913978392811491
0.9969570846530272
0.9959742470213868
0.9975693465431247
0.9964363755062167
0.9659794429609297
0.9934414716229686
0.9904494885483479
0.9989691847386927
0.9964897147009734
0.9393866644609559
0.8991728860970111
0.9972427426906669
0.9989201924020811
0.9937089926669239
0.9961386444555131
0.9786231921196404
0.9975820664050568
0.9898643726802873
0.9950342177932525
0.9982972259422983
0.9973785803331721
0.9961356783211702
0.9977222118342994
0.9982013728297178
0.894207181135575
0.9974442185846915
0.9932352602246725
0.9961748545310145
0.9667639247372162
0.9935266199593195
0.9798788748791583
0.9977593128559424
0.9981993400933526
0.9978593272171253
0.994397097450821
0.9956450397524156
0.877898989487824
0.9838054195963188
0.9990350313557234
0.9969518094324269
0.9874864048582669
0.9638876770542689
0.9958030320802299
0.99650627832163
0.9851155012790502
0.989734651285462
0.9926212884330233
0.9896247981711509
0.9582097632440622
0.9847240336321004
0.9978535720513864
0.9997850386930353
0.9973691591064286
0.996457553750695
0.994188627375869
0.9965040028133468
0.9972654360546843
0.9683177720110222
0.9851193763708952
0.8759708421111505
0.9611395771881636
0.9956565876296135
0.9982809143880319
0.906062416431965
0.9913744712280937
0.996617579016226
0.9912661518562629
0.9974445001881349
0.9552091852534124
0.9875612384871644
0.9854707344008835
0.9943875210999892
0.9960943714812135
0.9898461849608691
0.9956817447374552
0.8642879935707279
0.993669958050061
0.8807478668444836
0.9012112544964093
0.9968944042711977
0.9976263608569191
0.9950383192643317
0.9647271280614002
0.986350827343358
0.9667794375965583
0.9052034338293881
0.7593828412791629
0.9980107846077573
0.9991209767336421
0.9823765033472055
0.9981645071746973
0.9924234092214442
0.9967963636266919
0.9968924428961641
0.9024696088334668
0.9881615069645645
0.995189824629023
0.9957324073215775
0.9905662078228809
0.9952056378909877
0.9983582476453815
0.9949976697219202
0.9981142956000231
0.9968062306517811
0.994613044790675
0.9978004163366063
0.9982030548068284
0.9960727500191789
0.9940633639270077
0.9944825035254953
0.994700253956853
0.998042950121472
0.9972070401849132
0.8750129622861222
0.9979962265120355
0.8758397027427846
0.7511473505597248
0.997233950534697
0.9914476349824959
0.9894291613823584
0.9971550021755866
0.9972042078678138
0.9966221295039237
0.9943273799339292
0.870277930729444
0.9920719062920341
0.9918552598856006
0.9984638594586049
0.9952518346388286
0.9970781252079922
0.9936918650583498
0.9922573655040213
0.8971733682390318
0.9982617543562131
0.9905831353801621
0.9983861640464247
0.9970378816268927
0.9898185537940494
0.9944744850329167
0.9958670170399313
0.9966474508360931
0.9874573850419115
0.9851362510322048
0.9939268601721452
0.9948756543778292
0.9975733115957179
0.9954450494256722
0.997326712368899
0.9989341725675321
0.9848363114173013
0.9966009851286014
0.97174872154818
0.993156992476942
0.9975220849098905
0.9917471040621683
0.9976104486441048
0.9949443223108687
0.9899870138746497
0.9725169187704389
0.9988102249771749
0.9943080578103346
0.9950301821305644
0.9945317898804592
0.9019699449114962
0.8815285824844694
0.9975556913504805
0.9960632342990712
0.9660125680540165
0.9786685397519219
0.9955210259937555
0.997802341158939
0.9980496630331539
0.9959786226186179
0.9956760131244011
0.9875170548387869
0.9983337333926819
0.9986700469639666
0.9848979668181733
0.9970883796175467
0.9253578970753622
0.9972846723473635
0.996802285273947
0.9941349141572519
0.9973821658467492
0.997619628197536
0.9914236221585887
0.9876681614349776
0.9977380229914428
0.8568465726329131
0.9951150836525554
0.9941810624756462
0.9952021215839502
0.9981107138621075
0.9973570718814985
0.9982690292898465
0.9919147101962036
0.9945690025918075
0.9902251791197544
0.9980919226916698
0.9237093690248566
0.9975317100181602
0.9928411449163191
0.9988539216535511
0.9852969546999072
0.9950020143517577
0.996155125114307
0.9854491142708844
0.9975575999348694
0.758351472413607
0.9939118087568808
0.9985472171814621
0.9925829590945114
0.9977346161946689
0.997890202142936
0.9956459343328888
0.9941656248139549
0.99623098803888
0.9985834310277452
0.9899052361066495
0.9933673657780075
0.9897036734588304
0.8715103238838358
0.998369499228114
0.8770315253573526
0.9951560677215758
0.9936485532815809
0.9971528451065805
0.9945003728560775
0.9959930340437992
0.9975509184973581
0.993951656919397
0.9921734310825434
0.9616318315148689
0.9660921194129318
0.9971423815336811
0.997104606712453
0.9958900469708918
0.9909205708938613
0.9671180018182954
0.9960678665180468
0.9961646125649208
0.995057865711713
0.995688758951995
0.9754078562079156
0.9921097358015879
0.984293981595072
0.9989962468359954
0.9966857283319133
0.9981473850210236
0.9938130572024542
0.9933260669070177
0.9963948497854077
0.9976477464494151
0.9859251556248827
0.9968920166323687
0.9959439709673711
0.9970295559186099
0.9942333256361129
0.9917534629013207
0.9918339100346021
0.9921938453208194
0.9877844129362371
0.9946229508196721
0.9974644490939395
0.9880494951963658
0.9164305718696533
0.9983252469029382
0.9896850248664579
0.9961892374980029
0.9918761325953229
0.9960813776143821
0.9767691520303586
0.9934780406987076
0.9968037641656302
0.9318251747227146
0.9968957834564984
0.9982518150273393
0.9985707966107462
0.9958410139004599
0.9680341806176229
0.8964091545943916
0.9980517090916737
0.9930764362061841
0.9982436532013412
0.9988218579992377
0.9960596508244423
0.9963482192789167
0.9960196920498586
0.9967392086864093
0.9879995022835049
0.9910203718134254
0.8907047343820588
0.9961063364631201
0.9980705873787291
0.9959869157647472
0.9960090474745755
0.9957444321038171
0.9970291024599854
0.9959092884718636
0.996634561541046
0.996220069677991
0.9935751527723272
0.9935358887654941
0.8796195811020661
0.9879439175836383
0.9947566791446593
0.9961891108378965
0.7605690738070386
0.9970274547581367
0.9930310976764366
0.99769766183074
0.9926230128826857
0.9631864313683063
0.9962128849576141
0.9147359424938829
0.9832691575339567
0.9980900267012072
0.9961188127735561
0.89500598542609
0.9917890773919589
0.9961196773205351
0.9073274959152038
0.9959972751145441
0.9967495535051206
0.9970711831908604
0.996610067255783
0.981270129639123
0.9946187478979484
0.9978203461519943
0.9967836923177023
0.9929547008704973
0.9967073001594959
0.997346013777425
0.9641287345875896
0.8901540541461697
0.9969248641815014
0.9986368879102443
0.9959898460355491
0.9971785523535286
0.9957253655298226
0.9959368948988985
0.9830385687050888
0.9922334325324816
0.9937334194000947
0.9870056735408418
0.9983955211142593
0.997845365539028
0.9971632631809515
0.9967349341510828
0.997855572155171
0.9980575049180443
0.9986503055591903
0.9929855266100025
0.9923712420751244
0.9960143841774048
0.9978768952741589
0.997002997002997
0.9970595956944079
0.9957924359009217
0.9973700947977345
0.9972248324799986
0.9965378253437501
0.9974840129992661
0.993235718741487
0.9987388599293762
0.8898061069611023
0.9960388718707088
0.9974176657840716
0.9959420804044615
0.8814488406354937
0.9870124796636804
0.9970178486189096
0.996776676292783
0.9794496310069938
0.9946080652469416
0.9973896085171611
0.9953494611635291
0.9929193697650021
0.9977250413084604
0.998512088121581
0.995455801933222
0.9901731203479134
0.9961735007751429
0.9986778881956268
0.8862423410832296
0.9953648155169751
0.9746966176090885
0.9899861952768785
0.9944226873019596
0.9965551909251286
0.9970078747971756
0.996924966788841
0.9972956950274504
0.9973776484260924
0.995057605046978
0.996523963337651
0.9971326898245051
0.9970125589352026
0.9942033590222925
0.9860310756270991
0.995830580130898
0.8847904903417534
0.9964051007071458
0.9978850543843159
0.7690260819749808
0.9019410907871207
0.996116058559085
0.9967820726553717
0.9957852986501167
0.9613594317904668
0.9938506935918192
0.9939632615654346
0.9919824573425615
0.9966461497417917
0.9920432220039292
0.9928893529727032
0.9928787849547446
0.9846309137796337
0.7608556969789909
0.958956566843448
0.99594084371748
0.9648038999988421
0.9753315245871593
0.9974561569454563
0.9964862377645779
0.9981414546372878
0.9962877713599484
0.9968128411371783
0.9961940335462693
0.9974823463759095
0.9872930694071786
0.9945054880862673
0.9980934014840888
0.9956105803053352
0.9934904049276084
0.9727716984661429
0.995225065919851
0.9988586128789458
0.9968879754713986
0.9612922454903587
0.9951145571760165
0.9648438009096951
0.9907470737309115
0.9897556533616634
0.9821239920240863
0.9982160044332533
0.9948832687712424
0.991907778195287
0.8405966916904379
0.9975222944532693
0.9954500917171127
0.9865985736723619
0.996848785017799
0.9974820990233916
0.9565606614553306
0.9645653226487617
0.9929060516550293
0.9948320539774116
0.9979106114418215
0.9901834771967575
0.9981223958120434
0.9983926132915234
0.9950574543604501
0.9639328889525994
0.9914466676763488
0.9959878094834906
0.9981081403676295
0.9936520413510552
0.9947322047172937
0.9970030250891221
0.9955971123064935
0.9970938522529651
0.9949854131323005
0.9936521598794986
0.9858245141344664
0.9930281959477829
0.9960782386992737
0.9980709550751562
0.9979766737547522
0.9971468100798355
0.9227743349455865
0.9978490817757327
0.998792281193664
0.998249189923696
0.9973849069007521
0.9971994480071434
0.9907256261383921
0.9967825457106613
0.9845244019138756
0.9636911732706793
0.9949428921412544
0.9968389159270923
0.9670305535018824
0.98613805761407
0.9977992231670191
0.997860628885967
0.9971496298496065
0.9608915704544138
0.9977524253890581
0.9972834557229403
0.9935813627190605
0.9975859348320164
0.9917430577507016
0.9856690030804947
0.9848222706994023
0.9597819236646493
0.9961223538809746
0.9842666144324957
0.9969809874879437
0.9969682986250664
0.9867070309597195
0.9621763508101483
0.9925128646698239
0.9032234546685414
0.997895675291453
0.9750884155395373
0.9951088363996551
0.9635245254947928
0.9828992628992629
0.9974562874036964
0.9986306064926468
0.9968614421831682
0.9957983724354693
0.9984027596863013
0.9845948704441445
0.9959255455407029
0.9923470367326878
0.99653087687981
0.9969821664030677
0.9963998344872663
0.9985444840180714
0.8009041531430086
0.9619101264534574
0.9950578963589134
0.9963086953175676
0.9960032612855455
0.9939627008851447
0.9942394239423943
0.9978192514453799
0.9962541446963723
0.9990533955053816
0.9951365756162558
0.9971250758450385
0.9982430482621882
0.9960883176215077
0.9962737457379445
0.9979661482216274
0.9973315620228275
0.9960368044128213
0.9973548352759594
0.9975155174526449
0.9928598803101324
0.9661321693504614
0.9805552198798159
0.9941495944030808
0.8742755630366693
0.9939953206040675
0.9935238276026298
0.9915036792747114
0.9951404032229835
0.9843192088482046
0.9639480350111604
0.9983654167807073
0.9898155027241209
0.9170670830786188
0.997562262949101
0.9664408541884966
0.9994957850783897
0.9983356284034413
0.9960334109717349
0.9824353859539537
0.8504668636247583
0.9981455174298415
0.9908924210690977
0.8902779844005696
0.9864222527329289
0.9987024798399321
0.9721524884184374
0.9838096952692855
0.9981525873365935
0.9936150282072932
0.9915660502050793
0.9947963479824022
0.9871219688910456
0.9972261205879833
0.9961353984511616
0.9843990808233476
0.9908573089470396
0.993610596553267
0.9916080293546299
0.9631108904594822
0.8896432073621483
0.9970074857788176
0.9801516163029886
0.9969286437187638
0.9878178138881422
0.9946206333705181
0.9968662852542909
0.9927555498419339
0.9947361130350464
0.9938286970284753
0.9924947590881451
0.9613823927234234
0.9922984737936625
0.982915872583719
0.9946062131199045
0.9985311174469214
0.9950036204641699
0.9971078902645504
0.9839133818741164
0.9973617640789701
0.9939145630271911
0.9973296749062937
0.9918992160464773
0.9928057553956835
0.9962227341043374
0.985452060144503
0.9943781225528248
0.9954429562833313
0.9958763135062181
0.8119802852579988
0.9983297718173556
0.9961176502528587
0.994524914119772
0.9935840928865877
0.9949802324188332
0.8935379557519739
0.9945795798488655
0.9978641435614907
0.9955286510284103
0.9980696717992099
0.9972045441027776
0.9981117909662685
0.9968296319547987
0.9979374584165003
0.9988704473116208
0.9950217249311334
0.9892647487037421
0.9956169361253213
0.9974603011723661
0.9835872310132056
0.818873952369098
0.9865514053554341
0.9976099426386233
0.9952150729938246
0.9951255965141835
0.9986010439222046
0.9971279739161445
0.9981572518623518
0.9934797507592287
0.9983422361392522
0.9907395294717056
0.9946855811720575
0.9888876037795624
0.9981878038360479
0.7658876289787436
0.9950487288028443
0.9935082286738238
0.9736671225874194
0.979589381666533
0.9966686228482003
0.996050455019998
0.991454268383781
0.9987952542166102
0.9949515363824175
0.9898503310234679
0.9953773244025311
0.7743147565419013
0.9848926387059059
0.9931180176388114
0.9537338610602012
0.9871447859140404
0.9960920062549284
0.989776912658555
0.8993359285550722
0.9946646574671848
0.9968796084549787
0.9972285333751175
0.8032113101794932
0.9988087217193465
0.9921443977420049
0.9010997351527765
0.9941787917400428
0.9971930128649564
0.9952251151424006
0.9970015321599944
