0
0.28899073893116295
0.43979555966332123
0.5069916988624367
0.6284756815505842
0.43194923622709597
0.6941642939844314
0.7092113812304165
0.6449284443725743
0.7147838431337755
0.7352257071301477
0.7637528501236391
0.7313714060061303
0.8231712967913486
0.6325455345842734
0.8035479301343956
0.7744453523878571
0.8202765351108657
0.8215075647745437
0.8186201323687856
0.7816340078264356
0.7571077701696933
0.819195528046028
0.7092606761505597
0.6185093319237182
0.8859152166546782
0.8164705488549134
0.7030942192983259
0.8952421318245887
0.8263199419895928
0.6101665137525133
0.7675894305989489
0.6745049815544457
0.8847510967003623
0.7480388430037668
0.7998691173601978
0.8839736237281779
0.8741885874305652
0.8121932122353529
0.8282553747034381
0.7136480520110621
0.8469129390378498
0.8489937409374749
0.8949891123065185
0.8932155477031802
0.8636343142748568
0.8666130392223375
0.873592505854801
0.8723770298987692
0.8898427283211822
0.9037398610493173
0.6451443569553805
0.8993951533468647
0.8835394296494424
0.8665730046899858
0.7455724017951596
0.8791719529730186
0.8726347244262553
0.892292206854485
0.8926560308434268
0.8782326849382672
0.8841348262774084
0.9200324772742945
0.8832654623268751
0.8843083774323632
0.909016727866177
0.9077326774346294
0.9261379411304449
0.9313371542486918
0.7622533894903333
0.8108515477984843
0.9264695587240099
0.9033368669689837
0.8691876923076923
0.9236670464814742
0.8770612348010719
0.8914420632975086
0.8861134450789673
0.9231871137067126
0.7932692875563517
0.9359313718696731
0.9260172692238676
0.8798436278342455
0.9103437078967519
0.8567858035491127
0.9134006562970612
0.9027836128490161
0.900577650002662
0.9011318823687086
0.9380088303069791
0.900833644147826
0.9245147483984273
0.9021013062173784
0.9251714086821636
0.9321078446944908
0.9184213032342784
0.916544323800785
0.9123538109961016
0.9165406565533388
0.9335740072202167
0.9348919090204915
0.9498660588401165
0.9388542908390058
0.940343646290547
0.821227236702473
0.9597675548716287
0.9363500239108791
0.9424324906495388
0.9338570227131481
0.9138292400944957
0.7757022396847097
0.9377490818861409
0.8814693322399015
0.917275507304681
0.9096215240917239
0.9270611622227699
0.919105592832847
0.93867964608711
0.9036378029040986
0.9263198163733741
0.917601033120632
0.9433039118066308
0.9383804017998831
0.9028374758342075
0.9316780205269791
0.8960905802636314
0.9440888895465627
0.8964182715737933
0.9360499393709005
0.9317994450253358
0.9271756870855612
0.9289717333287689
0.9427065943238732
0.9183380958860616
0.9336070971187399
0.9021431459765467
0.9223994761681428
0.9549552227713575
0.9267422179704172
0.9407251208902824
0.9353587676667734
0.95272186225102
0.9345829924442948
0.9550764720106396
0.9519921059405657
0.9316265487650955
0.9250191102496786
0.9553056500242919
0.959656775116196
0.916495418656513
0.9058041902121762
0.9515158277082519
0.9461916405417627
0.9603027995949509
0.806743356503083
0.9549594120259065
0.9595420722912736
0.9242016290309141
0.8140122137321223
0.9414527731515822
0.9732123328092178
0.9538158542589857
0.9388325973878544
0.9496323749178074
0.9474376831904839
0.9324005462401218
0.9432763914767154
0.9479487695714794
0.934475582245099
0.957785237617847
0.9551416588832116
0.9261233125125932
0.9643230635862012
0.9522300492514177
0.9473490475937815
0.9338154519729893
0.8016653982296365
0.9405098311905431
0.940746138670174
0.8247452731149991
0.9346717221500223
0.8601163365838046
0.8994136946588285
0.9375231080405106
0.9427578987438142
0.9630539734112414
0.9672787796758971
0.9566722961184697
0.9484831944598432
0.9529308761341502
0.8873946891408462
0.9500664676655302
0.9609992522635684
0.8559579572717926
0.9483969658197027
0.8809307179912208
0.9572105967225646
0.9235204273639565
0.913845146493933
0.974685879634125
0.9413976477780325
0.9687464218685438
0.9688460579878707
0.930869392644006
0.951559732957271
0.9258133818491494
0.9181385889191266
0.9665467887619661
0.9584993002476047
0.896966549306407
0.9623099267378448
0.9445632835237615
0.8275166657330122
0.8611002869389635
0.9577729424564086
0.9703206167488336
0.9714980054106103
0.9495262968102892
0.9563413014608234
0.9444690929495126
0.808682430661144
0.9289844730431359
0.9672056258478917
0.9460219064379711
0.963890055421815
0.8923242568099838
0.9405489062944504
0.9046121808002184
0.9526716267035906
0.9411147111617878
0.9305378673728982
0.9702374817916269
0.9501655357240611
0.9401681957632883
0.9285046624477291
0.9345308994210687
0.963037092500864
0.8536770280515542
0.9521649650646706
0.9818154232953314
0.9750297381958272
0.9282681826638323
0.9511407774186853
0.968350388749651
0.9827633282259334
0.9570394364548168
0.9672883392748048
0.9089661393552172
0.9571844095404305
0.946315827450603
0.9399712437095614
0.9171561995124653
0.8720162373089894
0.9527492147629621
0.9624800987927509
0.9678157399582459
0.9627641016846923
0.9394398807627543
0.9628328943517706
0.9700189404920663
0.9457152148901699
0.8733231109367756
0.9763116178292803
0.9506017274685259
0.9696383470363803
0.8611988370543936
0.9600199018477056
0.8771205375614438
0.9504512581435658
0.9627903096288417
0.9757749621483783
0.9346101541251133
0.9155790242768423
0.9509982836907167
0.9728557103285312
0.958244796818003
0.9640341739343755
0.9627214298950271
0.9678853832302513
0.9711948315079229
0.966865261228231
0.948921424499715
0.9543492682287614
0.9447996857159574
0.9264670219498778
0.8920966066481995
0.9686301684704939
0.9261211814833538
0.9328742830225276
0.963688267730447
0.9558231337792744
0.9599279583356016
0.9629918882734361
0.8614324412561435
0.9488526403096489
0.9567815300871252
0.9630100231008002
0.9432341469350635
0.9030976759952543
0.9640035491908966
0.8502640719417615
0.9716704297519405
0.9781845948211679
0.9559651389813086
0.957303719351634
0.9650197655305449
0.955208232210465
0.9767752870635262
0.9267536793542807
0.9430184093115064
0.5634582733906192
0.94272338721856
0.940388894969173
0.9560237208020995
0.9607860129557814
0.9392570210242436
0.9523761820804616
0.9188544062960253
0.9283015539002423
0.934153009458926
0.9016663382460527
0.973212535034198
0.9219956907065615
0.9448243926764979
0.9420341280052011
0.9786915562173057
0.9720470427816601
0.9543309951227277
0.963051723812579
0.9477477770108409
0.9235592498791407
0.980406911928651
0.9103253907250832
0.9523221388199408
0.9370392529091373
0.9687507636367191
0.9457474748050202
0.9553276309476793
0.9354877421566947
0.9548272121493879
0.967885554320947
0.9569667192902214
0.9750263921879124
0.9898181987115956
0.9402277874786362
0.8899054488691869
0.9461660987559731
0.9572958059745045
0.9304574473921543
0.944296922753189
0.8386221423988557
0.9487493339219345
0.9427613153660841
0.9905085005520744
0.9264203780947255
0.9655383869779265
0.9735757541203253
0.8958092567682777
0.9301694971819998
0.9086496145947244
0.9607880264983784
0.9590049413257622
0.9778717553435273
0.960542663949383
0.9346269346269346
0.9678797992778188
0.95305711999949
0.8592754716406084
0.9121512151215122
0.9590727393185385
0.9473412197082807
0.9554950822849206
0.9615343224641241
0.9109379080924299
0.9499801556279842
0.8096571028691393
0.9790658916722391
0.9361245880485043
0.9545885672192238
0.9712547095655002
0.9409915841300739
0.9663622253507057
0.955044011077272
0.9561227332643073
0.967012470074705
0.9768399600379689
0.9539575625999941
0.9493905725610247
0.9366797783808377
0.9540737664495029
0.9108232147203549
0.9750546182232095
0.968773085813693
0.9111266573053971
0.9790954846191423
0.9624744226834259
0.9800879892175063
0.9514739454094293
0.9024037354904475
0.9662308877456325
0.9605344730757729
0.9655352571969564
0.8823730737014653
0.9770713992676219
0.909162206808861
0.9590405692727312
0.9715598000626916
0.9732859538485891
0.9634300126103404
0.9042496113579771
0.9643367847444961
0.951537481285849
0.9237723908007007
0.9634401532111193
0.9521541910704044
0.9434218335350237
0.9703567436661699
0.9832562328570844
0.9624950147394898
0.9468888888888889
0.9686263212082857
0.9749244712990937
0.960772168886136
0.9734207679475689
0.9603509927767673
0.9668838919895474
0.9594795589760384
0.9098596573971617
0.9605358868782579
0.9497737107619041
0.9638704210817809
0.9653701431702797
0.9654353216898762
0.9693824619975793
0.9626178336892927
0.9754882166834545
0.9781332179083024
0.9508279369916423
0.8871322877208361
0.9526345562756363
0.9754416936310892
0.8946167675321449
0.7251059928956113
0.970553879471173
0.960585324184548
0.9521627851072555
0.947266343338842
0.9555449228679207
0.9388662818207627
0.9583922447277594
0.9689746532473793
0.9432276213850422
0.9759060202999666
0.9247712416957602
0.9793380104008785
0.9623217687022371
0.9700179744821287
0.9628609893613791
0.97934000846143
0.9292571291897239
0.9643004836386994
0.9424405348779886
0.9681438813185279
0.8828282828282829
0.9349902362305669
0.9558295251826691
0.9805809551947838
0.9750689172486129
0.9581769336264067
0.9624438107206729
0.9410534526699437
0.9672828934112432
0.9679215154749821
1
0.9867119288066526
0.8763328869711848
0.9742113811871314
0.9220797784725443
0.9546682386168566
0.9626983280242642
0.9547827272107762
0.8920655775162801
0.9654243600721607
0.9543609030056962
0.9814002869440459
0.9690672226703395
0.9600506987116751
0.9639469032932944
0.8737970462124821
0.9711851680720804
0.9806858113220236
0.9340710162552885
0.9672459532778
0.9370979899162887
0.9634944642749108
0.970541939749426
0.9560768833965058
0.9721029734223025
0.9233636151875145
0.9495951312821128
0.9786050314614464
0.9167595171773445
0.9811068037285477
0.9715108710057142
0.9647769378504039
0.9747374289371894
0.8759045111849268
0.9819477423769916
0.9516272500122921
0.9445098230866973
0.9774419215856507
0.9722350312378955
0.9637340610673583
0.9790272529104357
0.9585290620816947
0.9680584529444787
0.9404596510344206
0.94926550338471
0.9416224025502412
0.9723837423629509
0.9623925420191893
0.9524129651860744
0.9595897950064843
0.9456271758624327
0.9442932728647014
0.9583333902083125
0.9526293264858503
0.8731387398410952
0.9460804857176062
0.935572330919735
0.9831037887325348
0.9663101823117374
0.9665260892254758
0.9581083554498032
0.9721282550885054
0.982126267986822
0.9766580067260643
0.9698804712832195
0.9804994029529577
0.9819884438439241
0.9676684310092907
0.9689032039087283
0.9826337988718308
0.9467411123349037
0.9828803747861125
0.970719649053582
0.9635932993333716
0.9407998868649069
0.9517151863526794
0.9731441576362412
0.9208278966798795
0.9603701428656349
0.9492894216788285
0.9712536607085228
0.9427721800928958
0.9774094270431474
0.9580883044787354
0.8840554712294743
0.9738347254840622
0.9555305904040432
0.9707426823554373
0.9548962773264366
0.9816727797486622
0.9548794403881657
0.9217211778767793
0.967089484929784
0.940661649232217
0.9427738096505328
0.9645014250877175
0.9713637716062897
0.9604691659494405
0.9641054589520728
0.9512945341889799
0.8953731353820304
0.9506361754287499
0.9683941679067668
0.9789980542396947
0.9764930114358322
0.9607604888857122
0.9804675908814051
0.9282500959811028
0.9651060050657689
0.9741550951200401
0.9592591735738818
0.9061013692049004
0.9527506123087078
0.9659604923396948
0.9783520784120157
0.9692457476662276
0.9627097781050457
0.9749405949669658
0.9421264143795945
0.9596620784107283
0.9725168040882645
0.9294428928413935
0.9551863759560203
0.9459636545836465
0.9660726835793149
0.7963829518148476
0.9672521771354456
0.9726680141300241
0.9746382401036685
0.9392833285618857
0.977574328385814
0.937407769814614
0.9577591921194759
0.897840458212693
0.8926310889471722
0.9426605331907877
0.9737690264802193
0.9532484386406035
0.9423584130243182
0.9614006004615793
0.9642832972932908
0.9029238354652966
0.940134800916422
0.9709173147119505
0.9001134138846473
0.9623535658580294
0.9706485912124831
0.9550094562370051
0.9678239114673919
0.9373500388807339
0.9310913430245172
0.98132776509272
0.9836892065269628
0.9883219096218223
0.9789971196049744
0.9765865539267496
0.9738789862980478
0.963234342840341
0.9843876549189955
0.9732237043025903
0.973048407820259
0.9699286782140034
0.8532818532818532
0.9784771273251729
0.9847964483163009
0.9707023751981653
0.943365408046999
0.9723731884057971
0.9521622049738635
0.9508481780594304
0.9562982610333354
0.9832388833918023
0.9664091203494071
0.9701979668271803
0.9784109946254899
0.9828533875014936
0.9523055485178616
0.9745342368851738
0.9537376071389055
0.948051948051948
0.9557761732851986
0.9777560992258292
0.9596005916746125
0.9762575603891956
0.9513429441395383
0.9500186737327628
0.9732522217703204
0.9500851019486609
0.9827388331975488
0.9725825492050562
0.9762612880549397
0.9419292034897376
0.9793803102417639
0.9807096916651398
0.9529530491614205
0.959711684370258
0.9777721630516468
0.9874143707022092
0.9831412103746398
0.9795337000539716
0.9868535387075565
0.9879250843775557
0.9748824499964132
0.9679569391644335
0.9047715782516517
0.965754301641863
0.9176237979689045
0.9915435841098046
0.9561315792891186
0.970116001009996
0.9661579700874227
0.9837475251913359
0.9513092502235857
0.892201679697693
0.9698092310042584
0.9667476260676441
0.7750687809122191
0.9643263264476041
0.9102603100623321
0.9610531994500809
0.9392285399910115
0.9737612764238589
0.9584628207033344
0.9322961874874808
0.9754904624748655
0.9471748597785564
0.9753825550938418
0.9667203049877111
0.9559716742826327
0.957390277892925
0.9789080950705995
0.9533155644664126
0.9870703502742042
0.9728574362037745
0.9582444967465042
0.9655822107067856
0.9842407453366155
0.9779477692666341
0.9747569669475049
0.9350367640807522
0.985238978083098
0.9422929501921603
0.9078651875688034
0.9657615987309777
0.9650732604024124
0.9811270904014171
0.978622193455953
0.9826210065404358
0.9565847006059583
0.9772762532968325
0.9669545501391322
0.9878617336574644
0.985571010306988
0.9624747353957691
0.950960405244164
0.9771466453769709
0.9406943810745431
0.9091079156429667
0.9691560078235796
0.969232753894282
0.9546464648053232
0.9382537808875471
0.9565601865047174
0.9810849148491924
0.9794835571040109
0.9708058648138523
0.9813824177369457
0.9806354796413584
0.9740223636251313
0.9423639922842426
0.9785604291888133
0.961213214567595
0.9608001474435829
0.9711852593980049
0.9786844575918262
0.9356237491661107
0.9579530728721498
0.973799772769308
0.9572174975119877
0.9689753582071661
0.9795401140879949
0.8722460577848817
0.9673694779116466
0.9638274462982309
0.9182768949223301
0.9396805151141358
0.930653650484386
0.9646358566471552
0.9777690413067073
0.9726026731706369
0.9716048730988287
0.9665905303634519
0.9750355387990977
0.9659709504704123
0.9293365307753797
0.9828453548550541
0.8779250583626795
0.9461084900175354
0.9795394066822168
0.9713453692344337
0.9742373010788726
0.9776797644005741
0.971109056644028
0.9741369415200114
0.7463241363905642
0.9093104316312002
0.9784562460933365
0.9662499599320448
0.9731617182120926
0.9637281617104267
0.9902947450864409
0.8590752531051038
0.9708812097784764
0.955198720904469
0.9791930306375519
0.9548922473740679
0.9668516925963568
0.9509596851447896
0.9552682320569146
0.9340974212034384
0.9481924401529718
0.9841600912284574
0.9740846557947098
0.9405279838242477
0.9854178270167003
0.9656323030032596
0.9883266211404891
0.9819010129927329
0.941868620452126
0.973762230343039
0.9875451591737353
0.9665003863350543
0.9573564663075802
0.9731134277267777
0.9751844399731724
0.9315138967980684
0.9213443779874371
0.9718804369427951
0.9844597391295119
0.971185975791545
0.9860096591787979
0.9827471373312499
0.9846562285250975
0.8905027239011233
0.9667811504068814
0.9846278490104619
0.9430856522202676
0.9543271808225473
0.9642057169982051
0.937769217597647
0.9770817883519408
0.9821806719568997
0.9731680362857398
0.9890790851435636
0.9554387326676781
0.9812255577084723
0.975908826020871
0.9835795309149129
0.9491365347715162
0.9623578602716694
0.9199478289429932
0.9815196306933521
0.8847240051347882
0.9025020316298388
0.9713289999216853
0.9777216302317917
0.9649221577350983
0.951548981602798
0.902762377926564
0.972775025533015
0.9818354981111252
0.9580755742937074
0.9530400338862749
0.9448558704546942
0.9862548445053297
0.9781732446833593
0.9845298521667407
0.9801158851829791
0.9769545729968634
0.9723175279701651
0.9802850649671458
0.9844338062934515
0.9528756884727888
0.9636941744392878
0.9812646449900917
0.9419044701557603
0.9701243912274715
0.9575130860263996
0.9686672864899379
0.967311545709443
0.976035186300087
0.9410735800197234
0.9918300888518273
0.9564792691908703
0.908208775313404
0.8807420226493001
0.9717693820153404
0.9728592039042848
0.9693153425878889
0.9758952401067568
0.9779347860438657
0.9497900502956435
0.9310949797342188
0.9615610436765005
0.9617727668474929
0.978400059792222
0.909318888554519
0.9533963953633061
0.9707583547557841
0.9761930728062204
0.9062991943876961
0.979371993107791
0.9815357864393855
0.9707232326698696
0.9900342484485859
0.9811535304994413
0.9738167799744731
0.974558679582813
0.9667658212039328
0.9770067980698918
0.9425430408628915
0.9666593648158396
0.948928857609021
0.98560912572225
0.9666361701908942
0.9337160031010057
0.9856201520102832
0.9812165113309546
0.9577412191304794
0.9035793601125369
0.9850894719187971
0.9814585175579486
0.9704803689953876
0.9737736507502996
0.9667281770750396
0.9509497392194568
0.9313685306895937
0.991590927779202
0.9807447076809661
0.9783686550946429
0.9547210894628203
0.9436793854976391
0.9749697302051831
0.9525986492272419
0.9742050038499994
0.9768803917340719
0.973002625828605
0.9523887690335491
0.9725628346019553
0.9651696919799794
0.9681762031613711
0.9784731578274509
0.9198994398053465
0.966466122759743
0.9758511213185626
0.9433883270315178
0.9518185743211053
0.9624131782165404
0.8782911256187674
0.9776341958553602
0.9044082066211617
0.9607599744143279
0.8986219475124126
0.9721608538398928
0.9641263018680774
0.9783982687084823
0.9822208324492143
0.9290276740594663
0.9667551190687877
0.9710500567580094
0.9199099486504945
0.978789353541674
0.9704765155461874
0.9815451627693719
0.9725758708131941
0.9820666294875189
0.981874624474264
0.9598152005656736
0.9734271339521502
0.9796110602649494
0.9663393168585152
0.9425710082607219
0.9858406028980263
0.9840850045791825
0.9493065840850949
0.988685573478747
0.9801718136683155
0.9730517084183563
0.9798600520319368
0.9627289934765759
0.9871020181414156
0.9713165299204631
0.9836515464666694
0.9840954464260128
0.9804282955941723
0.973290148902162
0.9533671277309355
0.9361269338272624
0.9813720908364946
0.9509031313201758
0.8905873057073931
0.9852361935501518
0.9720578346032483
0.9678318847749581
0.92389679732029
0.9807692307692307
0.8984350365932589
0.9607278103358089
0.9305177200718602
0.9183424862209472
0.9605506654773883
0.980957085247086
0.9808406943904159
0.9889751912821702
0.9792911423833719
0.9816098402334728
0.9859185399335261
0.963656080663036
0.9658887575161704
0.9908105190854676
0.9571314221339421
0.9739782254874625
0.9811308747255545
0.9554554729376699
0.9872967236943571
0.9786280059941486
0.9888514832162373
0.9900953695428371
0.9789591975012808
0.9835749889648087
0.9779570982262076
0.9841481875743081
0.9853322675580424
0.9799310710498409
0.9774284316124296
0.9714104236251827
0.9736837732525776
0.9871039518631107
0.9726280539748071
0.9740472853327796
0.9783352693693078
0.9882098001628445
0.9158539073658437
0.9119789603415643
0.9554627973987221
0.9604455403913399
0.9859000604719027
0.8980516029300566
0.898950406717397
0.9631482689999114
0.9822575278655797
0.9036081757508343
0.9591589344507633
0.9887179594691121
0.9355907429963459
0.8778010134826577
0.9758852258852259
0.9851375630981336
0.9656002511949203
0.9613412549849434
0.976413708550787
0.964588552406063
0.9622372545200191
0.9761474850163113
0.9752143866509224
0.9702201145073659
0.980735263053024
0.9801017340599143
0.969512033327142
0.9853254033572992
0.9758964798150372
0.9422320835339799
0.844298644381028
0.9502300030562587
0.968987040516117
0.9660792934616257
0.9870241439680795
0.8378880954881165
0.9713504154117014
0.9733230870567571
0.9365691160871271
0.9119178930966155
0.9443561346740934
0.9667911637984525
0.9891571007332657
0.9792047469022972
0.9882740009108892
0.977281323053132
0.9810365117135051
0.9793656884499241
0.9829150672536973
0.8579245569066851
0.9810169974445958
0.9752059498094452
0.953435276138571
0.9245909284176165
0.9608235533545892
0.9689478298689016
0.9629044264000557
0.9439807028642258
0.9714446716500105
0.9805016188069012
0.9797611701329242
0.9260250380870372
0.9713414864813744
0.9745743692685572
0.9737097200599242
0.9711204362419239
0.9655245031369281
0.9655888625843067
0.9242757217522298
0.9881589794894513
0.9849713732631199
0.9706446536840053
0.974490763380872
0.9769684610355241
0.9680104128859464
0.9699883757793512
0.9838574871263867
0.8652210291451681
0.9879838110422543
0.9928630685145423
0.969233556351006
0.9937293324131273
0.9844436611444014
0.9523819121405365
0.9755251534680852
0.9725482678934645
0.9816911526201471
0.8276329509906152
0.9711836242518712
0.9805712636428747
0.8924501404553385
0.9425957195955398
0.8051178660049628
0.9342060040309749
0.956444286972654
0.9690354228888926
0.8895750535004586
0.9699525198609732
0.9876787502995815
0.9874852936932511
0.9857188204828335
0.9892433850683906
0.9886060357216178
0.934132919679615
0.9773767096674643
0.9180909384069655
0.9824100576497096
0.9790937818320278
0.978372041315465
0.9811266964003615
0.9789075246361678
0.9734364741396069
0.9832018164744137
0.9488239892741177
0.986246155221382
0.9801008438339577
0.9553752394219049
0.9795013716293784
0.9779122788171976
0.9166959407390951
0.971011642213276
0.9640287450781001
0.9559412070136198
0.9934349653438291
0.995633472367049
0.9767611909604004
0.9783493843715714
0.9097394540942928
0.9496236374426086
0.9914587654948962
0.9879147758943609
0.978491822799412
0.9762970438475199
0.9668343362166227
0.981400824014126
0.9787118291269484
0.9920098906693171
0.9661599266854981
0.959367396593674
0.9823916435675625
0.9829978731459906
0.9219301179749111
0.9699048179766461
0.9830500829905463
0.9658218041920702
0.9512766488314712
0.983188616047618
0.8394582351037766
0.9425574895328235
0.982557204612314
0.9798569819524845
0.9657409798777532
0.9850408113482048
0.9486065439611945
0.9204260857811261
0.9796276633918073
0.9655413021308572
0.9256346534964925
0.9734003170843971
0.979176877120931
0.9667123991913228
0.9252358234416845
0.9439996499978125
0.9644315219478119
0.9697037278937573
0.9848102500593764
0.9868446202252478
0.989991022564439
0.959056682002996
0.983288254831341
0.9517785715198528
0.978973933683172
0.9818842165142432
0.9551722379025402
0.9776312143761875
0.9880125559947693
0.9289684990735022
0.9672605275335493
0.9869134666027682
0.9621538861130667
0.9565520129571978
0.9745360312829744
0.9721619456175199
0.9827821790841842
0.9633904067505018
0.9577024762614038
0.9838581434011648
0.9766389821523237
0.9745790666322462
0.9834738617200675
0.9828205163766791
0.9797496750092687
0.9562017663971183
0.9784534877203097
0.9512750658746818
0.9749513375229408
0.9788104802774997
0.9513910668958279
0.9762626501306364
0.9632558868998274
0.951054088446351
0.9826478617872624
0.9825336401246115
0.988375814065888
0.9595068822638868
0.9854484334993411
0.9769238363196604
0.948963543245954
0.9498137028483449
0.9389228282777857
0.9698523499318269
0.891678251085964
0.9841465569148342
0.9893559397639786
0.9802457860639894
0.9831173131315549
0.8276531281130157
0.9619719192543497
0.9867467715215266
0.8420605625061248
0.9823005765381819
0.9789897311774057
0.9580640061654596
0.9830106433775395
0.9725043493038877
0.9654343125704002
0.961782925402046
0.976653003029763
0.9816292370751095
0.9732261317200022
0.9876433177443383
0.981024477218317
0.9841712662864505
0.9725312592300877
0.9811989446556786
0.9768863433613458
0.9796998102248548
0.9805850066097396
0.9436237488483451
0.9783557020267151
0.9711774628324426
0.9846798456909759
0.9641602801688781
0.9621792986979697
0.9621236345164311
0.9555126791620727
0.9677406283030145
0.9146455286972284
0.971605050596953
0.9826683445324742
0.9752992188641864
0.9770134610997034
0.9843445794172901
0.9432625185552455
0.9737845217057712
0.9853992258529121
0.9858766514117951
0.9600221217539674
0.9748190157937874
0.9751407078785609
0.9293188721370579
0.9457329608349586
0.9820575502805297
0.970421132415858
0.9787169225851989
0.9768499430786745
0.9888075972673095
0.9852615823235923
0.9641632170313424
0.9884965889052698
0.9841896563410831
0.9625764903936083
0.9779008016596948
0.9230502964813533
0.9840261885637209
0.9512556380281336
0.9923890884926847
0.9530932529951657
0.990233662660172
0.8940508838143854
0.9531301844181143
0.9647109845158803
0.9446916325747997
0.9891035991960012
0.9438316913294343
0.9565083408101098
0.9925928125046388
0.988721082898889
0.8371959008089735
0.974382570360779
0.9690541292331002
0.987633889372717
0.9402429788157551
0.9222231193982572
0.9907660644234488
0.9874074675867738
0.9956854785242909
0.9726673644341177
0.9763587941660392
0.9792115723071447
0.9569079760377558
0.9881330062576594
0.9899747920531387
0.975235084306096
0.9794696278267924
0.9853069774267409
0.9943559096945551
0.9898961496644547
0.9706760616728888
0.9792865111382054
0.9708011583011583
0.9770474408734259
0.9617366573429199
0.9904516053330205
0.9606358819076457
0.9821675380085332
0.9676552993553184
0.971605448594813
0.991086034460803
0.9865167613962025
0.8746813718022931
0.9873566425351327
0.9465474499317568
0.9298634138166322
0.9818371963973194
0.9826095680818688
0.98843501565579
0.9870525917785371
0.9661170407257151
0.9923400962297272
0.9869560625264048
0.9880241236552209
0.9800875167970231
0.980360925421584
0.9842510255405781
0.9782739871896227
0.9787665665311892
0.9690499950466461
0.9910434163701067
0.9676901930205384
0.9828687182003054
0.988929045898033
0.9817108591773634
0.9849115415574852
0.99239823103707
0.9863084271652
0.9512137033983695
0.9906416861240305
0.9806356470887363
0.9888560417765058
0.9838681704403378
0.9784893619312315
0.9696015017649819
0.9809340040888521
0.9364408697029345
0.9822494841598473
0.9723536161941808
0.984931672930703
0.9811328096937187
0.9938407509961504
0.9818980888844463
0.9460522453771647
0.9755425022241624
0.9780983050135976
0.9807123463706849
0.9830609876762357
0.9627966946446888
0.9651735722284435
0.9160819557470052
0.9912100869214863
0.9795063161677309
0.978971205384967
0.9851782432404576
0.993091717003402
0.9547469886350978
0.9800506069162785
0.9920342336624792
0.9820268436545211
0.9845595939593768
0.9854427312379961
0.9159974834134066
0.9920326223337516
0.9837802472511377
0.988549829043478
0.9674306343476019
0.9787758295746514
0.9749419719938731
0.9740202124167059
0.9780138017019194
0.97798608236245
0.979570696187757
0.9746298200397697
0.9784062669380158
0.9860683804952723
0.9682783342931108
0.989082604578622
0.9877386161465596
0.9820962704948724
0.9810512629304575
0.9911492582514972
0.9875080223709545
0.996074907783978
0.9790854376876174
0.9542491958693076
0.9795371313455898
0.9864749893993899
0.9892033030540744
0.9882211870691954
0.9842748160418286
0.964495183298048
0.9907418135091581
0.9720550018092701
0.953900455510243
0.9777522279562144
0.9833376993141831
0.976135112960999
0.9617201329603157
0.9888415948701345
0.9767372066483175
0.9769011196749604
0.9889481099012444
0.9773869501674242
0.9839285302682228
0.9807300784988154
0.9635769542774533
0.9877623195456714
0.9851417044327877
0.9135953891490874
0.9831598171576617
0.9938334335378214
0.9735649621230779
0.9852652658649248
0.9658524243395987
0.8815462127020388
0.986027232886558
0.9898717287233539
0.991083697316244
0.9676562866461043
0.9586830330148748
0.9875742232126486
0.9900617182026302
0.9672716384909484
0.5330036890661342
0.9841301360199405
0.9859014500865854
0.9840370107270637
0.9900764009344576
0.9465247418108091
0.9762886369736227
0.9648962820875654
0.9914041495547163
0.9855830005584543
0.9859580362230217
0.9561786165917268
0.9595937581727836
0.9786746489054835
0.9699418927268719
0.9902199059268978
0.834461097155952
0.9805175769321597
0.9727433786863872
0.9819432441737103
0.9871355786569205
0.9593578238241159
0.9688771810392032
0.9743798157376928
0.9761422870242639
0.9931360691144708
0.9607305157111108
0.9887283831146365
0.9857939540275615
0.8873080643404844
0.9910003472964308
0.9411334365483097
0.965891835065997
0.9627722175211306
0.9594126494955978
0.9579791322736222
0.9758071630760544
0.9894814566074311
0.9742490011132302
0.988057240131929
0.9337827082563354
0.9658760880438118
0.9602343791055757
0.9220085001971695
0.9920578200391658
0.9762943434348891
0.9581150836430048
0.9640557832650205
0.9861140868477587
0.9866959582274808
0.9761902796409039
0.9900428954044677
0.963835546908045
0.9766541996578204
0.9774921437673888
0.9212976518123792
0.9494432262444498
0.7643672456575682
0.9553068429354766
0.9854262945307667
0.9767635414358786
0.9858102641668719
0.9609976363769193
0.9663517217820214
0.9923030626176454
0.9811410805356315
0.8805246913580247
0.9394793543145774
0.9920059394316102
0.98569782489993
0.9759162303664921
0.9704582086115588
0.9904968572283748
0.9758954241844047
0.9692796970969902
0.9739478174784093
0.9909457135838861
0.9847300162316184
0.9556789661985369
0.9842611904379913
0.9839174211088957
0.9677882683585781
0.9926796559056102
0.9869253598414922
0.9809377646885126
0.9680942510789882
0.9844228926389332
0.9879542161882223
0.9887228830363802
0.9612760670920627
0.9833364983462323
0.9752118483770901
0.9787308964277253
0.9848890616884907
0.983258601783223
0.9772427313140238
0.991919461410958
0.971321866648393
0.9888885002019405
0.9936473071042488
0.983219981011064
0.9867970631798932
0.9672222905794846
0.983535187720798
0.980602397423952
0.9800497550815752
0.9829147267554624
0.9879493429716175
0.9828703910350496
0.9801031297222352
0.9686582478856285
0.9787137664063297
0.9785431472771884
0.9829665767487317
0.9759102642483527
0.9340246393418121
0.9984854737537141
0.9869531958661646
0.9017794901746519
0.9741845883183908
0.9728835545061688
0.9623232751470019
0.9341302465640734
0.987508378526598
0.972248612640203
0.9787833415355937
0.8903975299112312
0.925873681823336
0.983697532126983
0.9862841388817093
0.9560013196964698
0.976950174813613
0.9701577508489752
0.9757033142365847
0.8577797632343087
0.9842755228007232
0.8601317902060477
0.9847562037209457
0.9508661453915953
0.9865115656848199
0.9669744226342877
0.9885600474865953
0.9726362428001772
0.9851915500425057
0.9527320518919016
0.9761387662665097
0.9655976879417807
0.952400509644509
0.9895241423776612
0.9695692891969597
0.7466223936565877
0.9859909399560713
0.9897701630108284
0.8698778785354809
0.9884418242855973
0.9745799715234931
0.9872857096561632
0.9906862457103163
0.9747703435804702
0.9865833088773674
0.9623176079662911
0.9351604420976121
0.9522490511629101
0.9747380987070606
0.9584013737599887
0.9944889380913667
0.9590439259149928
0.9806071509442977
0.9922030503710969
0.9593600644991579
0.9880207619830433
0.9803771772188895
0.9822497142472938
0.9797336383039555
0.9728878303200852
0.96509294867787
0.9807538546905106
0.990949993278282
0.9828943741133435
0.9831305216411211
0.9727122336330729
0.9875306555312521
0.9586441318100274
0.992549592703851
0.987404519619812
0.9839870021914909
0.9875588379988703
0.9688586499914974
0.9901875548398625
0.9847159461852982
0.9859742288168684
0.9819128026800563
0.9803371429880213
0.9777901853955545
0.9778897783635052
0.9861022509796774
0.9699337363681132
0.9827940632323315
0.9991764175718304
0.9869722597541244
0.9738517864845476
0.9777355116985621
0.9608056344989497
0.9832343941679945
0.9845201107159661
0.9781792636713532
0.9865996567058603
0.9589601946192758
0.9821077840184694
0.991011869974406
0.9747424069540088
0.9818263020475471
0.9894459973301606
0.9786540478966966
0.9640041407686629
0.9960703205791106
0.9890210995086649
0.979492988633867
0.9769977078906098
0.9852931507238805
0.9837405959017179
0.9830930211239016
0.9849280557905977
0.9576535454422199
0.978829272010965
0.9821918195437713
0.9325358808122137
0.9917716369595448
0.9829343072275576
0.8749802683504341
0.9864297804459273
0.9687369820078952
0.9872770967946282
0.9672279409346533
0.984046135514833
0.9648693649118629
0.9713469464645713
0.9878241328205972
0.9834394467230698
0.9919323586401269
0.9889140841521794
0.884574620380649
0.9888069767160959
0.9844625152573881
0.964840236223552
0.9829123553551187
0.9868585845096602
0.9865562116608382
0.9524152016954325
0.9854985233692861
0.9830188713275942
0.9712549484354119
0.9518392300738425
0.9903993044269648
0.9877776604614416
0.9742900997697621
0.9790655459943188
0.9846182059922518
0.9880647126633267
0.9548012218368893
0.9932523804876688
0.9912448396406766
0.9748209001083493
0.9847430232406574
0.9844295743261824
0.9881734458049606
0.9584507803177645
0.9941298841835712
0.9896522448979592
0.9883582687399062
0.7354338584646162
0.9892527036932172
0.9693686184621796
0.9871670544297247
0.9764026109125797
0.9808243631241061
0.96151964954066
0.9824489851407752
0.9783886528447753
0.9880524218588284
0.9834820951582547
0.9741177138101903
0.9880215218912823
0.9838256723310805
0.9899107537663405
0.9760769116112684
0.9828840735254551
0.9746976106505993
0.9838279440142571
0.9760949266745937
0.9693312561539811
0.9791625123153437
0.987892525158015
0.9711841868823001
0.9788249694002448
0.9850489872199045
0.9669768286342911
0.9866536647843046
0.9490308802484664
0.9770052180327691
0.9843635440418934
0.9871462213989892
0.9862022526745298
0.9565836180802354
0.9546759277025212
0.9891623995686375
0.9723267992142027
0.9891810889851342
0.9683595569750411
0.981436932246598
0.961321481150481
0.9925018556965173
0.9764483229944275
0.965432069952701
0.9907910106059898
0.9864469261628538
0.942989750531812
0.9415740270991132
0.9691756272401434
0.9792360632162824
0.9766969692945177
0.9896491127224353
0.9849291314837153
0.9790582134162031
0.9832750005794645
0.967018463225885
0.9650457633780672
0.9933197487553306
0.9874562807448342
0.9883683524716996
0.9886920278796552
0.9859857013798765
0.9776506945329425
0.9902283303653557
0.950272136445996
0.9422335362393802
0.9780717561985055
0.9924193354923834
0.9819844513106748
0.9824426849878757
0.9884681644614155
0.9923287773755064
0.985468700342377
0.9796589151020064
0.9606721064288755
0.8568645628631263
0.9739992861149355
0.9326099528125952
0.9694478397995986
0.979761014681772
0.9502228794760748
0.9819404819516185
0.9861884637040153
0.9758493212216395
0.9846078028138745
0.9741374856635083
0.9799655702920806
0.9666678676622921
0.9922091712591103
0.9909965413543007
0.9847963719216116
0.9832129565550887
0.9883384239462432
0.9844642485298498
0.9368724204610419
0.9687018093646645
0.9868675039373258
0.961798825256975
0.9825044990666533
0.9252219588885575
0.9927399731845795
0.9801896904441187
0.9815494293925612
0.9927374644088951
0.9770974896058676
0.9925301832710849
0.9932304491806062
0.9657387580299786
0.9870671852060867
0.9570196282023122
0.9794375476637865
0.9682466663841997
0.9912140040760663
0.991206195391037
0.9802485092702212
0.9461529240973323
0.977672398551086
0.9775812601093739
0.985277979504559
0.9813046264416415
0.9589260580995898
0.9885720647561167
0.9931493042008064
0.9700243540678618
0.9850231311213785
0.9869887027658746
0.9908414335418845
0.9985499045059065
0.9581431416436087
0.988155668358714
0.9880280209382366
0.990449143942122
0.9971531130090358
0.9792176162152914
0.975350642874951
0.9865751748494834
0.9962053623606231
0.9828532011835394
0.9935210113543251
0.9857787042340872
0.9873689759231759
0.9636345042849506
0.9893851200026283
0.9878341454626564
0.9803496511668672
0.9738665982149909
0.9914811423118656
0.9893764815122907
0.9858520110531164
0.9843638476222093
0.9848727720512521
0.9771074647988863
0.9768653995319513
0.9765714775748221
0.9886126548623548
0.9871583728915727
0.9890341545680612
0.9867898638389776
0.9904556032476599
0.9874965615544274
0.9881758168296148
0.9929732097168786
0.9858313508282533
0.990771541155285
0.9872240606542957
0.9865629224953785
0.987490963593216
0.9903953261416024
0.9791469173367628
0.9809840386950773
0.9908722577936391
0.9884405790719436
0.9916773585686566
0.9873610579336094
0.9898985857639028
0.990140213688634
0.9879905496829584
0.9942747496177966
0.9898380235027959
0.9912986436929536
0.9828422578017493
0.9501017116496012
0.9816948194218673
0.9875879522810036
0.9884280070835036
0.9908524381869392
0.9886629232251202
0.9935653325567462
0.9617847931852516
0.98222007785646
0.9800610900184847
0.99323074501161
0.9760415776512356
0.9758518233508614
0.9737086596122058
0.9900003212748185
0.9892223104037522
0.9931856118275033
0.9895112880073078
0.9822406697885625
0.985055832039724
0.9850980841137302
0.9889955406493381
0.9709032167134664
0.9886105585166279
0.9830783547785495
0.983192638223439
0.9656384799460995
0.9957517866722041
0.9644657998869418
0.9843329585157222
0.9920005853230252
0.9815949457623078
0.9966357725826532
0.9226675771496365
0.971118358101115
0.9915301979524836
0.9678729735024735
0.9853928359854118
0.9854961398728429
0.9904972507769544
0.9956235743461885
0.9896294061127743
0.982996272910076
0.9843484326633823
0.9883157220094986
0.9725992630212835
0.9935886816950594
0.9902401371689381
0.9890051849836
0.9879739091669352
0.9898886221032888
0.9856548146461471
0.9791913913454053
0.9276860122285565
0.9951494627488924
0.9606983163754164
0.9884493879953394
0.8982983561001137
0.9878814109500108
0.9540872549237129
0.9054693612810522
0.9712983936442736
0.9822969527127673
0.9912323518285763
0.9496935763411967
0.9384230971553433
0.9837179442989108
0.891094389474295
0.9732604338806652
0.9827076557514475
0.9718983762870372
0.9469506591520889
0.9940286361536939
0.9792255187346746
0.9838231743973038
0.9901440485216073
0.9875109742049093
0.9884677702522623
0.9642435509726694
0.985237967955112
0.9919930906670026
0.9837486351583217
0.9948601746435283
0.9817471793850496
0.9831993450592141
0.9799385875127943
0.9835325616936582
0.9697404303114888
0.9885660607819993
0.9892480909767081
0.9864592602541932
0.9913136242719118
0.9825885537308383
0.9885587959177493
0.9746652472765736
0.9669512902236979
0.9915826555942217
0.9811252508991615
0.9867254894237208
0.9829872110759122
0.9878611082987412
0.9877125814620564
0.9831569955931743
0.9224517833846222
0.9774118397392175
0.9839941877803793
0.9664718992831757
0.9917944705526971
0.9606861780445175
0.9825972046321505
0.9900369363465894
0.9935415592521234
0.9480813263814174
0.9781150373290016
0.9650292878884406
0.9885274057053999
0.9782663008175121
0.975067515684011
0.9705245800267959
0.988528632572396
0.9894222147500561
0.9829060982191041
0.9956176656765837
0.9919260433598898
0.9897955260264071
0.9899435580775631
0.9965631137296911
0.9891305514701936
0.9725680954789553
0.9865583941441678
0.9874213836477987
0.9866733471625843
0.9860191908532452
0.9825552298562952
0.9892348541695871
0.9859673566878981
0.9798913501221258
0.9919339180410627
0.9923564736550612
0.9931640491751832
0.9911561700774423
0.9249857387335996
0.9634600715836413
0.9808601574981956
0.982425021183087
0.9732613580709285
0.9632919089163837
0.9906423161415129
0.9505317443802689
0.859947954721991
0.995115201441627
0.9916753978754483
0.9856811883631957
0.9408357141605174
0.975160333199918
0.9896638931253499
0.9794615382689404
0.9818618843016377
0.9863081700856022
0.9844343809025329
0.9898075882421855
0.9888414422786174
0.9840385636668164
0.9830483220245736
0.9847148773494744
0.9794409696727393
0.9858189947409891
0.9890198369234514
0.9870032145824053
0.9541629231542766
0.9687764008904002
0.9931092909048076
0.9862727256427726
0.9102488437724673
0.9934692832218203
0.9828231860616397
0.9705008303469976
0.9664890204579666
0.9809323320446127
0.9780521167356923
0.9574300057543108
0.9919557623820956
0.9888556716265218
0.980138529113639
0.9777189107366275
0.9934040010553599
0.9855455872177872
0.9944565474890956
0.9690238224019943
0.9679352320705715
0.9865194355515744
0.9142419861731884
0.9887590418774801
0.9510660611011696
0.9901296713676773
0.9880381518722453
0.9750586427610285
0.9952783890322479
0.9854328763372048
0.9894858169098085
0.9951316079815906
0.9882154812835325
0.9925187632976495
0.9849450524238879
0.9724908553389788
0.9801322697211426
0.9772493656146047
0.9508636521356454
0.9667978798502016
0.9749738953616179
0.9919509507397247
0.9842830428229231
0.9773733486729876
0.9928232852314639
0.9905751549842197
0.9812067768722523
0.9806502367126921
0.9878147381159791
0.9792643494531588
0.9623906381296031
0.9761985106156769
0.9857200786491953
0.984581106786153
0.9614378002902513
0.9848612217207917
0.9776335063705119
0.991280637254902
0.9901155995470982
0.9946567300594087
0.9454303294702043
0.9435684573064365
0.971178520601979
0.9881983753401259
0.9774612997598299
0.9859291180372628
0.9692318769275077
0.9883727396785605
0.9705784732100522
0.9794890334198473
0.989672213428053
0.9849397165620813
0.9891618733250539
0.9861297954260797
0.983435758121127
0.9598953395084239
0.9615028284303574
0.9848653604279372
0.9782723599941975
0.9914109331663237
0.9910369698631293
0.9679855486277024
0.980934355091866
0.9953850632585176
0.9517014948152966
0.9861232996928477
0.9640770288714733
0.9867424379707015
0.9722837721892259
0.9920475974110815
0.965859536378242
0.9858646278296258
0.9806142057992493
0.9815386803311839
0.9899315794890612
0.9851328754220158
0.9758021939344166
0.9835069593915914
0.9810885876043817
0.9869711608842043
0.9787652379079826
0.9795022879709145
0.9793780308554101
0.9918192906557908
0.9879501697354968
0.966628811631947
0.9837086395467234
0.9880522796761079
0.9893307111940229
0.9695592562352687
0.9895405790408295
0.9823293204436048
0.9878461768912882
0.9737650296408455
0.981901657839481
0.9958858042358328
0.9943445602381454
0.9552075768763693
0.962984552608569
0.9940794746503271
0.9888364607187324
0.9786031537419662
0.957631341361737
0.9866462174004041
0.9759865594990359
0.978159988868692
0.9912625837787968
0.988569741082053
0.9770814988748655
0.9772219153153738
0.9807029688950424
0.9915875632353777
0.9909355141974361
0.9526817947395565
0.9947628822569609
0.9943265663294466
0.9911028461983876
0.9824146784635229
0.716812402883942
0.9456900092966942
0.9860817004365672
0.9605810979922738
0.9862741432408765
0.9835359181630801
0.9936684796085368
0.9828363223589507
0.9960929448140167
0.9896745028925332
0.9903917412806206
0.9932266038090608
0.9929488657165715
0.9768358001217861
0.9838037289235781
0.988117227402915
0.9885094480107862
0.9858057375332795
0.9897360601456172
0.9943915851955307
0.9808203294845161
0.9849881052336972
0.9591060560971383
0.9880375147787505
0.9942957764395033
0.9829032159778187
0.9870701320049314
0.9899488985369267
0.9367029378677313
0.9881502287664169
0.9920985659823295
0.993072605738832
0.9868853507257497
0.9737954530404734
0.9915979730783518
0.9715033039647577
0.9886293830782154
0.9718443036095243
0.986581253228589
0.9885001762425097
0.9724819031683096
0.9812067620286086
0.9560136102754249
0.9524527378777339
0.9903520645602094
0.9895284183586112
0.9860747528909909
0.9767260199891842
0.9835796338930087
0.9454278757053696
0.9920524819201576
0.9845185854414042
0.990075944299173
0.974791310208949
0.9818206800527627
0.9852677700059138
0.988623295547889
0.9618604651162791
0.9668071654373024
0.9805056052191506
0.9801049104471659
0.9868057829972395
0.853029951242164
0.9898896656082121
0.9755286766431139
0.9924210986618119
0.9925283622369934
0.9715353445683768
0.9851122615949999
0.9845993168568566
0.9717431617987946
0.956465778316172
0.9945711969424981
0.9838843257782405
0.9849888913191127
0.986863833211616
0.9898012042488484
0.986821463462092
0.9653762203159926
0.9793217786590841
0.9936633359717308
0.9848201002810072
0.9503849270664506
0.9728598502313904
0.9868707593819923
0.978399342981653
0.9835208459534326
0.9761712838322208
0.9884518785116906
0.9927932910908485
0.884794203777127
0.9698712878406558
0.9772283669486012
0.9910547225426118
0.9634968382533288
0.9868413113711035
0.9707607589633088
0.9814531585488216
0.985376200441272
0.9930838722729025
0.9896759761514863
0.9473226187433955
0.9814590565377681
0.9900267028355868
0.797850490862457
0.9231605496608106
0.9912885190482382
0.9569803564304893
0.9701841479550722
0.9797711556284309
0.9877987948175554
0.9850262574429423
0.9887288666249218
0.9932006251439885
0.8864805692391899
0.9889208758614674
0.9687352081472915
0.9956868339347151
0.982039558854858
0.9897750966055989
0.9914696348189458
0.992769035071779
0.9807484886704649
0.9893370972006237
0.9913410204796079
0.9897150686246813
0.9909835350359734
0.9498318385650224
0.9888852566198104
0.9819391341987861
0.9924662650793903
0.9926264329782465
0.973443264899613
0.9920394103388375
0.9838917963705567
0.9943073073727254
0.9937415081836121
0.9953923372630185
0.9754251300799441
0.9705077937877465
0.9939874012636972
0.9927638464221953
0.9891441965507802
0.9685947554553641
0.9657475078091139
0.9993117582283128
0.982216385470311
0.9904398202270542
0.9901803465641306
0.9948215409511822
0.9822902274964609
0.9865194520614282
0.9848226610538805
0.9854637997715568
0.9929979780257401
0.9570235605314961
0.9951593373174638
0.9913443191673894
0.9945796808637751
0.978319783197832
0.9571985591741246
0.9916106217877461
0.9876532519925219
0.9794223581379544
0.973307282857831
0.9902293034342251
0.9793415715498538
0.9933530057327435
0.9936828077179359
0.9922985292589267
0.9842924402228664
0.9744087916943849
0.9021349299280501
0.9921147416078434
0.9928423404753752
0.9845844732271577
0.9859166487162918
0.9677905805246274
0.9900793588384609
0.9904836802126389
0.9921280027343709
0.9812628112503781
0.987025772953167
0.9832240049640989
0.9792526692117761
0.988726443937962
0.9750771745051753
0.9841809233653621
0.9931636696297195
0.9937836418756084
0.9963231089072939
0.9792605442914453
0.9746505726922204
0.985002659018822
0.9679293516151523
0.9959918822932522
0.9698470937065607
0.9868061580401749
0.9972148159202008
0.9840243303110376
0.9837459316377604
0.9786923821252639
0.9929182177757097
0.9927550617313657
0.9834272777573257
0.9964158773654217
0.993335283807397
0.9945375514283722
0.9856981721057068
0.9774164408310749
0.9958726893140911
0.9652148038767967
0.9341156646807486
0.9943495376038273
0.9833600586622726
0.9862426747613952
0.9902911529115291
0.9941437225581038
0.9894365024834813
0.9933692089932907
0.9859640329584369
0.9938024680031194
0.9911155187568389
0.9781899293651122
0.9679413730545211
0.9870358203706959
0.9797336951771273
0.9908585346795756
0.9887441783475912
0.9798781428351072
0.9860193615027986
0.9847514095335725
0.9638830736495299
0.9921856833396566
0.9449744014609798
0.9926453519046111
0.9954937792732208
0.9807711418066183
0.9944226017832205
0.9920639336028315
0.9036197831756579
0.969872692814766
0.992773759392571
0.9826339787219983
0.9941590465188567
0.9893861342424481
0.9936238730857038
0.9880249493314899
0.9930279428142441
0.9872517131849764
0.9925357613292353
0.9888628114510275
0.997846652338153
0.9864596708299288
0.9215396217122982
0.993037942132631
0.9972696188563807
0.9738730957325955
0.9814565820399348
0.9969984321707559
0.9951138394819351
0.9657828004041297
0.9884228092465819
0.9871446736563623
0.9976780522233673
0.9656706464843928
0.9967396024228508
0.9979570725702697
0.9929735788933426
0.9969502830312871
0.9622172060581721
0.997564414818613
0.9946322727830601
0.9845409979182056
0.9796620999575418
0.9953755096535912
0.9948998532713419
0.9926434689614172
0.9833390205510364
0.9955833253003602
0.9943514009317549
0.9925737242584995
0.9892298120185965
0.9810890447640844
0.9714343237236819
0.9968415615083758
0.9868434712196608
0.9941010566457457
0.9834977622026724
0.9738657525983445
0.9967339613081249
0.9901142387425665
0.9886743478569312
0.9974552605790845
0.9751522817629894
0.985934664246824
0.9883768432583573
0.9858848746506232
0.9872862646707675
0.9728563338475659
0.9852967774195951
0.9706671085583052
0.9956312218758003
0.9883698815506642
0.9847291050185984
0.986122030915268
0.9861428983556111
0.9845775988531468
0.99135828548384
0.9836037378891246
0.9609221495202305
0.9822503571016477
0.9862231688078762
0.9921689950210277
0.9932308933650128
0.9831576454743572
0.98870546390443
0.969490427765737
0.9901063967821461
0.9900547172037059
0.987751847498171
0.9759751947203831
0.9850483290102006
0.9739537134102089
0.9952310953926463
0.9843946188340807
0.9887105651845076
0.991399652260308
0.9939525662189851
0.992397832615224
0.9655765949394822
0.9675543270936092
0.9862084662937622
0.9948013736111221
0.9814379766314836
0.9898819536776535
0.9678929452996251
0.9889193575465891
0.9870150172449169
0.9932535858041839
0.9848968441578749
0.9855749890423954
0.9819767743946795
0.9930115812132835
0.9683133949420133
0.9847004103170985
0.9847019222251749
0.9907906565741795
0.9833326858777285
0.9866431085726808
0.9816986676652333
0.9901413376426039
0.9903235551513755
0.9836513702054923
0.9921396450333946
0.9518027399354185
0.9844485891886825
0.9814287205703567
0.9886575786396139
0.9915309664760436
0.9914922184137313
0.98991607788503
0.9741354817046396
0.9674744754220289
0.9626185627344284
0.9782765522917323
0.9934519907658107
0.9714537213629941
0.9956012600384089
0.9957905119195442
0.9902107576593379
0.9802463053307843
0.9695928694118193
0.9831574723225456
0.9795059397986007
0.8981253328647687
0.9835839325924312
0.9833015721772272
0.9882835613410992
0.9775133848899464
0.9863995913803338
0.9762312724055238
0.9829284989259496
0.9785014648004025
0.9897146501492942
0.9931839921009596
0.9831940184424823
0.9909596155532665
0.949651724038267
0.9860724233983287
0.9721287486181314
0.9775080769405784
0.9894476921944323
0.9818515072571641
0.9770426713143042
0.9905196723512824
0.9838946178537532
0.9914342288875528
0.9884056902497715
0.9817672873127701
0.9649254228703198
0.997554897699168
0.9749016853932584
0.9831352024922119
0.9852069520295499
0.9868787050628087
0.9862876208354172
0.9937135397064358
0.9832993452384642
0.9927435384797887
0.9675569927149887
0.9702075336654588
0.9849515041981302
0.9916557181397868
0.9889282300038947
0.9509584764283484
0.9832535242483059
0.9915120070659208
0.9933704085806203
0.9909386954110436
0.9862492589911556
0.9477451558112933
0.989216613638318
0.9892053774438746
0.97021508929726
0.9864152049999083
0.9864838971184318
0.970162199403613
0.9718414415022397
0.9875882708109102
0.9849029344552017
0.9826752161608138
0.9939769648355472
0.9878597958712267
0.9858591419285061
0.9665535070768266
0.9833110426237135
0.9890697568871878
0.9936868750876588
0.9977836057467306
0.9947781173140907
0.9890362832394451
0.9859522625559424
0.9669226628142313
0.9893728897990812
0.971038922688433
0.9510554650365936
0.9942002511184744
0.9888343152061025
0.9901573158847279
0.9914403160961465
0.9893744676353372
0.9817828126787962
0.9774410302982814
0.9854674416313663
0.8992556021202901
0.9891722632816371
0.9801855962935896
0.9572244170062045
0.9964727890286096
0.9754062994390911
0.9577868649454861
0.9908413926175059
0.9751389871173938
0.9860859686000428
0.9808856548654032
0.9937901000035844
0.986964333080842
0.962371298842489
0.9866283602482689
0.9923998365977099
0.9803091876492521
0.9714889429199953
0.9903314993533312
0.9944340451422842
0.9941066776751271
0.9877517122542938
0.9794265545542034
0.984226627362525
0.9876168598749934
0.9884052866702504
0.9950175706496736
0.9813711583924349
0.9674765778757289
0.9928010504254728
0.9618360962590016
0.9803311201172717
0.9843402801418659
0.9959447666957548
0.9821256197716918
0.9853795673748201
0.9955995920151537
0.9930367790732049
0.9764053018205047
0.9784826260805343
0.991952407580258
0.9906408293818219
0.972681362087934
0.9763253638253638
0.9526616011943225
0.9831807908386192
0.9883194420354022
0.9928323300578172
0.9857779261878923
0.9926644529512719
0.9844737135537491
0.9467586217060933
0.9883991521697242
0.9326164694873338
0.9876538972035334
0.9953407351150652
0.9870714215541802
0.9879506326892706
0.9903041126109564
0.9947714781209397
0.9850550011576067
0.9750799581240336
0.9583828126421041
0.9912130333877157
0.9554551348649007
0.9847046783215803
0.9948349911388565
0.9893872773093797
0.9915365560039957
0.9915104119305265
0.9712589292926962
0.977561981030434
0.9863085132185302
0.9497882301401391
0.9505253316007163
0.9671272063674083
0.9905439713858284
0.9932870178920961
0.9713646179794764
0.9929478385387982
0.97600450016072
0.9570476383813777
0.993753965020141
0.9827122718194063
0.9674527172611922
0.9577009432811617
0.9247395619719465
0.9805720938394833
0.9914558330920232
0.9926284447887856
0.8620435020142045
0.9913893294464385
0.9737606509422072
0.9878981918966866
0.9951687116564417
0.9949169083007449
0.9473568883131062
0.9831018664551772
0.9932819377177917
0.9735458929652264
0.992622662259372
0.9839297023432553
0.9744193467705072
0.9911951874054273
0.9930024597414242
0.986632895277752
0.9966220968575819
0.9875534263303744
0.9838159861841427
0.946055672202343
0.9434994393691525
0.9914562441725496
0.9729059128469838
0.9869904185657075
0.9514434129204008
0.9810177877053323
0.9858385424238019
0.6127874532850381
0.9784487333211396
0.9874237921632303
0.9850857401566259
0.9725621220192399
0.9845463548225398
0.988991931871159
0.9819092019882084
0.9907097885605299
0.9779167901816367
0.9943652410047522
0.8389083212654561
0.9889433103816603
0.9630734270700184
0.9861571248668023
0.9741564798752034
0.9933049186553551
0.9731659498934115
0.9590922591572812
0.9886678418534374
0.9761927727747038
0.9897308981649192
0.9795756002764989
0.9913316048140551
0.9723307755940326
0.9525872933946298
0.9778035804916878
0.9123052475808353
0.9898122899427423
0.9903122276775277
0.9937624387807154
0.9963532330840346
0.9802636192568871
0.994923736485217
0.982652040847247
0.9972665501342493
0.980423141931873
0.9901228387693018
0.9745116705933922
0.9833636807505658
0.984471677985065
0.9069588252992156
0.9843950126774185
0.9769956730833634
0.9917622580184542
0.988303831857382
0.9798159246575342
0.9869321079104347
0.9852793789762911
0.9914610313849026
0.9901328207123651
0.9800186596174778
0.9900188323917137
0.9943508627773213
0.980303140485565
0.991359248586479
0.9864097089486688
0.9890760908219918
0.9899371157594842
0.993433034824503
0.9869835746790624
0.9917041838905905
0.990734356720594
0.980979955241267
0.9957325902847866
0.9961297824310124
0.9967168220678652
0.9852371570982527
0.9877196232383829
0.9889046781370565
0.9858780929390465
0.9904769028163257
0.9819171382934669
0.9770543993776578
0.9689765786351452
0.9939789715258215
0.9955355050386688
0.9949229800861848
0.9903692399994783
0.9907840899965825
0.9879342467142368
0.9890544530293615
0.9662828947368421
0.9976527534539794
0.9823971330165747
0.831031810480929
0.9894501224285739
0.9838454640664253
0.9843650912612851
0.975144362410649
0.9809930264580032
0.9772003269646526
0.9832774578527774
0.9843536084490514
0.9650575925437439
0.9915984817978529
0.9956093216770182
0.9692838124595959
0.9951960456948429
0.9842379055397078
0.9878838272851458
0.9926619733468742
0.961101225780941
0.9829303704301183
0.8696386202949697
0.9882537811824789
0.9891369165523367
0.986917638293524
0.9686954570388471
0.9840434621208997
0.9836170605258965
0.995547031815734
0.9880571398528936
0.9880155944895891
0.9668578157800419
0.9861003677214362
0.9907711041562076
0.9928275747458114
0.9866070503848328
0.994328846463238
0.9777560763888888
0.9812126654433295
0.9865829853001522
0.9937429960377023
0.9917414481537892
0.9911632665845357
0.9786400722216977
0.9911263398348269
0.981699281039215
0.9810132357781262
0.9837901184531502
0.9770980273009396
0.9927513732636521
0.9899237216310387
0.9825799713568197
0.9880776684077464
0.9925395636898329
0.9955318081158783
0.9925639738123947
0.9552292648966805
0.9900996956749479
0.9928582587070979
0.9877712432978694
0.993117461982171
0.9849054538258464
0.9885654236132807
0.9889560768421618
0.9910063845797448
0.982504481152963
0.9817286197036652
0.9880162670752152
0.9957411803274707
0.9912515715739687
0.9700941590131695
0.9956535900876838
0.9792350093764045
0.9893842033729281
0.9882061341630752
0.9929133165091848
0.9905126140633387
0.9827779857731187
0.9866911184818743
0.9860147038068233
0.9333066044973741
0.9894902736072514
0.9897606621657071
0.9834311423593763
0.9597205996884736
0.9678706585267998
0.9898121306503703
0.9455872468926607
0.9857591872471854
0.9247035095643771
0.9822364934376656
0.9883571055743153
0.9931918287765321
0.9937801164750052
0.9937083465566486
0.9868388784435543
0.9929331741245453
0.990357235309345
0.9819774692275983
0.9910180153927904
0.9975849251624958
0.9931619616778777
0.9782511871152202
0.9905122754503328
0.9840379172096653
0.9931720687832639
0.981076157589929
0.9915661501509451
0.9940337432251297
0.9867721978092765
0.9808774446023247
0.9923898026442735
0.95716632701497
0.9946528777506831
0.9871776598618401
0.964367814310228
0.9916711805685907
0.9832486818129803
0.984829362746793
0.9830437912417517
0.9807228514877834
0.9843102813399843
0.9926588227451503
0.9858053002683596
0.9894672837551948
0.9874171059343649
0.991886169472453
0.9857731231820768
0.9832576512261985
0.9717709900437803
0.9970134570113489
0.9479992047939564
0.9748956446404663
0.9501216031940168
0.9810368099181817
0.9889522451888809
0.9960804668513246
0.9739107560322626
0.9848394699446608
0.9969342654789164
0.9831897084433459
0.986302584334412
0.9907613846020025
0.9744270503755468
0.9864888574334331
0.9818679214690571
0.9926555764820841
0.9925733200024238
0.7770709229207993
0.9912046986149118
0.986965644245864
0.9974077113966827
0.9868809700319436
0.9947026002349628
0.9966429965377613
0.9862150694467464
0.9917142352733479
0.9928158401962502
0.9923812588364441
0.9942861000237353
0.9963262196271905
0.9832247223536222
0.9927170694727206
0.9910219755242664
0.9918078849313533
0.9745451915078303
0.9957688272696185
0.9961506839076164
0.9955983571732049
0.9829339912198728
0.9868574986984084
0.9926260667383399
0.9895827479065137
0.9963780397936625
0.9952130481924931
0.9812462646867591
0.9653844627049343
0.991636569539667
0.9891223418021396
0.9819552966382864
0.9830738455535724
0.9891310258160794
0.984974366399008
0.9901685693327731
0.9942468501181911
0.9831537548652144
0.992111045015056
0.963004456506793
0.9863781868069053
0.9916213119450015
0.9891002936634417
0.9255887591529784
0.9887956209735409
0.9879372084028504
0.9867078030225738
0.993467309294485
0.9957390549678131
0.9894021416999249
0.987754295322191
0.9922382592770244
0.989811808491587
0.9943976883420228
0.9907642885825191
0.9852533623149029
0.9696824170546844
0.9962967362846739
0.9895528059926445
0.9893528102555131
0.9918950259885518
0.987030688530007
0.9874123910545586
0.9914485785875813
0.9963256818686532
0.9958598073375692
0.9016991811745315
0.9937505616186826
0.9919685641818307
0.9955674871509167
0.9920213347323322
0.9923286295857617
0.9931770306398244
0.985801921059004
0.992378034519856
0.994879098601039
0.9949839290932112
0.9758885575923876
0.9893726514286175
0.9948550335328941
0.9969519119763787
0.9921066880238237
0.9621673990519359
0.9891793472993368
0.9950758735295404
0.9951973928704154
0.9920594339338887
0.9928263415549304
0.9849536101228978
0.9548863932944243
0.9948631039145782
0.9908435296977555
0.9941940485582457
0.9866311736509157
0.9278723447014611
0.9771492794647715
0.9864068483320526
0.9808097204167817
0.9877713274889808
0.9892269657334641
0.9943033285336838
0.9565924386828674
0.9838835660125725
0.9560200307750453
0.8574032738321445
0.9926325247079965
0.9844790038529694
0.9851049988090146
0.9915218458380772
0.9933026993842204
0.9872928270904662
0.9945779208755492
0.9878704740750501
0.9790850165812481
0.9920674500254355
0.9921567873585867
0.9830763739231851
0.9973157965373776
0.9780438024423264
0.9659595354833141
0.9934525209754568
0.9831095277817848
0.9887653216299516
0.9805200739801869
0.982961639333335
0.9629815249922176
0.9800479812897082
0.9922944839477321
0.9952349702869226
0.99102542795413
0.9893354588345169
0.9942442144502239
0.9664693584100071
0.9923492516922313
0.9952700247729149
0.8220690481898825
0.9908469680667604
0.9892044851614729
0.9885764295209459
0.9958075558207455
0.9934639875290636
0.9861690316922761
0.9916198431858483
0.9894539561369546
0.9771562946166121
0.9911323388675733
0.9762172811708415
0.9657357629339116
0.9933537211646115
0.9888534679894248
0.9809067728092543
0.9945506865736975
0.9940140019428533
0.9897357060778285
0.9868029903606541
0.9664317947905946
0.9897842602330907
0.9629484189004165
0.9954293156877095
0.9931448554750795
0.9882494727327509
0.9947054951329407
0.9425499231950845
0.9824404487879306
0.9940230267666582
0.9823409223584355
0.9941711872428732
0.9492985266545504
0.9939997035299274
0.9876453048374402
0.9599380215431143
0.9901202408477254
0.9854519625381458
0.9914053516789773
0.98611507023673
0.9842443397202547
0.9986642920747997
0.9804703731405302
0.9948952080647501
0.9948640922525316
0.9898331209058304
0.9840083888984869
0.9910448432004854
0.9786088876621585
0.9981017513294241
0.9930870910469248
0.9905585812448007
0.9935462880587028
0.9856648911316699
0.9974242546896963
0.9799176468230909
0.9689284715843285
0.9904540438579409
0.9912240140261642
0.9804590384453706
0.9847204161248374
0.9942101420212055
0.9148760599776332
0.9867053448370332
0.9611625080396861
0.9936938179356343
0.9859766103496891
0.9945903678838682
0.991770202025631
0.996631654971889
0.9900164601739393
0.9854024761170372
0.9850505931974485
0.9927949964931398
0.9879254254254254
0.99323946889726
0.9817048846326366
0.9977039215038488
0.984193962494241
0.9854675462007151
0.9883494388336675
0.9927697222258739
0.990345619396559
0.9926107314554394
0.9884183630273335
0.9947045045656675
0.9338536585365854
0.9738026700514517
0.9957320310011678
0.960954421320275
0.9942996168669493
0.9599651431530292
0.9926945255747772
0.9897355549529463
0.9964031748782419
0.9911601471079906
0.9900444351545861
0.9983587331123137
0.9901174120228602
0.9922095163202486
0.9926349093979252
0.9949440095876559
0.9882852477585642
0.9911627454792923
0.995650897418332
0.9724289283807014
0.9908423955460742
0.9976839166623584
0.9943594880064163
0.9822673708346646
0.9891386265904154
0.9941892348311792
0.975920807999598
0.9958936832650799
0.9785604667770805
0.9697961806077673
0.978708720565644
0.995616536392812
0.9824439440945454
0.9962273524076333
0.9952272862212438
0.9914991121040271
0.995478890989288
0.9822866739901113
0.9873766117869891
0.9972609720364355
0.9866229025385502
0.9906097314175026
0.993844083135843
0.9953052526012285
0.9792820512820513
0.9913430941606414
0.9835783035341149
0.9945207249156764
0.9939005191514911
0.9967561195348469
0.9946490962612452
0.9976956778800237
0.9928342757981031
0.9888699785791837
0.9942975169502941
0.9935771486937957
0.9935987400199601
0.9959031708903683
0.9923083966669719
0.9944866862560965
0.992728330098741
0.9965192991172627
0.992322096689341
0.9893051149801034
0.9968328976472954
0.9934395831791054
0.9964224532188051
0.997051509481341
0.9674216836266712
0.9944801861795042
0.9968487436805559
0.9740890706019636
0.9936268829663963
0.9917249967086497
0.9950803769401331
0.9904008611778461
0.979661755471163
0.9827916656740725
0.9953932563824174
0.9913514236064698
0.9876889544581761
0.986106767366094
0.9907450167287122
0.9873063158526101
0.9842011812459882
0.9770744002716175
0.994797823733385
0.9971295169231328
0.9958328647279228
0.9950062058544099
0.9931912104101831
0.9943331915758337
0.9964908335601765
0.9938024123575624
0.9917259649170124
0.9919952292483772
0.9933306429345171
0.9953692339928757
0.9929950156842369
0.9949146633018994
0.9899025204862325
0.991481087237161
0.9944402388926403
0.9914425346142789
0.995749328841396
0.9921596504249469
0.9863124848337782
0.9927818207470315
0.9843715825263953
0.9915224023229317
0.9924736954953292
0.9880694383685088
0.9777295927802641
0.9835335647183231
0.9945279586034188
0.9825021999168383
0.9974506286736847
0.9948277798997911
0.9899514528136459
0.9954613318056152
0.9952207399257323
0.9946634900086762
0.9946436961628817
0.9966551538561103
0.9918289174361034
0.9877218064082078
0.9948794804546022
0.9925048805148612
0.9903930054286401
0.991083449231613
0.9902507676560901
0.9952708164116306
0.9826486981751547
0.9874392595525249
0.9952366637701303
0.9858429307416763
0.9908482595471443
0.9918676341452142
0.9901168961087103
0.9968014304162114
0.991688241980298
0.9930192816558131
0.9900260819165378
0.9844208688269195
0.9887289933104911
0.9946338067605301
0.9954253784041018
0.9962611818358059
0.9949280836172476
0.996376821278791
0.990802041261871
0.9968976626406989
0.9951328109653622
0.9873101573055068
0.9945935969115057
0.9946362049763388
0.9954146432573776
0.9937586218498705
0.9819536848735071
0.8799567411679885
0.9943236175776516
0.9839196959360687
0.9952260519142249
0.9949686176682084
0.9950696903932696
0.9907688382114296
0.9936153338843113
0.9951573849878934
0.9895534962089301
0.9891107932507993
0.9890296472244215
0.9962281903567125
0.9971743321469809
0.996539663985602
0.9969862973746761
0.9893744695130376
0.9911261976228267
0.9955259927940769
0.9843106799087946
0.9834323677477924
0.9882493066913176
0.9887985017849827
0.9974877192826438
0.9928505796856225
0.9862027989379497
0.9848435551217396
0.9904954173721697
0.9955264580598017
0.9912801801920468
0.9922645199972479
0.9939891541229537
0.9957031361402374
0.9857699695347185
0.9933741830546252
0.9876124031678337
0.9852348098523481
0.9833050457431032
0.9943028883031393
0.9904730812607586
0.9928909464490779
0.9939414657133697
0.9923379914975191
0.9963190715399273
0.9844136095799277
0.9924556902308729
0.9908517676245607
0.9844789235506174
0.9835959862854267
0.9961901040394666
0.9858429911779848
0.9963583546460278
0.9827874495918166
0.9924842334866518
0.987505130715732
0.9978512080985579
0.9810073866251672
0.9883623783944352
0.9877332316229168
0.9916918812283139
0.9942561312020557
0.9905787457311519
0.9908156656159592
0.9717127859503597
0.9854417577523336
0.9945998297772429
0.9891370117934492
0.9943677918566936
0.9882749158039167
0.9912341580227462
0.9934808871464065
0.998343545959426
0.9905695043585935
0.9842655278681317
0.9391241156731571
0.9838998805727758
0.9952910326488403
0.9949843583085376
0.9851327443537461
0.9935584697418125
0.9970794180604433
0.9934197145352524
0.9935346358792184
0.9965260075171032
0.9934756363823174
0.994699036435393
0.9873121358655033
0.9868250783279084
0.9871222947484969
0.9944871559898522
0.9897297939246232
0.9923433036175265
0.9924327621001028
0.9891175510624775
0.9914501592842543
0.9828014883657127
0.9883456641231997
0.9957534973716203
0.9905860498704187
0.9837101872112813
0.9936843063022435
0.9879756871035941
0.985658072342995
0.9920379746835443
0.9961910542888577
0.9886251836278117
0.9901329438043868
0.9953971492142694
0.9885675988831378
0.9932789862493685
0.9918481896546232
0.9922499155650268
0.9797673727401265
0.9944814426818318
0.99553848938129
0.9872718230852962
0.9930561913795692
0.9944259895276167
0.9806011598464429
0.9916763605021909
0.9967824058723976
0.9900939897671417
0.9945172434332004
0.9975042436553874
0.9967487160305564
0.9968606364053482
0.9882421905187346
0.9962196321848139
0.9970467686957482
0.9945815467683023
0.9947910325094362
0.9909257546733602
0.9961504523614519
0.9962166766308801
0.993043108083886
0.9789472625406118
0.9966888399665323
0.9880528666319058
0.9921375392903059
0.9957716892507145
0.9922844179855265
0.9952747715554648
0.9929318721624014
0.9954258323560251
0.995922591327745
0.9963111121757252
0.9864270373416155
0.9904291333123654
0.9947205433900416
0.9979430844691576
0.9918792918395748
0.9895016891083613
0.9866534377257292
0.9963295975779903
0.9849923894706781
0.9842728382468521
0.9900172269093158
0.99414565238592
0.994566248072626
0.9969135421119872
0.9945980251796969
0.9950191791971768
0.9861630851278375
0.9882234557799058
0.9920623295458508
0.9982370820668693
0.9947571306196262
0.9920502187506033
0.9925367988164197
0.993614053538563
0.9898789857575919
0.9963278348734779
0.9960912995222699
0.9878997972398457
0.9906224632703853
0.9764743563251643
0.9976263214576144
0.9794546761922435
0.992765295876834
0.9901495506955657
0.9869036951956575
0.996816378508106
0.9963936129126769
0.9946744944250426
0.992446961665546
0.9918577151116841
0.9759169560599327
0.9793917701065822
0.9813409808690602
0.9899600344148095
0.9939790509737169
0.9967495687402279
0.9934325231377792
0.976473341799694
0.9902303192083984
0.9707424898453065
0.9961932949049395
0.9947177620930387
0.9064771976206213
0.9924729215883926
0.9949449766791449
0.9885978584203436
0.9938130423096623
0.9912693289065142
0.9939914614121511
0.9962671686887666
0.997195437799944
0.9898500327662686
0.9954765269900556
0.9925457548130218
0.9945749855717702
0.9660455063999916
0.9929897597856254
0.9841339691205441
0.9980120580087991
0.9962004913864729
0.9956480060762533
0.9890760622417304
0.9939749466041411
0.9959325412035263
0.9922055081574614
0.9973375192161656
0.988757118093221
0.9958837166416397
0.9947656055268063
0.9955953142323276
0.9976848330103124
0.9938266680576096
0.9960231761917303
0.9925228186460937
0.9883127391682317
0.9901879146195909
0.986933038851521
0.9976152623211447
0.9951708878921057
0.9959555142713601
0.9921691464369616
0.9928144379665045
0.9957683983832125
0.988232700416127
0.9936931204649225
0.989848487881032
0.9964027943062919
0.9956598510901022
0.9923842991949808
0.9969610257783479
0.9952086207220744
0.9898443404335373
0.9938410019620281
0.9941805317614719
0.9912216226846446
0.996392226341681
0.9940848812707259
0.9975574870722852
0.9945759323534978
0.9890084043394131
0.9953703985104232
0.9935379747036125
0.9922799093449935
0.9907685111300664
0.9916305695797065
0.9984413779410305
0.9746442898232769
0.9943519257766473
0.9700388188889422
0.9952435242796557
0.997132437428186
0.9873182653542322
0.9958771044638657
0.9963674048805238
0.993416869849696
0.9876396926761125
0.9891730281501269
0.9916876876876877
0.9937228549761795
0.9951226734000641
0.9957068808609979
0.983475909410021
0.979973405903127
0.9959553863913654
0.9933621635372116
0.9952111007106221
0.9898347567768289
0.9946219287106267
0.9942219846093068
0.9891972983830472
0.9918871306122293
0.994552661298061
0.9979057380965554
0.9952518830046647
0.9874479413156649
0.9940533039089328
0.9883132394057719
0.9928236986797716
0.992423901735577
0.9730614985966891
0.9927394098839523
0.995063622735601
0.9965642395448892
0.9953875356480222
0.9924048379982512
0.9923218326430511
0.9792310246631583
0.9950532642724609
0.9796561472563855
0.9869667638483965
0.9980222106670629
0.992535754861993
0.9966177739430544
0.9887759094040707
0.9917222968150102
0.9369269521410579
0.9880881861947894
0.9894080126046683
0.9899965342694735
0.9928481994610632
0.9874666786473777
0.9121597500550679
0.9858029109997614
0.9945327266363319
0.992102658111824
0.9795674654764274
0.9943560375491207
0.9975516381766382
0.9896157616943553
0.9975417861142611
0.9926472945677614
0.9929166984140806
0.9884969369100901
0.9941302717330711
0.9884952921270798
0.9932398974022288
0.9973907058858733
0.9879376229093085
0.9878055096496556
0.9953573882721503
0.9937309679688608
0.996324480668293
0.9960722444082893
0.9945380043625317
0.9863136593591906
0.9886077822163042
0.9891383104336625
0.9966713529606351
0.996244351190652
0.9924329884497749
0.987826037488978
0.9902812120740121
0.9922566729760443
0.995594449605898
0.9946399864283002
0.9946795132238281
0.995990423169008
0.996557070086778
0.9942991571815794
0.9945039922419354
0.9820523746942781
0.9930259430826968
0.9974725078814877
0.9957173019224358
0.9920690870637998
0.9918943729369715
0.9843501064474741
0.9945083817916188
0.9835378524907995
0.991531643195551
0.9935799058727236
0.996967284582433
0.9937057048196845
0.9959621081891664
0.9972625442062119
0.9958521316748384
0.9989317198748746
0.9968187511393105
0.9982500294013877
0.9934333650720688
0.9978333996578336
0.9970605946354512
0.9907514180639532
0.9844563687543983
0.9971114488136787
0.9690740697969836
0.9934291213464035
0.9890301489284417
0.9970178216938416
0.9942427602710409
0.9913811825837952
0.9959068952250674
0.9888170802591346
0.9935636129585925
0.9929835574763985
0.9901327210617685
0.9926278597739745
0.994898395417106
0.9750425350564557
0.983900852307819
0.9911494378144697
0.997979153371623
0.9869779047108435
0.987570305617673
0.9729126961599286
0.9972002036215548
0.9974990367911966
0.9876358152822045
0.9952395150318577
0.9957217213007019
0.997495320404561
0.9871296107863108
0.9970704478124031
0.9844156727772245
0.9976888484089486
0.9931019048747417
0.9924328704717683
0.9910181763059142
0.9532066257633396
0.9948006713923467
0.9959656473353935
0.9968661650536267
0.9976147785482898
0.9935997730128491
0.9950351361678947
0.9969789496662291
0.9935509408356042
0.9922239309839064
0.9930319155116125
0.9854631537036717
0.9959599653711317
0.9685447303630331
0.9915534557264846
0.9980513560619431
0.9921953675730111
0.9858234907108618
0.9837874052269551
0.9966268382752727
0.981039925541408
0.9974382988100485
0.9946740350102536
0.9940346116627786
0.9932214511869022
0.9883024865571433
0.9970148428646453
0.9970918209318415
0.9936783004681636
0.9906529738041627
0.992092558901962
0.9901884451337728
0.9836827989505604
0.9919263961535933
0.9961624335395272
0.987938886588777
0.9786335051620683
0.9920682150877665
0.9984479537098427
0.9960567052305687
0.9901964037809525
0.9920276212678325
0.9914011790850016
0.9907994887325403
0.9979265702437544
0.9958137486513787
0.9833736634888606
0.9718557540785177
0.9861753980676248
0.9930871816172435
0.9956134392651963
0.9779751083764509
0.9948881172839507
0.9963174449714829
0.9955008037047949
0.992036251797121
0.9888528374039997
0.9904375304537246
0.9945559908747287
0.9946244537182433
0.9938922096438322
0.995274740631159
0.9988047480353904
0.9949835506084374
0.9991306348922243
0.9639044485936991
0.9946524064171123
0.997826298859538
0.9969121644469026
0.9887634839579387
0.9897788411474475
0.9914731389998636
0.9812543329400747
0.9960123876342907
0.9979426547566342
0.9957482561387149
0.9614344062914522
0.9740705783014427
0.9953869067232539
0.9903324497733297
0.9922605966616933
0.9970682186146239
0.9892063661136704
0.9754352638392071
0.9924828722265884
0.9935192471322829
0.9942316947898484
0.9927271978078579
0.9947703924728978
0.9940042008783655
0.9947298342965095
0.996313390453277
0.9956378051181946
0.998129437813351
0.9826618979321363
0.9961757901055417
0.9948647655373124
0.9941783333692862
0.9952704525718898
0.9958570201146382
0.9928498657034361
0.9971539315261989
0.9877029360967184
0.9970154867333684
0.9924042444414303
0.9976067417181639
0.9965971083459267
0.9874997761421229
0.9797439427965153
0.9907373552711761
0.997959444872411
0.9956299059177197
0.9938384467872882
0.9362617626700092
0.995479776666883
0.9956792101219473
0.9815076980418954
0.9958984157312316
0.9793451781434972
0.9958820047970595
0.994944782542092
0.9954907168015588
0.9884071066934209
0.981380058516059
0.993683030578929
0.9904470727630493
0.9930376677604026
0.9962851644025644
0.9939390765927923
0.9956868969339682
0.9978756492483457
0.9967137306841272
0.9878300631050143
0.9937398331321824
0.9954715859393546
0.9972586204698172
0.9889971745628762
0.9971891240342245
0.9947586165652492
0.9919913148930525
0.9883907749382902
0.995421776419985
0.9870357243193663
0.9970483107401563
0.9934060646814332
0.9919415902774547
0.9916154898260523
0.9928670497325144
0.9978513658397615
0.9925117054076411
0.9982829155862863
0.9954038891071
0.9975626005427276
0.994441278014714
0.9935385401538379
0.9857586555593009
0.9934892959611564
0.9907733595257522
0.996121784371211
0.9963872745309883
0.9809138433110739
0.9924105207863895
0.9962799336212675
0.9937076670273737
0.9889851679019878
0.9924562324876826
0.9911203307817582
0.9890314937308717
0.9882816059484973
0.9956583387468938
0.9968504294942666
0.9934626280235346
0.9960019702658517
0.9826911384017156
0.9948886906391786
0.981910068216722
0.9928674611773204
0.9956059439594439
0.9933084395326783
0.9956524689201788
0.9874574328197174
0.996274830463182
0.9984307728601639
0.990735873229727
0.9939981155607841
0.9839590429137165
0.9918402596571798
0.9969101624947463
0.9847072240216798
0.9855479945125843
0.989937813595769
0.9909562469196808
0.9970843075230367
0.9891780506876409
0.9989248938617197
0.9952917729190168
0.9936294858224354
0.9962895291637386
0.9978598613575882
0.9755439112869209
0.9972058860598728
0.9953296369503952
0.9976068840272239
0.9973162456424577
0.9917340788463003
0.996040373033016
0.9962305920363778
0.9955600945517661
0.9963668664040715
0.9926535501550681
0.9899980625787077
0.9969915793241211
0.9942922220119494
0.9958028315226146
0.9879476635514018
0.9939758514569261
0.9966522394127072
0.9894600995726359
0.993610690590339
0.9871686249156002
0.9963222217740605
0.9879509769012531
0.9902437776281968
0.9970046314941603
0.9955537709292744
0.9764424925623849
0.9902537328560895
0.9950678175092479
0.9929027077159726
0.9954555269329075
0.9936727087684569
0.9953508888006705
0.9957601772791371
0.9949483293586686
0.9971184737847356
0.9916303348361312
0.9963395264408318
0.9967418492168184
0.997813493768801
0.9938411969483741
0.9933737659706884
0.9978333556239133
0.9887169382283576
0.9937603838315284
0.9919554151509483
0.9946075834930214
0.9970396129632328
0.9946308970799776
0.9910504248450892
0.9943322961195414
0.9945397617350575
0.9934280066869408
0.995979458688938
0.9931406311748433
0.9914337791903781
0.9940273623302114
0.9953666260203066
0.9825780004554772
0.995845839088577
0.991795860203178
0.979850695218319
0.9967541851003757
0.9979573511572036
0.9967141924274134
0.9943506598513665
0.9986237565618121
0.9892836319038141
0.9934044816725747
0.9850615584614208
0.9918250110472824
0.996542422756253
0.999318274939194
0.9961219931213937
0.9983886005615646
0.9975796267714325
0.996622145626885
0.9932914427951309
0.9904499084213807
0.9929319101613107
0.9979383296874532
0.9971292220676443
0.9957673440784863
0.9809798875579336
0.9963549405646359
0.9951043947090622
0.9946365005294328
0.9961646007315034
0.9925100008511363
0.9874021511977992
0.9891684333627262
0.997136681411823
0.9956461444190021
0.9968258787485682
0.9970527667677863
0.9946758406028586
0.9948826181513162
0.9865004472917208
0.9921490255799872
0.9977215443422525
0.9966516597484356
0.9898999668764491
0.9950021652148104
0.9959548116424277
0.9917883331365681
0.9993818584279188
0.996873682731488
0.9898685866637794
0.9959569355882081
0.9933803802636183
0.9974776893656306
0.9963699692639734
0.992402869792162
0.9958012364155289
0.9973996567883031
0.9969186555421193
0.997294703140511
0.9933784468444787
0.9961944300294067
0.9959331025462175
0.9868169487792915
0.9963916434553641
0.9926286298341058
0.9943074741956119
0.9957292410511195
0.9965022573537342
0.9889860843721863
0.9976152208529063
0.9954766365290109
0.990181423476508
0.9762920345203849
0.9954369820529768
0.995745443145685
0.9960581423996058
0.9716936684233761
0.9919531122885702
0.9930791736592756
0.9942523297595393
0.9921945600254223
0.9893879614036387
0.993789981669223
0.9940714672441797
0.978378154285079
0.9887096976828916
0.9946358352912081
0.9816836696482939
0.9898915056893358
0.9982850847410651
0.9943756447273613
0.9966476202480236
0.9886622458893674
0.986869970351546
0.9965032814682704
0.99764968053065
0.9983105542900531
0.9930234471410943
0.9895917451772095
0.994175131179897
0.9971775887033061
0.9962642231396637
0.9812751373260927
0.9946861917565774
0.9885736337858018
0.9912718089850107
0.9928676316341515
0.9925414177842894
0.9913999427426281
0.9969961156668106
0.993189656110271
0.9387660556730715
0.9832198795534167
0.9963886412546632
0.9978095580500406
0.9926666106865956
0.9961512824418229
0.9914132560046957
0.9960309945641544
0.9437711517524834
0.9892110961008198
0.9921639901081548
0.9963227318663062
0.996976144157699
0.9826030502666057
0.9953565505804312
0.9701452228673844
0.9927179916390949
0.9941534590629809
0.9945515440327681
0.9942277418226343
0.9910583428854328
0.9934395605002957
0.9928334752249282
0.996530607205472
0.995797889379271
0.9930539740378046
0.992662735622904
0.9938765772757322
0.9974400638185879
0.9951359473236172
0.9966491943194131
0.9974264403330665
0.9973563968668407
0.9977648682967674
0.997682238778066
0.9973436376707405
0.9964510453919803
0.9976168827734913
0.9838520713857742
0.997543136541803
0.9957191560253845
0.9924292222304786
0.9905633764053448
0.995262850784944
0.9940188591558204
0.9747197297119414
0.9877213340757774
0.9808900023932939
0.9976845589753882
0.999302537021584
0.9959861283832286
0.9971953210776724
0.9977912510478252
0.9922635132976855
0.9867652809428136
0.989578624531438
0.9947902239457928
0.9901192665122611
0.9960124401543405
0.9776479040369387
0.9951492392192112
0.9977247439769296
0.9877509763714487
0.9956073019105957
0.9980880432755083
0.9675690419365837
0.9676010461552156
0.9961101766190076
0.9959739275807875
0.9955105841925639
0.9972629567852619
0.996155273009342
0.9949604581401691
0.9904677944563577
0.9857738404660705
0.9963591698731212
0.9933447842253299
0.9949041530353204
0.99302683565088
0.9948328355055274
0.9973708439897698
0.997359191252321
0.9955314293027323
0.9947527850231924
0.9915939252386744
0.9977502938300182
0.9959421090982186
0.9930377919662698
0.9948214698326832
0.9930399722693521
0.9837753510140406
0.9932534910545562
0.9944309613868982
0.9943817616195385
0.9871935601902672
0.9902484861954279
0.9953055932831214
0.9964379391859072
0.991334202422962
0.9892299756461896
0.9977753149452552
0.9941689254607117
0.9934667742523231
0.9962476598968311
0.991095643825753
0.998170481163454
0.9566973105985827
0.9911202058558211
0.9971996548817771
0.9982097356281555
0.9939612927328288
0.9910718759671643
0.99876730867512
0.9895085755990756
0.9964499650317755
0.9983195753108512
0.9922882384497346
0.9978110590219483
0.9959760474346077
0.9953258664785254
0.9951370164039579
0.9977833843315561
0.9932386286026499
0.9946589539045858
0.9949263221772225
0.9978890132736287
0.9942173147398982
0.9806632749994723
0.9637876293508937
0.9916516163660233
0.9967101137470936
0.9855419125073088
0.9973226615562382
0.9907084341034882
0.9981141400478618
0.9944724504253598
0.9958415704510242
0.9963884633478486
0.9965812052722216
0.9916435777702511
0.9960096592749654
0.9973389352022755
0.9988028695920074
0.9940233653169627
0.9919992013156821
0.9936916047193617
0.9921892769665677
0.9930908921152141
0.9728615044981608
0.9982208153686624
0.9934536554364356
0.9920674089678002
0.9913633107839236
0.9974995713550895
0.9969358736773786
0.9977218777987427
0.9983489917056488
0.998041552151602
0.9946546257784471
0.9923496668403301
0.9918356863570166
0.9955745777836533
0.9900011388224575
0.9990312632864932
0.9934278391020713
0.9967988530017664
0.9956943584769611
0.9953136283525484
0.9958247349165092
0.9950280939882014
0.9942088186504116
0.9975793219790632
0.9947895556307181
0.9922298092771368
0.9965259907359753
0.9915286886917739
0.9982088785661927
0.995229722839095
0.9758880758441782
0.9942855750962147
0.9924081580132535
0.9975091825403605
0.997174812287035
0.9936181326792487
0.9959711321627109
0.9967590706035137
0.9921745331541049
0.9978965188334207
0.9967907013844228
0.9956220854008663
0.9969383515209832
0.9900820913927351
0.9950807410235162
0.9969308038796937
0.9949955215397136
0.990476686637145
0.9950862150193159
0.995169070932404
0.993781176836717
0.9942068400268236
0.9964794185839542
0.9970484364083861
0.9934258774227345
0.995235309249601
0.9963015348466302
0.9915995392619037
0.9977384064581912
0.9969158770085704
0.9983258897063391
0.9957462293271765
0.9986355923134546
0.9960924944836278
0.9946907950642108
0.9918397155013653
0.9953731088239547
0.9959335277158957
0.9977187588555774
0.9987025468524747
0.9955177375861082
0.9940897583033523
0.9912081861685615
0.9979087904061875
0.9955932220520829
0.9927346005119547
0.9976435599474108
0.9955196403882979
0.9954040882032957
0.9971972003833734
0.996928052278236
0.9986939543145219
0.9978897270114943
0.9980786657926479
0.9977202433676506
0.9990522840831112
0.9986939439536854
0.9941121499157708
0.9943467458138365
0.994776093839461
0.9976956331295588
0.9967116657352798
0.9945159497135038
0.9968521750556296
0.9809837687081449
0.9968004239603862
0.9944129213890783
0.9968457533702805
0.9973270711745001
0.995976002341235
0.9956121055608563
0.9981369487467843
0.9971425998898352
0.9985072182519381
0.9967276972113058
0.9952869397175539
0.9936562489962419
0.9920292323877484
0.9893468661820052
0.998037632307866
0.9970169564427437
0.9961841566521884
0.9957537217293827
0.9865224982660081
0.9867442349287715
0.9984669021614742
0.9916727197260559
0.9990389995864049
0.9977689845638581
0.9959807434876238
0.9949398988774764
0.9971551430831854
0.9983255073756372
0.996060578833212
0.9987142014461919
0.9975640650881809
0.9983063858204563
0.9911012866292581
0.9943743076946421
0.9937103757614456
0.9950234179957497
0.9834251066267745
0.9997275432025662
0.9973298823837762
0.9935491497374065
0.9984410910905442
0.9907960707458129
0.995138623798244
0.996681525689695
0.9975822623631968
0.996415490235777
0.9969865817602911
0.9970491226065656
0.9988689129658292
0.9843154102594257
0.9960271594060176
0.9975144129526703
0.9956644379440034
0.9969448479452697
0.9950682163443018
0.9930460581381202
0.9923757570551093
0.9933939138945038
0.9932879667535526
0.9972415024340965
0.9970021117200463
0.9984548701067009
0.9918450646650402
0.9950959439008329
0.9987952455670419
0.9966456041812934
0.9921777922633477
0.9962906093233391
0.9966076076562095
0.993143391298901
0.9945240128986975
0.9949542932912548
0.9931900442379016
0.9931027928258184
0.9960584978134824
0.995378314596594
0.9988971889224445
0.9951579123732931
0.9965080948709809
0.9960037927343905
0.9985156993339677
0.9942112053412663
0.9925278327494211
0.9957412809322449
0.9960304337571614
0.9992144118218617
0.9984746510564638
0.9953844105507641
0.9991901619676065
0.9963916867128516
0.9958681334604212
0.9952293646636234
0.9978802515264741
0.9981113733735656
0.9832879445200925
0.9974994569527725
0.9971619494827008
0.9978035330404711
0.9988130491673115
0.9965945602750005
0.9974620631311796
0.9979663777790547
0.9863512187218196
0.9981531037006541
0.9970319475259066
0.9959564527918001
0.9939152036173835
0.9908551031205834
0.9957386051619989
0.9991802785959811
0.9979184960107139
0.9981627699377287
0.9982209460941897
0.9944321968234016
0.9975989943862366
0.9975814186230766
0.9977141086803164
0.9957784409345658
0.9980105619189907
0.9972205141693353
0.9984578210847088
0.9985375811185473
0.9970411650074033
0.9934108274427574
0.996225757751713
0.9986866282914283
0.9979916339401071
0.9966100285244306
0.9937305466819875
0.9926500002531864
0.9970904013030045
0.9978415690008196
0.9900138366276194
0.9931129627000681
0.9944863883381225
0.995192803951928
0.9995252741496314
0.9987784343360551
0.9951893152554575
0.9962242680499472
0.9964176496286588
0.9933916596349425
0.9977555669820632
0.9772291447024348
0.9944672371351542
0.9868268322310704
0.9981952081407275
0.9966630486912185
0.9954895361881552
0.9975818695593988
0.9979464333306214
0.9942950571927356
0.9954832589257925
0.9969262444694303
0.9975606988881325
0.9988904313385976
0.9932455096327768
0.9977162648685205
0.9992465245224633
0.9976715536258911
0.9976968174204355
0.9852678614983853
0.996551386942208
0.9971921488161127
0.9988598192306392
0.9977401129943503
0.9985593656030507
0.9986670620550009
0.993310691501481
0.9993765722650259
0.9968573276921251
0.9954492852150466
0.9955532808312283
0.9983908309455587
0.9980201208421623
0.9952294371136869
0.9986933228799164
0.9977547752963549
0.997587327646452
0.9970906206306683
0.9897909542016368
0.9935286536332117
0.9955994215355454
0.9955480008563521
0.9970101823606824
0.9947382429416702
0.993970840438608
0.9975025859657138
0.9966679590003255
0.9990288622149711
0.9975187647179174
0.9969253005276171
0.9977331447018403
0.9948132466861478
0.9972126477208779
0.9951370367402693
0.9983054029948834
0.9971141323491868
0.996510787934959
0.9936560809925707
0.9968891089905378
0.9970588656579594
0.988794349905461
0.9968327164942588
0.9971063833767279
0.9973694735870535
0.9956575622784348
0.9989752212685505
0.9920279228519728
0.9953639752034471
0.992479731712995
0.9958025748837425
0.9974363507779349
0.996717071389623
0.9986863555290906
0.9981592222962956
0.9974151668541432
0.9977471592829644
0.9977608407901114
0.9955740829908909
0.8866104345322007
0.9955322727591281
0.9934787727398369
0.9986048195537188
0.998110713827006
0.9995651032264418
0.9956513739497148
0.9982219382851457
0.9979987709301026
0.9963085778639805
0.9954397679574472
0.995335622644042
0.9992527990148902
0.9953604332463759
0.9978614227434982
0.9988967052736991
0.9690126719307183
0.9818184739084859
0.9959412763881784
0.9922354796855521
0.9959382703747189
0.9957844904092733
0.9980281448475733
0.975858552851738
0.9978718489267389
0.9979119182608257
0.995551588499339
0.9979791539014617
0.9978165938864629
0.997119352148177
0.9961910614589916
0.9965733112482188
0.9895366510528234
0.994805028246657
0.996973183225135
0.9820730381738835
0.9960987578422882
0.9982556234459629
0.9984199250133905
0.9991546750357077
0.9980651719722329
0.9992088727192103
0.995649215612991
0.9992370934156674
0.9898119998979433
0.9967066762070387
0.9933865342524597
0.9962496975562546
0.9907967777337577
0.9955386694828366
0.9970853957247625
0.9966764569485237
0.9977969245573275
0.9970773896019549
0.9947642996106667
0.9952208177278402
0.9978008016041783
0.996873235893731
0.9984440901820639
0.9958323683302532
0.9981963262439738
0.995674317533614
0.9956510719675588
0.9968748099546594
0.9982570982502471
0.9982675772523775
0.9957105759421275
0.9916072883394328
0.9982437255030087
0.9991585278375545
0.9953768436245546
0.9971447837223741
0.9918511108332291
0.9982954680340906
0.9982328120271559
0.9974635649051139
0.9949909119093501
0.995877141576752
0.999047567978878
0.998618862393596
0.9929960010170824
0.9920397775314889
0.9954520554423605
0.997834662348544
0.9976146663263776
0.9953107429513183
0.9963015707696559
0.9969076235295272
0.9929984975712272
0.9967186179657311
0.9971432428389526
0.9964625806863936
0.998038952706499
0.9980347049772239
0.9978992167953878
0.9987638339268466
0.9965602542247685
0.9978073290426871
0.9983170939271951
0.9977551549775676
0.9669086861251649
0.9961981929213715
0.997746764725138
0.994344253981134
0.9984480036576393
0.9965325213719736
0.9973794434811473
0.9988973131425206
0.9973069194936832
0.997387535675994
0.9540020073014591
0.995165013984236
0.9938514860886906
0.9978045410006704
0.9899473592670189
0.9973874867470173
0.9983351252467224
0.9981104618369695
0.9971337144936987
0.9977191485345529
0.9929410799988155
0.9964262231205708
0.9988954711386901
0.9974217449866517
0.9977977559762611
0.9891950437570401
0.9979520723130328
0.9975806606171909
0.9806008790414835
0.9889719824643902
0.9967217688498291
0.9967679673276812
0.9937479718766901
0.9954263391036009
0.9981244368631708
0.9985710353978591
0.9982374858781611
0.987910359740515
0.996789528686585
0.9963659182058767
0.9973191961965412
0.9971324038366459
0.9972456532966087
0.9943706701029653
0.9864951136074184
0.9962948278628945
0.9911467085688512
0.9967060371822216
0.9977285689000767
0.998809002595702
0.9980048543599309
0.9979702714464451
0.9980353169063448
0.997817447992304
0.9931626734257089
0.9959948906212673
0.994631903728857
0.99798135188034
0.9972517068631588
0.9939639784350234
0.999260249129003
0.9963971441236666
0.9945098565406505
0.9987835658897062
0.9881993752610432
0.9952228072910894
0.9960848882877809
0.9974246104951688
0.996910157474895
0.9973846807675962
0.9978968096582557
0.997036731324804
0.9995494016345593
0.9951604635645906
0.9953471725125268
0.9965632599933777
0.997441804638431
0.9977491325338566
0.9979931348669963
0.9975034044484793
0.9965907054559254
0.9970176742302859
0.9972347136419184
0.997504077263855
0.9889464986245823
0.997060213224745
0.9973688045467057
0.9832341047793843
0.9888417339406934
0.9986941662009372
0.9964629268453935
0.9951421790005449
0.9548189816146577
0.9987896367866943
0.9981190013201555
0.9904063446041018
0.9957290315008379
0.9955944298129042
0.9972257067742485
0.9953049685608019
0.9981065062487514
0.9954725358508336
0.9991096898450134
0.9986542927029602
0.9979578449694915
0.9984001617988716
0.9987525090994964
0.9975783942512114
0.9962975584147655
0.9983378472188273
0.9926926455423865
0.9977624239790481
0.9980154154275657
0.997911844621113
0.9929229600075995
0.9959119459375708
0.9985902342050045
0.9947074961637802
0.9955237089935122
0.9976476314081765
0.997156061882102
0.9978332701370457
0.9975153772849346
0.9912942653439943
0.9962600879207401
0.9967553202447416
0.9976109432451127
0.998083497221599
0.9982157489889244
0.996221703314523
0.9978657643376981
0.99895875094659
0.9960966639487883
0.9970510335917313
0.9968833058452483
0.9986708038072876
0.9970241292892141
0.9970688611710947
0.9977395644861554
0.9768574820998093
0.9977770978408727
0.9801002181783308
0.9982447899928308
0.9935666244273321
0.9889146379339179
0.9990381355815421
0.9815381710787157
0.9982003395585739
0.998601404190193
0.9986275504914078
0.9967388228987248
0.9978346207692027
0.9721662294629297
0.9970967331983726
0.9961425962374604
0.9973072562358276
0.9976993338369617
0.9974904397705545
0.9952812973419639
0.9981491747752508
0.9971225309852734
0.9981478102694245
0.9846339059513021
0.9988815077543374
0.9983570362552728
0.9886783725207128
0.9984090590051939
0.9921647617551673
0.9973488673139158
0.9937187057951815
0.9927231525842576
0.9980201123940534
0.9992884864165589
0.9933621623075733
0.9959880734410462
0.9980855552563067
0.9959819480127966
0.9989061848919578
0.9982309267010908
0.9807916972315048
0.997319874863222
0.9957812382824286
0.9888787153014263
0.9974721635675283
0.9984918245508199
0.9986824838316716
0.9946568069992971
0.9978162161759974
0.9969676472873354
0.9965042522901247
0.9975280134717157
0.9970483367710133
0.996741403087326
