1
0.9800307082137757
0.9861950419218942
0.985679984356016
0.9888898777738222
1
0.9933309737509282
1
0.9772325415139126
0.9800266100674755
0.9930776871421394
0.9938785908429086
0.9935890661876079
0.98924313331887
0.9820724758451386
0.9826446103779358
0.9854860363574789
0.9739822467095194
0.7242771701417573
0.9808838090441332
0.9709651136952818
0.9925426632901503
0.98098804088909
0.5416307330458644
0.9922475651931699
0.9941844609646995
0.990669414413918
0.8172358582953786
0.9526488151669862
0.993059407489582
0.9952956291173496
0.9776824222576354
0.9865716485328283
0.6798230088495575
0.9824243149829266
0.9920754248761956
0.6866684767852295
0.994786886449576
0.9957557765461503
0.9852102602605842
0.9632808094211311
0.9918983771671911
0.990375229943312
0.9968618002260694
0.9708436666246755
0.9968315756904244
0.9824243111463885
0.9816838559785616
0.9973198183533388
0.9123354950420947
0.9737691233848664
0.9291924545345481
0.9947823123008954
0.9901700093349551
0.9774724191689016
0.9939807606761566
0.9611128675308251
0.3644433138756493
0.8640336278630866
0.8717194900864724
0.969493420149444
0.9453131827658964
0.957824869078066
0.9818689194546951
0.9933650514412254
0.9740073069683202
0.9880750331467006
0.9941605361749003
0.9895384742064309
0.9777757979503038
0.9886504505849083
0.9911904563276883
0.9892691180049367
0.983553633109009
0.9958773196454903
0.9929410879668328
0.9469878994118223
0.9875136051720674
0.9726713607407875
0.9585192576896429
0.9965156794425087
0.9906627499771438
0.9876219307097208
0.9811187967505831
0.9744154950459044
0.9737914347931285
0.9881614156328683
0.6520449696621223
0.9877526435550796
0.9915162296902538
0.4850491671683725
0.9915060246831806
0.9738772717553987
0.9714776991970814
0.980919011256738
0.9815436834847788
0.9931243042346362
0.9968309811873078
0.9833849692330138
0.9907616778921148
0.9943680157156918
0.9828344894496063
0.9865886109632783
0.9834841699890792
0.9913166375204848
0.66019245295412
0.9613152951486046
0.5940827627571816
0.9746545427290443
0.6119076338187547
0.9858941653669385
0.8013609679961465
0.872788417790521
0.9852094263416125
0.9557434468913396
0.987385936661299
0.9750100316554461
0.9803267428739636
0.9954039135447126
0.9922798052982691
0.6684959274228435
0.9851752425188747
0.987659520077498
0.9683517002984017
0.9833595457423558
0.9914762552825729
0.7008567300104871
0.6011265464095653
0.9897880574018668
0.9865047426280906
0.9846483451976913
0.9939003580224639
0.9944807488519958
0.8693965077095884
0.9830106563777502
0.9950271112309398
0.9783296923439512
0.9701342297374047
0.9830799015851248
0.9949684002132034
0.9887144877012817
0.981923206711969
0.9918931709472495
0.9784764053359152
0.6649706957737391
0.9639839481127186
0.9603965968463609
0.9673664435013747
0.9994128392484343
0.9889167467254024
0.6477242492912649
0.958753273965427
0.7070478419004502
0.9880088130864824
0.6779821653475314
0.6125708764524905
0.974346310492674
0.9855458979921787
0.9711877087020784
0.8708651399491094
0.9528758357194083
0.5372616038602941
0.9819459269809082
0.9663726846834831
0.6543752870694952
0.9851478467018361
0.9888993409596121
0.8669384525072081
0.6449730002719397
0.9446341498359513
0.9942669647364246
0.9925285219973998
0.9948992480556407
0.9920140388045583
0.5166651354784751
0.9919569553525316
0.9807676767676767
0.987515227038074
0.9965885997586421
0.9904030528573231
0.9670793089375596
0.9941312608173795
0.649082069082845
0.9891804393321751
0.5966835260115607
0.596788651648975
0.9344602633513802
0.9811003577376923
0.9933736261881047
0.9913230990398932
0.4231191097385656
0.9906665088897435
0.57407892527288
0.990587199798818
0.9882772042839421
0.9643998085802605
0.9867697916489208
0.9932463552461427
0.9925761626369752
0.9926653222831566
0.9861159769615606
0.9736368874068125
0.9930514411180428
0.982057151469764
0.994870314667963
0.9518991783385479
0.9817807601904739
0.9923631782974799
0.9901917208562262
0.9854736466934259
0.9885387351741945
0.9849831604995811
0.9530708242347398
0.9941955818619951
0.6759796837630674
0.9919610307329587
0.984160108616398
0.9772930802350102
0.9878925949259373
0.9760124165852194
0.9650755791676174
0.587703022731087
0.994221770769154
0.9808230841376374
0.9742688878288629
0.9931124707785542
0.8319247425076839
0.8598229269268911
0.9749797401644232
0.9903355232972462
0.9350547403005479
0.9376414646963075
0.9950343288220834
0.9854121877275073
0.9940523180269191
0.8424591771075124
0.9873570243604296
0.9871998296586416
0.9255297891360362
0.9842894088501224
0.8806434316353887
0.6720922420052233
0.8065775778617231
0.8843374988371733
0.9921998687106615
0.9891654831989289
0.2917922948073702
0.963972727061178
0.8657791808128338
0.9911440364711681
0.9951356824821586
0.9894945026901729
0.9967115683405487
0.9482011530359584
0.9943879147973445
0.9772620775309473
0.9599328346874176
0.9953976953344575
0.8726788314199108
0.9782020477520186
0.8388957173499144
0.9517848368973104
0.9867876658860265
0.9877377770790756
0.8675389970906007
0.8544284059520627
0.9814691424763964
0.9862046542447979
0.9805894706866479
0.9812390175052625
0.9877842479328692
0.9839698645647346
0.9842369518856405
0.13735203360269152
0.972304117929819
0.9955638442606662
0.5852630759596231
0.9673360076452512
0.9858605315058822
0.985519100851283
0.9917497156736126
0.9653124106603983
0.9805661997647449
0.9912344813776531
0.9770505323566303
0.9487876521136268
0.9560111464968153
0.9848976940565118
0.6329862782620458
0.9917798832607386
0.9944927003385572
0.9766023650863579
0.9746406617764676
0.9821994180207555
0.9799809691114039
0.9937156597902601
0.97388396891379
0.9904617667994366
0.9929849198962643
0.9890495963667654
0.9740710023480752
0.9811121033923108
0.9864717501509457
0.9768275981447824
0.9813097652854245
0.8608341468678711
0.9843355461899383
0.9769061323100974
0.8780337881993646
0.96926472731816
0.6393160852014286
0.9902412834765033
0.3608880745810206
0.6529573710698441
0.9932669164914846
0.9877140037473003
0.8341446828397333
0.9908467666242758
0.9593514332669476
0.8657102776184876
0.9463780285497778
0.8603332391026426
0.8811139338199826
0.9719168201930921
0.9808061322478393
0.9631357576280137
0.9811073852948393
0.9862945437456448
0.9590334445471721
0.9897786310134142
0.9826767041062421
0.9776370688751441
0.9907428713029011
0.8792961275808788
0.9704560618007576
0.9712030191706397
0.9947959682994209
0.9904310253132294
0.9954641618007954
0.6259886505937723
0.9903963599336829
0.8640030927488487
0.8739181555916508
0.8548211975605249
0.9512098729947724
0.9584934504475655
0.9734962527907214
0.9237776108510678
0.9524308121869097
0.9948292761460114
0.9833877878786021
0.9920232338099243
0.9832494153016527
0.9878052048993594
0.980733229484356
0.9750694155702295
0.8489600654915705
0.9891480174415372
0.9826401164915897
0.5922328904475792
0.961962145840815
0.9816041206769683
0.9779677433285282
0.8975070977556011
0.9943106674512282
0.9965854383815183
0.9597909631521628
0.8456847945200525
0.97503825688975
0.9556655428979001
0.9783080260303688
0.9754212386553557
0.9918612050775363
0.9838351949668818
0.9829047888942994
0.9875186029206585
0.9474560328781685
0.9864512202239509
0.979876010919203
0.9895762438657448
0.9877346864151608
0.9892799971221469
0.9970256787022005
0.36779558750229546
0.9774159226534672
0.9707770039601257
0.9938572909528579
0.8864434081470287
0.9932483217997564
0.9931012077663965
0.6051653964872026
0.992369149020481
0.9118157607664358
0.9886088012045662
0.9936936511187074
0.9904357439938227
0.6123267561099554
0.9953319438037419
0.6367510746341161
0.9944358816589195
0.9714963407464472
0.9956416143887489
0.5208059601191097
0.6184482159525253
0.9854795697751345
0.9613527351990634
0.9894871967834051
0.8940415608026048
0.9892534592758306
0.9790035687189143
0.9688334674175382
0.9903702473850241
0.6758318089255514
0.9930217522484986
0.9773992187384255
0.9732048574445618
0.989806337669182
0.9871659393225617
0.11819147462245416
0.8142005430816658
0.9751437187823956
0.6494035623895706
0.9704138155751059
0.9733520599690025
0.9896891247162467
0.6501819899315148
0.9891278897680233
0.9674449824998801
0.9775522517908385
0.9812298471011979
0.9796363884659601
0.9868381896115151
0.6183579356590526
0.9885412410004508
0.9791913696496245
0.8331575168207647
0.8767245620009838
0.9957873956763521
0.9679878842905091
0.9874927283304247
0.993431176425329
0.9887442755124511
0.9896523424955695
0.9658683841887344
0.8676227754932548
0.989336692800018
0.962451891040766
0.9705158603789831
0.8456285337440854
0.642647920328061
0.9803062747989226
0.6265397974112418
0.9876725361485837
0.9252767527675276
0.9913183935264321
0.8799532723758978
0.9635424686687704
0.9917078918666251
0.9889219870768866
0.9507323568575233
0.6730788660106286
0.9820436083796494
0.38377468728895064
0.9796304376621656
0.9880584809623527
0.9742227482733343
0.9773505935514936
0.9811567274422391
0.9908025331743647
0.9907931240228038
0.98952056956476
0.9932439632573901
0.9831513751837078
0.9927820082057169
0.6385159180698201
0.9921610623259799
0.6653547317633332
0.5709466077530854
0.4624015962270996
0.6201819128584204
0.4766684762045765
0.9827205276174773
0.9876268883075344
0.8485356763926512
0.9827477382705659
0.5626323315515241
0.9872463919001575
0.9724220036857641
0.9750501363959093
0.6420350011942495
0.960867408001508
0.9911180326185546
0.9884366002668477
0.994292289390029
0.9951016508651052
0.882043026489097
0.9909355407747936
0.9923876997286705
0.9884529090158861
0.9804087431386149
0.8626387305580671
0.9076519536903039
0.9768035696409846
0.9894289079458402
0.9830567598544875
0.9898164845656094
0.9895993488287962
0.9714971243709561
0.9739806638462194
0.9867569877999586
0.9872657743785851
0.9804045142093156
0.5524184605055719
0.6606700175123382
0.981054870090111
0.6766176314633296
0.8597096151893593
0.9910201647574405
0.9858028296988577
0.9794397565074718
0.966568742063572
0.861066969353008
0.984021259366553
0.9868043339280715
0.987243190791675
0.843469387755102
0.9790359689612301
0.8795995798023428
0.9960265334782203
0.514225181598063
0.9891776569553486
0.9905650267673685
0.9915081822202565
0.8763491868602873
0.9690195637618333
0.987143431096826
0.9904541296585913
0.8840353220914308
0.11771696216986541
0.9682873132447104
0.971466322710542
0.9871439302016525
0.9808829187601279
0.8572577226854593
0.9668071654373024
0.6670367355588843
0.9835977222116472
0.4756862202017115
0.9914173045697054
0.9910724285885925
0.598306183746022
0.9723142059360228
0.9844698918514668
0.9873463890915213
0.9939475200448012
0.9722458916615947
0.99343367736295
0.983344655964319
0.976574630392223
0.8636999874182184
0.9538094512968884
0.9656203100677794
0.8768495035235323
0.9855953019170057
0.8514481435201714
0.9874193221369919
0.9934283149110283
0.9817677133130094
0.9867485624673288
0.9939512010785195
0.9961892332789559
0.9942568791993086
0.9783856159143076
0.9912701894641058
0.9880732398384263
0.9869228716306379
0.9897176297885927
0.9630913747908031
0.8577071691133248
0.9887392528342083
0.9932958838631573
0.969346898309484
0.974995885315514
0.9843326348997877
0.9963823911592621
0.8689692965288325
0.8735143265044739
0.9809662646294335
0.983341861696875
0.983822032697337
0.9769253380364491
0.8775143024996154
0.995039139258448
0.9625655223997636
0.5370807157598712
0.9794498063160659
0.9847965573221326
0.9816759690961485
0.9637400004892727
0.9864008069773152
0.9284298961718317
0.9714296240352203
0.8900350003365417
0.9696807323063183
0.8461326663305114
0.8683856593623063
0.994580077335016
0.9278031913697606
0.4810571751260805
0.9695917022364295
0.9819144531845815
0.8826606704448983
0.9946568209445361
0.9811461128906588
0.9766969062746874
0.9970750132430503
0.9948427201449411
0.4592638219373843
0.9818354682016975
0.9947452676223245
0.9947707646336392
0.987177761551119
0.9724891142297792
0.9848177633000382
0.9912736339081654
0.9828987350717264
0.9652361961156897
0.9826874141691574
0.9657019054496973
0.9798325595627997
0.8802828702617556
0.990348572381606
0.9826679994840707
0.9943690611191491
0.13108383719880878
0.9925227686703096
0.8304109869403051
0.9903162036662786
0.9942970426092388
0.8565122712024013
0.9698712444507014
0.9797987218100346
0.9585532676609825
0.9833448346606487
0.9878145109052107
0.9809051835498039
0.9895469878820344
0.9855877283695278
0.8722646840057667
0.9889903046901118
0.982312534311401
0.9767996695759921
0.9965199383636971
0.9912300585683829
0.8747766415607159
0.9668406509057414
0.6693992509623354
0.9544310623764156
0.8414390850920446
0.9906891226005736
0.9534709734470329
0.9868400574917836
0.9770776332985455
0.536949733668034
0.6895951203029016
0.8699852007377761
0.9731840236221883
0.9873536044722955
0.9951123016056281
0.44136686269601977
0.9975694000255853
0.9862921602762799
0.8570927432352997
0.8544988486770648
0.9944512946979038
0.9917692460545718
0.9866321214960999
0.8532562652588528
0.9753507246962745
0.9784820186767336
0.988748323434095
0.9765168521437327
0.6109922396448759
0.9831081081081081
0.9492130808471438
0.9716663998719385
0.645971527510581
0.9905525082425299
0.9865091284758093
0.6229231427349209
0.8598000179241297
0.9854043332004131
0.8384102508415681
0.9782669586473823
0.9903617940431912
0.9678193201099994
0.9955437419788269
0.9916772786805548
0.9540675369870748
0.9917177885025648
0.9629820316120064
0.9935900678689097
0.9484205181240944
0.9884792828249699
0.989672912196523
0.9894004833001483
0.8682394812310835
0.9894210864997713
0.9732538911782461
0.9496506084315346
0.9611605800445527
0.6314139602614791
0.9939196946910526
0.9877740835322594
0.9807326438133454
0.2662682947951849
0.9960101747001175
0.9929471991664872
0.6770460289972035
0.9694827417620026
0.9815372667153044
0.9882710247706635
0.97030927351688
0.9669416300546938
0.9811047965446692
0.9950820783564511
0.9929089273429645
0.9913048997207413
0.9873539909525744
0.909475275952138
0.9934508968866105
0.9863634816932081
0.9820957272273343
0.8556705730536445
0.639021878002159
0.8560857014409767
0.9826899117265023
0.9900763282414493
0.6324741547918413
0.9965825959729673
0.9939963910412908
0.9913031626292862
0.9872853865170622
0.9861042291207294
0.6480929525302138
0.9744931994945729
0.9375291493175548
0.9852236896546804
0.14639665237381827
0.9942004834305419
0.9869204549340893
0.9823602676373187
0.9888149528429059
0.9866150875097393
0.9555539757580066
0.9867507800841134
0.9701135934945718
0.9850881456280652
0.9794087597513582
0.9834479242982371
0.9863334824291481
0.9817620032298625
0.9930257451527825
0.6091416172360523
0.9833981953867954
0.9921922698815129
0.9876687194039386
0.9890287803331281
0.9761104319478403
0.9575248978296235
0.9088027519590981
0.9734404720078507
0.9563498394172841
0.9830398510260531
0.8498796607432583
0.9904644959433351
0.6184878386664547
0.994391151648582
0.9781243743971464
0.9310091544504236
0.9900843346375431
0.988868072568894
0.992547080636952
0.9783577281237084
0.9952981214875848
0.991419804447262
0.9944334056796992
0.9893968414171187
0.856251690679212
0.9777569639077961
0.9475530683795163
0.98675757178445
0.8706504551192612
0.9620964550737396
0.9851960048951877
0.42226328170149036
0.9745400923939944
0.9896434054264738
0.8645741170394954
0.8549526520652995
0.9680575483676744
0.9821576563811643
0.9923561590309661
0.847511660146713
0.9859003835408133
0.9673147462501507
0.9899560080123735
0.9817328555259083
0.9882945621573567
0.9693242558937715
0.973133747023467
0.9047128459446488
0.9868773219143012
0.9753731752525308
0.9725878063945351
0.9935603805097669
0.9933414172357309
0.8719292786095455
0.98932048177628
0.9870060281312794
0.9845015150762506
0.9904268324179135
0.14906261390469247
0.9901766271473506
0.5709881167805811
0.9515057339657961
0.9972024338825222
0.992782087135116
0.983031134333318
0.9535826220654038
0.9855901000134455
0.6650761370963741
0.9636016586585928
0.9894191495545844
0.9694908583046363
0.9827135494619359
0.9776762509233168
0.9912009749442396
0.9797775130868192
0.5980614722545748
0.978234994244747
0.9773177169251073
0.988909559244419
0.9862142318693915
0.9750557985894116
0.9944284815504258
0.9407864140300344
0.983861889146721
0.15234057381809735
0.9900403429147756
0.9848738670741212
0.9934149494782908
0.9369160170288052
0.9830618192491954
0.9793560154622615
0.9498321015402567
0.5759843131519047
0.987174589313977
0.9953172507157283
0.9951951167762889
0.9950437214571459
0.9961089949504701
0.9943998511473339
0.9514937643253643
0.8208215718528543
0.9484721588355589
0.8698375133481486
0.9922548780702262
0.921386261271777
0.9852744310575636
0.9820317062144995
0.6258571299587133
0.9858129534200215
0.9906301116197727
0.9943446396877271
0.9775989636665134
0.9515754229029759
0.9932378788293591
0.8762189267043636
0.9781574919381604
0.9976615070357189
0.9912921160158081
0.9910365966932937
0.9502949617346939
0.8675846098686569
0.9971798521414004
0.9863812165274427
0.9861249879137526
0.9944710217360033
0.44982006326160706
0.9887695965907336
0.9946408087180958
0.9925047588832487
0.9758274667301208
0.93299261060229
0.9833172472918835
0.9843713733075435
0.9929577464788732
0.9839453882148708
0.5342478652253687
0.9858133901837673
0.9909302985343562
0.9902830987500074
0.9845774073738564
0.9916157733418245
0.9893435457017414
0.9822712181833659
0.9912574404761905
0.8474988860996099
0.9911365724477111
0.989089769489953
0.983094553085763
0.9950550303424521
0.9859400906776649
0.9505461948677434
0.9819852859106376
0.9691675231243576
0.984262159960591
0.9892272307299141
0.9635065489608056
0.9734215778968379
0.9857254344686204
0.9697806036892118
0.9908757725690106
0.9834364517601374
0.99219178686984
0.6349290278123646
0.9867834122571655
0.9699284594526969
0.4462719527298229
0.9912298497214463
0.961963589076723
0.9888827134645399
0.9862077635870168
0.9712017922600115
0.9927738843664682
0.9907482226189358
0.9891098680081184
0.5603024408927405
0.5294117647058824
0.9785769865008602
0.9835016016988806
0.990283938571534
0.9895933960874764
0.9741787786828515
0.975404220790018
0.995873345606528
0.9795271956872863
0.9873880401747076
0.9869703875399455
0.9899495090048901
0.992022416527367
0.9653352903553799
0.9709919607101278
0.9717001725380436
0.984238710093241
0.9915952641578278
0.96187782547293
0.9791378567609201
0.976831817095434
0.9904562872312976
0.9651747892332817
0.9846066939697783
0.956915158248327
0.9963691444100417
0.9889624724061811
0.9913753879179598
0.9851599025166617
0.46305976173726515
0.5172241003998945
0.9863858313332782
0.9913304777306701
0.9891133997537221
0.1180974916401699
0.9881798644404034
0.9805110158939856
0.9806947645395762
0.9895794106086053
0.9846307495977362
0.985708205331627
0.9389075512136443
0.8439511925930467
0.9792973484557239
0.9839171418596532
0.9815462407258636
0.5649699741483265
0.5293856629913101
0.9819775150698058
0.9803118581006885
0.9951057710968789
0.980474257637257
0.9910644301614673
0.9885676410894764
0.984237340270153
0.9907301727435031
0.9905522046176892
0.9940340725286974
0.9879481776111412
0.993565475768548
0.9840904313260841
0.9832160977096001
0.9175553758682822
0.9883617465254537
0.9733857597288071
0.9961437509457985
0.8693078369864067
0.9933704864739348
0.9929931581849387
0.9973810012148367
0.8702772577723399
0.9958741975393863
0.9935864681122127
0.975923466343285
0.990809324035229
0.9917849355418691
0.991672431065738
0.8519743087093135
0.8426933793106565
0.9600558924243339
0.8727504113954074
0.9012693456421396
0.8596301041358694
0.9757173733924029
0.9892506359525155
0.9738451913385006
0.878873764444273
0.8928977358833692
0.9901206610583663
0.9939882329977971
0.9824438550517063
0.9503784460299352
0.9909397449054391
0.8450890000391783
0.9838960760105212
0.9520919833918876
0.860852758428351
0.9839429007774289
0.9877523447749212
0.4578907013269685
0.9845675118792313
0.988601250757699
0.9881311014017687
0.9921282991246333
0.9927091368703564
0.932910284850681
0.8686337015345837
0.961194426969535
0.9904657237058077
0.9800125622504374
0.9536460358601747
0.9873757681511266
0.5486883433872605
0.988901688182721
0.9920794003047565
0.9947431908214878
0.975517376380505
0.987597308101688
0.9892491918960964
0.9734747708381996
0.9722089020622124
0.9883830267386993
0.9930397647070901
0.9820648235884287
0.9859678579995202
0.9916022377270727
0.987985014717688
0.9780225607071142
0.9669242658423493
0.9332180770617077
0.980256908150023
0.4719986259137528
0.9806351741427047
0.9436779601816276
0.5717705026630917
0.9618410700236034
0.8236489612246615
0.9737963265110526
0.9916794361404297
0.9900140255705857
0.5894058103836853
0.9874192353270395
0.5631948427298068
0.5588165515316447
0.9834765927229177
0.9884328008253352
0.9792657935230423
0.9085639786327945
0.861977509751307
0.9772422761232488
0.8445409345986312
0.90754644891286
0.9840127199343036
0.9938426576379452
0.9709890710549068
0.9763941871736344
0.9837844421117342
0.1139186442905351
0.9728989476719043
0.9756265281173594
0.9902380095017946
0.9903233004916115
0.99199671785828
0.9647099427651068
0.9951582738796149
0.8643485709631055
0.9926455024341929
0.9898001464242877
0.9871273862535874
0.9909124239107578
0.9954274206555047
0.9912033726239354
0.9948126949372343
0.9834553649137906
0.9868990646638084
0.5687382966072364
0.9918128716078538
0.9805331324031531
0.9867436564736499
0.8317811255045775
0.5617321376406198
0.9929742388758782
0.9884001276800934
0.978513080681102
0.9924242637357691
0.9917412701685715
0.9885507108100372
0.9897853444438907
0.9926928898074764
0.9905591360390176
0.9875070597537557
0.9900626485201988
0.9869557584716332
0.9912866931731664
0.980774654294032
0.9882294255796976
0.9680263763226499
0.9945630526258689
0.986791967646165
0.11668916251182179
0.9906733243879369
0.9938150814172898
0.9889713100978738
0.9838685779317606
0.8780342829171074
0.9877486565748298
0.9849513887889645
0.9970903747244673
0.6622261715322497
0.9928689440691968
0.5969336435970575
0.6616638429313096
0.9943002201849076
0.9678364613130538
0.9920920529369581
0.9305367980864669
0.990747397094135
0.9937960428457009
0.9799785616031872
0.9841314186735207
0.9957469586020311
0.9831915374190634
0.9865112146517667
0.868549266191641
0.9836176895000425
0.9437799206581383
0.9902293391233546
0.6470004729114041
0.9921125284992336
0.689642290090595
0.6434797548172559
0.9977865211816271
0.9921852653032036
0.9892838046249773
0.9943760042849491
0.9923835861931146
0.9896152230025812
0.9899526685164028
0.8505929527120607
0.9846889978966402
0.5533681040182179
0.980952563024139
0.9846830034571215
0.9862867684408617
0.9874438465323746
0.9843257175309074
0.9755528421476417
0.4117715928368054
0.9934638130705439
0.5654176020261326
0.9880804587879914
0.9867219303287919
0.9714572191744751
0.9518714421969446
0.9848283027933267
0.9955950233135734
0.976664085109852
0.9852541596702793
0.9899290316421089
0.9831862157394696
0.9854489896142163
0.9592357634306783
0.996062308182292
0.9639063316671697
0.9537299011470901
0.5613362399191683
0.6241328494666774
0.8594504973945997
0.9793071420172389
0.9686750348675035
0.9849152974656358
0.9948533392297546
0.9764471307358163
0.9915693152006062
0.9908535801808421
0.9909146255795439
0.8751437021956627
0.9916728840255327
0.9953347859214801
0.9160776716661874
0.9981069021980631
0.1119243761553203
0.9715436036016323
0.9883139694053014
0.9897117728672995
0.9888002773925104
0.8577480978707099
0.9777985448234431
0.9849691123517558
0.8614211474893115
0.9856692203695359
0.9668431651309468
0.98072181351525
0.9945464477022836
0.9968726731198808
0.9907818558379257
0.9903038869257951
0.9956683391690431
0.8504733272045122
0.9940711156519451
0.9884572297904709
0.9513327634442027
0.9736882752964494
0.9922260558151723
0.9624783818332205
0.9741639243896839
0.9827523127094053
0.9709266421815581
0.9818169548213792
0.9815557689013532
0.8690721953521293
0.9851800260145201
0.995985384997068
0.969986384750921
0.9657178027388829
0.9929334443172754
0.9743894731417008
0.9934305092133735
0.9913949595293677
0.9857360662250233
0.626552647308104
0.9663832213600416
0.9932487187349424
0.9834695161272434
0.9919315057119275
0.9838748409096367
0.9846609149642427
0.9697396617708182
0.9927562132151452
0.8800860215053763
0.9781240038897852
0.9868605712795095
0.9886741693942519
0.99209335964794
0.9835589629499707
0.9833468927803185
0.9755008532622671
0.9846944747053686
0.9752618080786493
0.9802637689235627
0.9044671689989235
0.9761926711223784
0.9941396198960126
0.9963770143240823
0.9814103869919718
0.9723534474683689
0.9854486540378864
0.9750245057997059
0.9916244834879868
0.9888349620214595
0.9733135408761499
0.9684146732736801
0.9954850964348334
0.9965913715913716
0.6493699140060315
0.8260804769001491
0.9928035704174238
0.9917990621528687
0.9684655018788982
0.9781515854601701
0.9751191611058151
0.9908653343742508
0.8676096320894721
0.9858746924918431
0.9869594292033244
0.6864345264818552
0.982692033886239
0.9873562953311117
0.833538639516263
0.9915240996797126
0.9920341589954317
0.9844794094794095
0.947106310616112
0.9897950708092419
0.9598935239422834
0.9813380578372187
0.9897164166325784
0.9944341072728744
0.9590732378498675
0.9835593438444051
0.8753620682201375
0.6049907392558073
0.9750793372661254
0.994824201320721
0.997962344321617
0.9916846363307258
0.8289248662018814
0.9770966796466105
0.9865902961720211
0.8692232770361749
0.4547989661376596
0.9868292168780523
0.9918296150963362
0.8755457058263646
0.8768836216089545
0.995130545586935
0.832253565167288
0.9867365744112364
0.9940928335922598
0.9799332442494172
0.9928457749147405
0.8879340749007852
0.9939041165312831
0.9849058475374874
0.9862251465817361
0.9679393950798827
0.9761898964195813
0.9831017423747644
0.9881339361730465
0.9900396671074123
0.9935227394137968
0.9880578296954923
0.897311902250486
0.9931000547969716
0.991519878048386
0.6320288999870468
0.9939838248239437
0.9945778423360739
0.9824954038831386
0.9949273276730465
0.9884339053246967
0.9733836836835876
0.9700897503158199
0.9933336821725708
0.8842442464502723
0.9844195699827434
0.9476914333417442
0.9637161180299518
0.980253278310532
0.9837395042456822
0.988127643158703
0.9739184946638828
0.9846848630896199
0.8620834402182785
0.986895413047701
0.9661559654953841
0.8060806285186727
0.9835341982037307
0.99600889819419
0.9877258075223687
0.9868245263275908
0.9835341982037307
0.9838681395756619
0.9933619824885135
0.9957474990414444
0.985554791585088
0.9826999680167476
0.9895901427716038
0.9920859569060135
0.9904942037827944
0.9886840451624673
0.9274840908107038
0.9960288555352107
0.9768403285938618
0.9770808835881069
0.9761439996214272
0.9829909637679054
0.987784617060682
0.9783484440088214
0.9931939425228016
0.9895938003602237
0.9849019612133572
0.9908475321926685
0.9692854475805894
0.4338854156683898
0.8805524511684543
0.9928975246446885
0.9915907498248073
0.9923357949198444
0.9747322595021816
0.8618959904793574
0.9863568637321491
0.9921035127713884
0.6214145151838517
0.9734729106557175
0.6508202954733044
0.9943932149362478
0.6358238031675024
0.9880944373444541
0.9907132977672397
0.9887330191571072
0.9942418354102739
0.9898184499413659
0.9911489252266347
0.9897479151322198
0.973788624794216
0.9891639989801411
0.9923824062018288
0.9915394456289979
0.9929163291121249
0.9885334201864833
0.9950788723271483
0.9864432639105899
0.9881471357541768
0.9837966324099618
0.9847665796777267
0.4675424673263314
0.8477711567398416
0.9745864123663011
0.988084008434136
0.9912248433756525
0.9935518452867439
0.9707856457963564
0.9897374144035659
0.9688698572110719
0.9923186246680358
0.9895411073733176
0.1307200324266747
0.9904424056043998
0.9942302495599652
0.9335194077816892
0.9966990183123478
0.9844757716126803
0.9907355477880211
0.9733985954458395
0.9852494840354498
0.9885151054463186
0.9580040403838115
0.9912253726141419
0.9804720996913766
0.987800315084679
0.990222560834834
0.9856167570372757
0.9818680101355943
0.9739243314092708
0.9937829133286085
0.9623772185580434
0.9880051099814217
0.9834307930587604
0.9880547826979661
0.9944439491323482
0.5388867444959908
0.9772868947876407
0.9902743252106908
0.9502736140851773
0.9853881882345162
0.9776392025247398
0.9690459596731078
0.629380976509018
0.9966484152862222
0.9822094177775608
0.9921020268731496
0.9884331984187635
0.9776424243894942
0.9938318811927479
0.5650923594775202
0.9843441652414157
0.9800697895420859
0.9827169297754431
0.9880060235235844
0.7351484256141438
0.950722116590477
0.992429729564633
0.985215934862922
0.6134676775738228
0.9181937300051537
0.9710058433692011
0.8797250138855413
0.977067239408321
0.8981555181386806
0.8484825341407088
0.989482526593693
0.9804944081547365
0.9935952342204216
0.9777379523519837
0.9442369070071086
0.9870769053649551
0.9785197314007484
0.9857086779196412
0.9895099954121959
0.989540014890951
0.9955384774087064
0.9841021603373707
0.9923941343979814
0.9878105655897567
0.9840541173998432
0.9946603152521771
0.9822267308937893
0.9700792254234951
0.9832620272778715
0.9889672609214061
0.6536563481381785
0.9903115640028815
0.9744106563841907
0.9823725037270031
0.9770815811606391
0.9872950494718964
0.9935647173921069
0.9934624474386913
0.9952383250943391
0.9805494888864463
0.9835971377076679
0.8702309666381522
0.9839622938271346
0.9903113029572997
0.9893540454627242
0.9800091116173121
0.9812647327328964
0.9767206477732794
0.990736861008021
0.9903339499952372
0.9903433694525199
0.8660471193915398
0.9884194935849818
0.9572434821628283
0.9809288788643252
0.9834516233547906
0.9882365192438974
0.9889388938265712
0.9854907073711306
0.9669923018670934
0.9812676153158727
0.9456760189354578
0.9926324488755253
0.9890387799361052
0.9896198810916919
0.9855371619834835
0.9761377084454007
0.9903475720756953
0.6010840561218032
0.9867118724720437
0.5717922606924644
0.9830051813471503
0.987174853924593
0.953232431342004
0.974111843266503
0.9841996399433103
0.9273700919255525
0.9646013693204323
0.9864485708446469
0.9921087370474644
0.9719168479759752
0.941938347229951
0.9854973788743624
0.9903371735327824
0.9716761217122228
0.6363220081702704
0.9675689006720513
0.9561185626759398
0.9838926245453776
0.9887792268828575
0.9815857347439795
0.9850815959657273
0.9935597724644378
0.8497247346696551
0.9301500281455738
0.9747663635761868
0.9878636382626134
0.9792993150064878
0.9432745659725296
0.960060454611811
0.9914342009191256
0.9753889592338704
0.9924034958207321
0.9697437926139669
0.9935212043748134
0.985451544627234
0.9832538246422109
0.9911334852659387
0.9863986682658755
0.9320186218662349
0.9847158046882808
0.9270175142494471
0.9865138111572486
0.6139642362891926
0.9945549188374695
0.9896948021656465
0.9905112863935297
0.9888515831423441
0.9853326364043096
0.9922350270542948
0.993629113930278
0.9509233413761019
0.9885268879262779
0.9705746962370867
0.9406706273285671
0.9879189142849606
0.9962576517655864
0.9415755283282625
0.9836033140800147
0.9869178256986092
0.8883783925787977
0.993629113930278
0.5559798895899054
0.8528870758479444
0.9889756723454954
0.9918630441589219
0.9845798302585966
0.9944729459365814
0.9433535945008433
0.9741814794337951
0.9750645386016207
0.6243160054719562
0.9731707004025892
0.9596622393588816
0.9819241639189825
0.9788554851674407
0.9774180543579292
0.9856480376444914
0.9896526288469681
0.9209507099008487
0.9807988326514263
0.9877382485006437
0.9310445536772939
0.9786594991253893
0.6401230922965117
0.9766085887323576
0.9520070846055223
0.9909437711479159
0.9898520670719805
0.9876404919226006
0.9832065182478105
0.9883557656084112
0.9454939786541864
0.9673101062364143
0.952823244625553
0.9831901637891803
0.9817019058395738
0.8613846466807809
0.9537013513350029
0.9891572345644088
0.9484694835680751
0.9812766343276815
0.9814041880686108
0.9818634626718123
0.9787158648846436
0.9826732365738083
0.9915379897497115
0.9836344424112781
0.5970622592510354
0.9574816961561928
0.9749158517830717
0.8614772204251672
0.9649105566777675
0.987270116170408
0.9902343665901663
0.1396132632306998
0.9923591089808902
0.9546256463737888
0.943382061154667
0.9404472959477045
0.6530668663828418
0.909573648464447
0.468820190547401
0.9803504538312354
0.973036474658854
0.9917908184505029
0.6198306717478326
0.9663854342579361
0.9882229891690341
0.9958391123439667
0.9918067575796718
0.9748559159227032
0.9737692018974663
0.9868146347052309
0.9763569154192439
0.9846023847526054
0.9863604246918449
0.9763298071072493
0.9774234158623584
0.9929045960731143
0.9724673210723254
0.9857877624696889
0.8765951487638509
0.9730947030575413
0.8590667368459263
0.9841539088013764
0.9710675318262606
0.995569997379834
0.9903972420064674
0.9502455965901359
0.9775819266701663
0.9921002687835377
0.9324567693308209
0.9905459523315926
0.9609313920577939
0.9890204117060665
0.9857493468450638
0.9853725524940197
0.5719381313131313
0.9905994943810292
0.9808844192453259
0.9883758394667687
0.9787406276676717
0.46167060205139737
0.9829764226236267
0.8852290440786413
0.9844517333565803
0.9666858579392864
0.9819294174783477
0.9869933051668384
0.9581101682832042
0.5002312792311251
0.9929295509701692
0.9835175298621646
0.9937213125534293
0.9794911751481926
0.9759306874935163
0.39150714314622204
0.9784143413336904
0.5663188789085807
0.9727357394079588
0.14721311968253015
0.9831655450874832
0.9830064204511987
0.9469665354552734
0.9635135434186067
0.5885991504700412
0.9930147748907302
0.9672909584994271
0.9829578427649069
0.9884492345529398
0.9912701478299394
0.9823805031161268
0.9883330529364864
0.9904283686073557
0.9763897340600715
0.9911268995556766
0.8765757164381722
0.9849700288610967
0.9632254099934708
0.634032240562341
0.9965843324816004
0.9878254534647077
0.9962697555708255
0.777835834595901
0.9873036337228075
0.9767464299498263
0.9895562376443658
0.9861076521482466
0.9934168573649154
0.9915901026858096
0.9265111368505212
0.982307599951975
0.9605397342953276
0.6217078550345765
0.9896258711057446
0.9921467303540771
0.9420862958567952
0.9929890247035936
0.9756763156861677
0.9909299478145097
0.9549753164787269
0.8796917667302585
0.9808055707779815
0.971467084234656
0.990663803566427
0.9937530178657653
0.9890927789690754
0.5596003744899102
0.992085811319595
0.9851662540620976
0.9841649435045478
0.9864100112086238
0.996073337616965
0.9272974536937667
0.8672967857961126
0.9850595273004515
0.9727200593115449
0.9924242864616637
0.9870201219648674
0.851150774900214
0.961216888078909
0.9447096040180926
0.9914173807208003
0.9978503869303526
0.9463056718375045
0.9865670165336899
0.9906335357526095
0.9866521172503672
0.9433652617127708
0.9628041648510424
0.5486120173754171
0.8834706653468525
0.9547900744660004
0.6644832294956047
0.9856742319870447
0.8620027395076134
0.9690592895991406
0.8356373222381909
0.9943273936480351
0.978611264463648
0.9628747422746424
0.9914555374388562
0.9874754694704596
0.9491968722883963
0.9864252464754397
0.9755953636913085
0.9782262297097304
0.5650330817137752
0.9632274071746644
0.5186939359200123
0.6423496328610248
0.984822227065375
0.6543616829876372
0.8716703991274535
0.9821561691256946
0.9909341155714271
0.8799911718199656
0.12877048742725963
0.951273719598824
0.9936528727330596
0.9881158960154587
0.9934476824265879
0.9965764356994481
0.9893491391806457
0.9924295023355054
0.6513201435090041
0.9884010925933256
0.9369053643406169
0.973412683864713
0.9554233204579666
0.9819695509732126
0.9660855246354341
0.9816369276789647
0.9939006104472378
0.9843236382564549
0.9827593944729256
0.9886221966969702
0.9919422286903818
0.9938272875043723
0.9859654661654579
0.9786847571200092
0.9900721514618898
0.9797948662623585
0.9806441126616667
0.9812431059692687
0.9928966337742319
0.5542282557324685
0.11146097869287447
0.9934063863857578
0.5483871516119984
0.9899253606453124
0.9694953988043012
0.9884193069630395
0.9606630813919577
0.9879178394580606
0.989434848679423
0.9791718764395425
0.5327953446527596
0.9711085786877895
0.9654936582939567
0.995020430325545
0.982333434571023
0.9886053538862931
0.6256293207867437
0.9721965245655707
0.9765541574134042
0.9662090753335022
0.9938525458939246
0.9941094987694501
0.9888093320682204
0.9624713616894113
0.9873062860224899
0.9855540564482058
0.9801620979377068
0.9813619913007869
0.9544181103342044
0.9466490879063133
0.97312963313575
0.9913973543693312
0.989746294017695
0.9832323952889109
0.9796619931246738
0.996324154209284
0.9462636104193555
0.8999924796951769
0.9873070695352665
0.9753906748083816
0.9911896352351659
0.9896167377564681
0.9013826096622215
0.9694925450915626
0.9617891805071423
0.9824355971896955
0.9820521542603793
0.995824817863164
0.5736995126440628
0.6434187350880042
0.8729428931302439
0.990833842564302
0.9802724994241275
0.9873285354001353
0.9220759521530484
0.9834976616722767
0.9850487325661301
0.9561560986507728
0.9918064454624366
0.9937147957483401
0.9927432267402415
0.9851547729408529
0.9957940235235443
0.9889661989193872
0.9886533890745156
0.7316141480100309
0.9451882610403457
0.9790569468906167
0.4804795145323437
0.9904405588119511
0.9563532935080575
0.9689291900873193
0.9911221276541929
0.9915270232208345
0.9911287606971586
0.9793739446681388
0.9825524670137183
0.9832540755107465
0.9934468034634089
0.9920739762219286
0.990427068501009
0.9717309081386916
0.9805595411625455
0.6939135062865607
0.9925220446969573
0.7350541746335245
0.9650241263342594
0.9739582123060808
0.9909527317775911
0.5345679583754085
0.9484235896934636
0.1278430384908285
0.9880704963006068
0.9815038631676778
0.9468562530674792
0.9788177627356013
0.9958388027479227
0.9913946104371896
0.9780913258319938
0.9730954461400906
0.9917541146581244
0.9914572941762685
0.9919890582258695
0.9842753363589921
0.9746510597444797
0.9864569090383611
0.965547703180212
0.9945107427634887
0.5581253483152837
0.9633356181213869
0.993946332240551
0.9827854386647124
0.9761170746202132
0.9894938618890907
0.9847889407739608
0.9805420692718994
0.9915108299338711
0.97788678263254
0.969601240881692
0.8617459713545822
0.9881256242370436
0.8766975145025219
0.9849127438543559
0.9893579111053519
0.8813631663323872
0.9665585565942602
0.9851246990992037
0.9819742809837794
0.9865870275965051
0.9123719756568205
0.9885428046374161
0.9843696041685877
0.996726891856507
0.9713540654471444
0.9776402051862487
0.9935840830314026
0.9426904257952514
0.9916768616754578
0.9752494340571812
0.985567136725935
0.952447751924549
0.9883544779262602
0.9673789326747557
0.9700346020761246
0.9903398683103124
0.9841973605705809
0.9709111692687182
0.9792778342934055
0.9897419530243389
0.9813114754098361
0.956640051198452
0.9561467390271858
0.99399059182819
0.9703604170005383
0.985152752375498
0.9878267625682371
0.9897176720244683
0.9622778801934515
0.9166011309590683
0.7584064702348684
0.9772065834908248
0.9859140337913405
0.6237640023865229
0.8845743021422802
0.974882350483365
0.9751310358287748
0.9854665083540517
0.9951180227084538
0.9935596277981977
0.9954953394088499
0.9927104690407847
0.9868149854510184
0.9870036756798096
0.6064115342224472
0.9853341895094141
0.9530141803116259
0.9868705545082782
0.9946305969298146
0.9859454238106737
0.9885364128754675
0.9926827936438596
0.9671646443281754
0.9858787372014494
0.9852691880516747
0.9856927364303428
0.5643380157118495
0.9903445829949525
0.9871934147160937
0.9751893665868198
0.9853837324042934
0.9789202220104277
0.9568117060545467
0.9805309129446353
0.9856471630803477
0.1388112921812686
0.9735784156423856
0.9898355466868506
0.8659614928490881
0.9914132442892611
0.983720665199744
0.9405292291595343
0.6909701815797792
0.9865594880663351
0.6193982035687601
0.9928101579844293
0.9856405128937624
0.9836277613261173
0.6631614227659307
0.9869597979124773
0.9705108371098028
0.9805930588254136
0.9883540007027992
0.9321855379379055
0.9896141247902852
0.98762252314745
0.9881059112568479
0.9928536242995293
0.6044551868304154
0.9739663999112869
0.8657674819624189
0.9907990828859317
0.9855650127645335
0.9887501281306591
0.9957533815665304
0.9838110656127987
0.9848607139856347
0.9893063650930033
0.9779652922103362
0.9745953400595195
0.9523441612585983
0.9393224813022437
0.9939576007919981
0.9951343151936339
0.9927193723404043
0.9894250760353192
0.9922280227619895
0.9930176131326794
0.9882847794540427
0.9751415455029799
0.9893076207069381
0.9730745960869862
0.9903922997883495
0.9906716606261294
0.9850865983305691
0.9865019906674087
0.9895818467247038
0.9902086172554775
0.9832717217859833
0.9878133031199049
0.9922233833142968
0.9958742703403877
0.9858417963150191
0.9858568449581296
0.9909201796923809
0.5752845873759562
0.6057967024790929
0.9750955899512755
0.9838400886901096
0.921710428958391
0.9889178136795123
0.9912274399929756
0.9844385815856549
0.9793837788853648
0.9906777153003847
0.9533263350770165
0.975097034676827
0.9633826768141396
0.5910552631467156
0.9942924630288771
0.9847198059939484
0.994851325434269
0.9860310221223332
0.9048110852913331
0.9609409348472411
0.9885581555402615
0.9902715262675815
0.9891860063150547
0.9876510423582525
0.979369409242152
0.9497565316425854
0.8581558174258062
0.9906380062181518
0.9819228671513475
0.9847350497370381
0.9872080757732269
0.9882238778102409
0.9897720476766665
0.9781065045035726
0.5889806835066865
0.15954897966285908
0.9912045118839802
0.9789776192500323
0.990455202771641
0.12453918110719214
0.9852005079899337
0.9705680805865826
0.6424160653952186
0.9845643405108168
0.8524273026559539
0.9786489394201012
0.9724950884086444
0.9800964327779882
0.9761468244012583
0.94581757592937
0.9880770204410225
0.9879418073102926
0.9856612055393975
0.8685834713231974
0.9886860793007909
0.9913662288734236
0.9892496390357288
0.9928736031315109
0.9132782792989775
0.9539402530340616
0.9784670744031451
0.9761682444744649
0.9863749230671279
0.9907428473310296
0.986754179089541
0.9955369289972402
0.9825728706462078
0.9828021775550752
0.993677956475882
0.9885627877056233
0.9842792632990397
0.8591255442670537
0.9009910057363761
0.9937584460280579
0.960995598725148
0.8694691707177208
0.9351414139151085
0.974086102313597
0.9890945674044266
0.9817816168722264
0.9844563629902449
0.4198983426128696
0.9680377447843245
0.9911723170757982
0.9554727905901023
0.9907993018706915
0.961093225141468
0.8708560307117985
0.9919721605997943
0.8425785012694127
0.9813572581039456
0.9744777831101618
0.9936395817493603
0.9769782287647086
0.8736919438073395
0.9936494790612989
0.9852518571809008
0.9929696825017904
0.9692899368617588
0.985596524692531
0.7238134824667473
0.982763962035655
0.9824042835195952
0.980050258219391
0.949222140183163
0.9929910488093228
0.9857079437161452
0.9770049736158726
0.9884759848408173
0.9888534480627056
0.9746863148969896
0.9934918487015916
0.9900676690515028
0.995956613937852
0.9918353594619982
0.9673124675069712
0.993702310024041
0.9896501339394431
0.9906949090276301
0.9454775119617225
0.9884687878921272
0.9817232375979112
0.9904245587198752
0.9921030063850628
0.9890018131501097
0.9919550732066053
0.9506035884410017
0.8784046722698434
0.862210960791763
0.8667127932932212
0.9909605247806303
0.9770572058959747
0.946991681176243
0.9894549561971024
0.9905969217725127
0.98960521621943
0.9419828371896505
0.970260958967531
0.8643775995676636
0.9849720410065238
0.8526862411616924
0.9455557548649165
0.9887241548698253
0.9917794796213822
0.9501597704118644
0.9716423724296287
0.6467322814143623
0.9827981620758611
0.9104235846764396
0.8681303818583472
0.9398402948402949
0.9953378019903939
0.9890672100503528
0.9850862760876938
0.9942740102589901
0.9905670657887077
0.9709817142944912
0.9897404040159337
0.944456150747923
0.9854053239538269
0.9888533643596153
0.9754530362063784
0.987109509866193
0.283864343909386
0.9852593221185044
0.9944109396702242
0.9827139679012538
0.9799438767406152
0.983437708194537
0.9901117740249089
0.9963538197244329
0.9863424475301517
0.9921898772694999
0.8610218991922409
0.9930842800726197
0.9861868459965025
0.9937574228757079
0.9846566000974184
0.9892987147673835
0.9902230028207994
0.9863119104456857
0.9905606564442322
0.9863692762302665
0.9734205949117066
0.8747700681502925
0.5491684955148829
0.9705279367031319
0.9290540169400288
0.9741970037745187
0.9823921982880217
0.9786577203824387
0.8657518872419934
0.9776112992686399
0.9427730954201059
0.9658246656760773
0.9301416041930255
0.9921379474734768
0.993727762065505
0.699781130330395
0.9977783030016545
0.8783455580736084
0.9863199170849086
0.4635536346062662
0.9416745851056819
0.993474891474178
0.9944582080724315
0.6043543982317812
0.9954768689747165
0.9680887119901972
0.9492605015728462
0.969169927304388
0.899217543587222
0.9768964836448107
0.9706230190642887
0.9933071243647521
0.98950406198731
0.9851861104171871
0.9423172035452292
0.9767800519193067
0.9536420618367178
0.9888596993107333
0.8652763754622993
0.9699711945582009
0.6066480601443263
0.9738183029375157
0.9668983380099287
0.9266826393572065
0.9888438649072145
0.957090133554105
0.9402795369263367
0.9810281942989831
0.9880113848719202
0.9729386101059239
0.9816456572932539
0.9775503590533579
0.8638722342484129
0.9817295117168228
0.9946965718765888
0.9809475521103891
0.9727832411030043
0.9902473748346076
0.9406733997430193
0.9894411916019501
0.9804191786724299
0.9894293864324258
0.9781487972614252
0.9741130172784849
0.9764531359208067
0.9520601445030268
0.3274960074893992
0.9860406825412128
0.9711714102662456
0.986323646744792
0.9938103308525532
0.9837485196742021
0.9822960345034144
0.6191921097307931
0.9861760706079221
0.9830318039026851
0.980373269114991
0.9928816335346154
0.9890511310692123
0.9932024474785666
0.9923747929017706
0.9957160181954301
0.985068014653679
0.9926546906187624
0.9799345287515415
0.9603279938609742
0.9406030547832721
0.9894234187351347
0.9845525255992699
0.9899270187553951
0.9491185104692087
0.38352626338063234
0.9921393669003612
0.9950925066673355
0.981081763446798
0.9823833858280022
0.9845058378478251
0.9652818419041456
0.989661342910999
0.9941057284951188
0.9769370547587759
0.9039361158315028
0.9595804062174706
0.9934252194106825
0.16112772085900753
0.9814087099890253
0.9928489454917083
0.9769251324289914
0.9865864632237872
0.9297457695083808
0.9636453798397692
0.9957300149449477
0.9693927351321202
0.9830123639650293
0.9846332429172765
0.9813086401607016
0.16367174561112952
0.9615247799948299
0.9757458880752441
0.9434880859937355
0.9861536199730022
0.831234554948109
0.9810222439800508
0.9885073997579074
0.6314117242958552
0.9522936329459795
0.29258314322737144
0.9899938303039799
0.9956913808087022
0.6398716909077109
0.9717474463842428
0.9796433666818674
0.9912885499319518
0.9828565759104344
0.989671090467682
