0.9952024037783145
0.9940887336696417
0.9983355421421887
0.9917732991537331
0.9921809795739073
0.9966338228782682
0.9981024244771024
0.9989902964167374
0.9959380261033653
0.9896506329510683
0.9989887245945963
0.9971062116536039
0.9958839357512526
0.9972873626481631
0.9964884231574034
0.9986424206634487
0.998273699001355
0.9921593503461715
0.9958785648574057
0.9981605646828419
0.9953522588984304
0.9946664109298002
0.9998055473841138
0.9939410164356793
0.9951439905807193
0.9988765873046618
0.9952262391399966
0.9909419924388837
0.9983383572990074
0.9985156345932983
0.9926150331254135
0.9921160688147926
0.9900886214252268
0.9971244579981687
0.9929582634228188
0.9952789686362251
0.9989887370589946
0.997002709315697
0.9952378611113062
0.9934823362828104
0.9968999392050334
0.9984338616562487
0.9991641205972214
0.9954213078521711
0.9950246370382804
0.9951398882977454
0.996969141162603
0.9989741232397524
0.9970701740934617
0.9939802308758511
0.9990981644346847
0.9966891783009332
0.9960460657162933
0.9979783777483134
0.9962414140928959
0.9941317836438874
0.9980339695186
0.9897267064546151
0.9969611565521186
0.9968090450072733
0.9961325558778995
0.9985046778793614
0.9967784805282457
0.9974376917127479
0.975
0.9976691529035695
0.9971426938682211
0.9907109552896953
0.9967328434583428
0.997655644167272
0.9970212803238043
0.997239132345831
0.9974638188530949
0.9925009632348468
0.9988015171703094
0.9903346199240806
0.9845814977973568
0.9972743586012901
0.996809729368981
0.9952252138608958
0.997669246456995
0.9979921206691295
0.993959930214835
0.9976676233577262
0.997911218993843
0.9956686907361431
0.9965629710483913
0.9979476112858422
0.9984568630229739
0.9982809830192142
0.9975014174773363
0.9974995557233934
0.9967739854184141
0.9990064151714972
0.9987347596043248
0.9970924064063053
0.9971390440258464
0.9975433424580613
0.998068381673473
0.9963959383792518
0.9981337713682554
0.9939946986949403
0.9976763212832703
0.9931820610385568
0.9991450467115388
0.9971169686985173
0.9983024622463902
0.9987528894119638
0.9897033586663397
0.9991493724300089
0.9971611757400484
0.9973626165868414
0.9976618870101435
0.99722849234759
0.9912344103218663
0.9963726271852174
0.9970617906233958
0.9969634810136805
0.9992450564062969
0.9954161425554798
0.8641422317142107
0.9879668369857512
0.997140028599714
0.9984067976633032
0.9974457270479108
0.9930654646084663
0.9988350337134183
0.9958999475780821
0.9925167960657515
0.9984569045576048
0.9971874072903945
0.994631832327851
0.9976556434165793
0.9805176491613123
0.9960950046181288
0.997120695152114
0.9910712756894263
0.9979634633221761
0.9985097217371056
0.9970041221906499
0.9286478762210272
0.993324889170361
0.9973505118964812
0.9946713141737575
0.9960080647490742
0.9957241232246655
0.9925768387996391
0.998398625743279
0.9985160118943895
0.9970888651188154
0.9987977674022819
0.9986293585544367
0.9988545246277205
0.9955950216752901
0.9767057393597297
0.9887305706033798
0.9955220514803003
0.9960194503267701
0.9953169663673039
0.9843922891058404
0.998771604513216
0.9992345376607471
0.9985139353284099
0.9953090488128804
0.9951549383355788
0.99723805013175
0.9969146422970281
0.9973803649212586
0.9938389270415168
0.9844569652224597
0.9985363417229473
0.9954877514125408
0.9918349806617963
0.9961730976366977
0.997715407172788
0.9996171076310449
0.9879403364011425
0.9987243871887103
0.9948190037990011
0.9949033123005406
0.9955878853098518
0.9969939179920713
0.9960441733970661
0.9982757674794072
0.9941755797945568
0.9976189739258853
0.9979821012861123
0.9990083353434644
0.9986345423127087
0.997086514865618
0.9978433276573971
0.9958762175504634
0.99708594173722
0.9980354892074996
0.9981783770214565
0.9993528100863938
0.9978806484557617
0.9989444827232346
0.9967951551311758
0.9980043451902688
0.99495978006313
0.9970723220632802
0.9965553292917945
0.9966518803153166
0.9985269803096347
0.9957427662230832
0.9938564309699932
0.995910356260361
0.9885737477741661
0.9968369718791303
0.9897144460815267
0.998378550673756
0.9989273862510419
0.991869752236458
0.9976128697457187
0.99681779334403
0.9958482002583529
0.9966300226165427
0.9988343717767025
0.9981860385842173
0.9982809637875159
0.9969053731890702
0.9961344764086685
0.9982700564655294
0.9952591495877742
0.9921173495716792
0.984361910080983
0.9928425288525665
0.9990481110843749
0.9937705904111341
0.9975214933002866
0.9972066709668874
0.9973507210620612
0.9971590222784834
0.999140922992337
0.9944558402353123
0.951515450037763
0.9986815424907648
0.9851498230044373
0.9990072843076248
0.9979023297463275
0.9887337614004783
0.9941603978069616
0.9898538895049543
0.9987823247796236
0.9966790237874575
0.9957325792561208
0.99350687926241
0.9986626256984339
0.9980724356571768
0.9819185645272602
0.995432550043516
0.9987465193528459
0.9852098816883147
0.9952101087275933
0.9941692783254924
0.9975625701469638
0.9942596011487487
0.9966027638870795
0.9986352058503689
0.9931446231649926
0.9927718645028127
0.9971879660160903
0.99654585744104
0.9984779369627507
0.9941747291342236
0.9966309777881999
0.9980586767066417
0.976856212492263
0.9948568010640558
0.9972006378080299
0.9957924634817585
0.976639078614924
0.9968133972913877
0.9926821708684209
0.9960513186947594
0.995295190123762
0.9989697711249887
0.9942400823846455
0.9974191627168275
0.9957104832488808
0.9977908902955889
0.9975106850679076
0.9929935648710198
0.9981908394089244
0.9970361807314854
0.997655059209755
0.9931188067743951
0.9980053073073429
0.9974255459792676
0.9935887912414432
0.996146980783147
0.9982260941310652
0.9972944934985323
0.9987358156793372
0.9997154540573039
0.9979755788634779
0.9937943506329462
0.99627119498123
0.9918280642747367
0.9934643335502924
0.9989355356894649
0.9900093753662252
0.993470388245314
0.9939650622417322
0.9975309719071715
0.9986396247240618
0.99714517382344
0.9951315261821175
0.9959398206191532
0.9958014278844375
0.9966718349549004
0.9965708813609446
0.997244981149049
0.9981890775816445
0.9981427186393954
0.9961723545133933
0.9973876719474577
0.9706516202343168
0.9981766612641815
0.9972412494750409
0.998597049126663
0.9974482008250295
0.9971396943559112
0.9962340645975044
0.993802908825656
0.9982520195836514
0.996488189425366
0.9963239522700158
0.9937291006784835
0.9939665014379236
0.9974879900253034
0.9699790412685626
0.9881807414127668
0.9983472409942998
0.9926613908485983
0.9981909637213443
0.9957429751814659
0.9974858587651046
0.9976164813305642
0.9974942013004297
0.9973628276785012
0.9964215134926776
0.997239030005133
0.9937770837995646
0.9966584844003313
0.9967485169675354
0.9945514610201928
0.998570756279086
0.9972755996005452
0.9955291348628494
0.9955530820726598
0.9952840279497059
0.9980121032595489
0.9972361916430413
0.9976303739733106
0.9951610509128692
0.9988992994137321
0.9967305864075869
0.9973957521130274
0.995280450172445
0.9972952137042506
0.9971042558389966
0.9961905048710343
0.9964579200906772
0.9982039494840237
0.9961715160796325
0.9943921073563
0.9968464880521362
0.9886593733156583
0.9978149481906705
0.9980960440025386
0.998300192219196
0.9966483782268719
0.9980716567013277
0.9984032292456994
0.9983128227365599
0.9960212507369579
0.9961675565917124
0.9983199125161547
0.9967048229008174
0.9970725550681503
0.9887297247413384
0.9969937556836806
0.9983260904554966
0.9987170725273671
0.9965240495849205
0.9956494936447333
0.9982243125209963
0.9966563471019302
0.9874344151818453
0.9976549242948386
0.9984171152387672
0.9981858897333062
0.9984350951410564
0.9943196170362202
0.9998593695066214
0.996068986361404
0.997993072864403
0.9972257976174175
0.9946927650200387
0.9982849149552984
0.991716541883804
0.9983086263192793
0.9977989537884241
0.9916990671411103
0.9976021008232956
0.9970423081462995
0.9903083700440528
0.9968928066184602
0.9984756097560976
0.9971876179690449
0.9965729191652675
0.9954959336760633
0.9977811181496193
0.9992158400313664
0.9967527948235613
0.9971484658467149
0.9974755826002601
0.9962900024646837
0.9966576809155007
0.998180445681722
0.9962069469254485
0.9973908158818989
0.9980157307816931
0.9958678487593846
0.9965110013335862
0.9932353477478125
0.99819543609383
0.9959899626660138
0.9961284695439604
0.9967739788014602
0.9982739476788228
0.9776933186516534
0.997344537815126
0.9982522865163452
0.9942892382747126
0.9954754351113352
0.9982554348974804
0.9989008708122235
0.9966716611108315
0.9956426285005614
0.9951211756873578
0.9958496451525112
0.9970533247760694
0.9982031630616425
0.9987889168591424
0.998888324283264
0.997262151854899
0.9978365937859609
0.9941167276949183
0.9917156792425764
0.9982564904209115
0.9972050619711708
0.9976251667263086
0.9989291928791326
0.9973875690685985
0.9977668042649241
0.9987518931669738
0.9982063651374364
0.9977769752315225
0.9980222881892062
0.9958966356083904
0.9981376975846465
0.9966570899229386
0.9985041914634927
0.9968200346011691
0.9957608326794734
0.9968985194740986
0.9977322170215571
0.9961782995176784
0.9799693986162853
0.9957874499642899
0.9948091495648329
0.9977539008052505
0.997883993818979
0.9978284869361111
0.9978786284224078
0.9955764084449535
0.9958239184856105
0.9981075558788481
0.9970690247443015
0.988248926134435
0.9902205335756175
0.9987406789839145
0.99727719161764
0.9974153528043422
0.9970051210343289
0.9983425977867306
0.9961439588688946
0.9932395889670091
0.9915337697483303
0.9988694784298768
0.9980993159086742
0.998968237619755
0.9984089767208173
0.9988776888704146
0.9969308976798182
0.9977139574269454
0.9981725294342595
0.9978621977589935
0.9959596950960186
0.995351830954932
0.9966211267006602
0.9979237817695945
0.9990926097848856
0.9977114805416558
0.9973503489391137
0.9973412740614698
0.9970671135826922
0.9992603913481133
0.9964787018255578
0.9961649756079465
0.9965643266119986
0.9985285816329533
0.9975724819038381
0.9884001741953363
0.9983120700304573
0.9978667442826262
0.9931955358159663
0.9971933381965652
0.9965178644321682
0.9975959262381211
0.9962891577827718
0.9956369433431922
0.9988108392813994
0.9969641892500225
0.9955909617612978
0.9936294591484465
0.9919619294940556
0.99731012638395
0.9989689779831121
0.9973587987050526
0.9972092884431709
0.9973455852495752
0.998776659248014
0.9926241695781787
0.9945446832467064
0.9883879541721522
0.9941977413465514
0.9985086891682138
0.9946144462334354
0.9975670481479378
0.9971450939601586
0.996245893946504
0.9950429217290752
0.997962300466537
0.9918226451715935
0.9966358284272497
0.9969491529221692
0.9981984455732995
0.9978479701287578
0.9976683074873237
0.9970645550179182
0.9994959416843302
0.995334445526117
0.9887371134020618
0.9965032173593703
0.9942109625277381
0.996676965386117
0.9990018123123974
0.9975991802078759
0.9967880085653105
0.9976901501402409
0.9962877850450769
0.9938546185482882
0.9972621479509436
0.9774643061107938
0.9953213738830416
0.9973663455187464
0.9897241025390386
0.9986823505511838
0.9984003825507497
0.9971325131359734
0.9883720742885408
0.9972395873040075
0.989065094733571
0.9981134660169475
0.9931761705037012
0.9938907489201961
0.9992966414629858
0.9991269206503758
0.9981859288044521
0.9947817452486253
0.997334388275076
0.9975453734007735
0.998825492983866
0.9970658177355017
0.9974204763055643
0.9976713819368879
0.9977638871464101
0.9957635389631515
0.9982523512773932
0.9877392648070654
0.9981057124608602
0.9947984650564808
0.9951304413731127
0.9951457634514167
0.997690221939544
0.9987563035890173
0.9944544976942385
0.9986942032037861
0.9911562563169598
0.9937475702993391
0.9925299287917887
0.9972585505595533
0.997583295661417
0.9949972177182095
0.9971459590137329
0.9977580049755236
0.9960546442787934
0.9971286934328065
0.9975255840640819
0.9973565049608174
0.9975516290211356
0.99757448951916
0.9974542394686162
0.9980594999706479
0.998398084787626
0.9979628699932199
0.9850541325587536
0.9642797517511704
0.9990500767854599
0.9851703406813628
0.9979027010074876
0.9988765909200893
0.9957150778847608
0.9972442257562593
0.995534042735645
0.9750704881140226
0.9930178163588744
0.9985915154813256
0.9952049391064246
0.9971402766441433
0.9967106281197083
0.9911732741536298
0.9954991669271541
0.99572092897687
0.9975080099679601
0.9990097672953144
0.9940366787856022
0.99865804252288
0.9973050448873096
0.9983502730582524
0.9983545948874295
0.998360028265222
0.9902024141132776
0.9978504777965149
0.9961809316493678
0.998036253776435
0.9941199913303083
0.9976196687100561
0.9946161043832586
0.9954108590689624
0.9950798733722259
0.9974579591783865
0.9977637312144687
0.9964531579066555
0.9905471721261195
0.9975707827742089
0.9958733524884384
0.9976859192013482
0.9992797082439286
0.9967231713828083
0.9940614204687157
0.9976381434240205
0.9973814462168884
0.9952965458388323
0.9970522075231542
0.9976218890234141
0.9929064555429465
0.9951619600237566
0.9930450545436048
0.9977369191198524
0.995093715800313
0.997138999217483
0.9978636857630803
0.9934582658163182
0.9980527853064232
0.9969046706482241
0.9984860357254651
0.9970218878068707
0.9985984729904788
0.9947111194466203
0.9981235675758017
0.9982292114044071
0.9880715802126855
0.998080187714979
0.9991525821003704
0.9790581729754938
0.9993233283624546
0.9960064551484613
0.9875209536226486
0.9943126736896529
0.9946511855451551
0.9977480554392614
0.9988992417182423
0.996616032172699
0.9958923995810911
0.9993168312198774
0.9963252630038536
0.9982967206038476
0.9984699204209827
0.9969520486921944
0.9946541761067128
0.9959544192046617
0.9977147935379439
0.9992922929707747
0.9998373016613901
0.9901164853814703
0.9964610810120579
0.996487690773282
0.9989303382805188
0.9987205474331882
0.9970833869842401
0.9963791481531881
0.9974837603921496
0.9957114297383864
0.9978199313403664
0.9984320454410982
0.9936305449570706
0.9970012847193059
0.9961683782609765
0.9718986534167254
0.994352047870886
0.9944959669202239
0.9974107614963029
0.9987057400748044
0.9985848579803902
0.9976556401190064
0.9958749388733772
0.9968334851474848
0.9983874614884536
0.9777735948499793
0.9747681109914076
0.9769175897387583
0.9941351619597582
0.9983306422922197
0.9974523796830136
0.9942481303034052
0.9931807464906235
0.9950165776448265
0.998802991683722
0.995448261405549
0.9929360440163395
0.9975916395487191
0.9989051305546136
0.9977299847751244
0.9959247454183835
0.9873611036005377
0.996269416462192
0.9945830482025569
0.9928921647171928
0.9936808655152338
0.9972764435894487
0.9965953690271359
0.9955269237553022
0.9972031087569923
0.99462233347998
0.995126702368234
0.9971484427354614
0.9982414146841874
0.984816388983339
0.9940701938187533
0.9941799007598463
0.9972055631681617
0.9952548153561801
0.9906747694886839
0.9981826242758893
0.9976853382712784
0.9980084779652884
0.9983500957048096
0.9983478828424573
0.9981331338337651
0.996361555477738
0.9970353692821822
0.996752832573728
0.9930854728523877
0.9975869826158372
0.9950358298019865
0.9941111991981474
0.9928356715664599
0.9978204521034165
0.9940539007092198
0.9951885975802068
0.9885194929442717
0.9955321395829223
0.9623983739837398
0.999373099221296
0.9887798873347757
0.9986300382147235
0.9920980328926153
0.9986282624769565
0.9469513832930433
0.9890134749260522
0.9857411483624056
0.9935045071639735
0.9967750062988158
0.9986242476354257
0.9780870830916886
0.9927436522382994
0.9978851613650849
0.9966608052498958
0.997594630594747
0.9979142105740455
0.9953613521503456
0.9973610483506552
0.9982869820958671
0.9978252644722
0.9933452596969226
0.9973837338123855
0.9935821116935085
0.9969396493442105
0.9992929180157046
0.9980096650012286
0.9970008910024163
0.9930478974484646
0.9972814426912975
0.9987418953917788
0.9976260244892282
0.9766177270255574
0.997427293064877
0.9969578247314507
0.9919885038546933
0.9966457942700323
0.9985306150425608
0.9972755019341637
0.9985101110407094
0.9905879176841614
0.9970902073702085
0.9940135988383146
0.9931197750980247
0.9916853632081779
0.9973415297138727
0.9985768238803698
0.9955020370355834
0.9972177795248047
0.9851763594598656
0.997971617616239
0.998688258350641
0.9940248535689612
0.996178539672577
0.9963844170553146
0.9922469322918185
0.9954635754807791
0.9965008576329331
0.9983396226415094
0.9924784597681794
0.9959521695132277
0.9988194398898144
0.9968609116713976
0.998303768111591
0.9917182461303491
0.9976949342897771
0.9903435611522093
0.9940542759665341
0.9977302390040612
0.987493619193466
0.9981880712768904
0.994330333978764
0.9908414047571984
0.9958773820747222
0.998142562895395
0.9981273863664
0.9950371595763068
0.9970405231777563
0.9981436154121174
0.9976458391827391
0.9982166322507978
0.9953931196788904
0.9947980603977412
0.9913005013270422
0.9988946493201605
0.9966021883424707
0.9949278450952932
0.9782122905027933
0.9980734528780522
0.993921021504152
0.9970379146919431
0.9964678208086909
0.9904096993911413
0.9955737602512962
0.9978668753510505
0.9961495700099776
0.995633832992265
0.9972167570420846
0.9959135817369864
0.9952589965839721
0.9987586556324946
0.9986941331119413
0.9973840626888182
0.9964201217856727
0.9984849699398798
0.9983588548155888
0.9933472745991886
0.9989662278729131
0.9972791082836037
0.9978636014864519
0.9961012906601999
0.9977514436922784
0.9935418814651998
0.9951281125947311
0.9975807155322862
0.9958194098156675
0.997949431126784
0.9965878990137831
0.9938069035512791
0.9961780157173735
0.996754940969278
0.9948831728574613
0.9924584800510161
0.9975921686684018
0.9982936675676619
0.9970467817179395
0.9978838725572147
0.9984937500132035
0.9977477669309887
0.9971960151812918
0.9927876984126984
0.9951966662955481
0.9975654145453676
0.9922969022120303
0.9987845666385561
0.9991527218809574
0.9988694530244885
0.9947416419863417
0.9970269022052881
0.9959634492547906
0.993996840442338
0.9990171384767015
0.99688166483552
0.9982737177111967
0.9957017302121973
0.9978038818954227
0.986652867492238
0.9987327538508219
0.9972155159479424
0.9990660590827322
0.9425289210861744
0.9903940833887246
0.9989896990969784
0.9957737788726057
0.9962068118184115
0.9975150291902685
0.9980741556556846
0.9947010077454818
0.9978022844970894
0.9953634793040067
0.9909788513119427
0.9991516436903499
0.998426937270154
0.9973481123923602
0.9914042473776368
0.9984631020549812
0.9984312549383748
0.9977268888638667
0.994379599899771
0.9985605974233269
0.9330817968249449
0.996995253004747
0.9988483986932571
0.9949180628553719
0.998842145889618
0.9983497896521412
0.9969784158816001
0.9972014132090204
0.9972259498868348
0.9977165747499173
0.9982891217352479
0.9976482144375076
0.9939244393266436
0.9955389801688515
0.9997299316348098
0.9966767357393558
0.99563160860633
0.9986980817171589
0.9839605442033491
0.9987121699935608
0.9986585514227154
0.9953483047362716
0.99815664525396
0.995833169542828
0.9944941500344116
0.9989250411861614
0.9967178997409243
0.9876241185782126
0.9960354902909158
0.9989163835245795
0.9988722677369067
0.9987402096887821
0.9850846805234796
0.9979949098723045
0.9967915298606798
0.9987450820784154
0.9977870440030093
0.9984829807039171
0.9981999672721322
0.992032277042625
0.9967013750894206
0.9977409242946955
0.9980350966876204
0.9988124788678965
0.9986762319583227
0.9856971209390453
0.9975811269003929
0.9953893888929842
0.9962311897802317
0.9948038743158214
0.9967487774258799
0.9975466636587447
0.995519001701645
0.9977270561975148
0.9957993974004647
0.9965882222707907
0.9967012017664644
0.9968634104000631
0.9975138919212052
0.996411239097387
0.9961129446277961
0.996168770568299
0.9975143346041848
0.9969401465370646
0.9932146474808164
0.9973942953823562
0.9926458012656063
0.9973523381821732
0.9976929513799279
0.9937332778405374
0.9963661088410587
0.9969692787695272
0.9981550806928299
0.9989170486823328
0.9988786942150372
0.9965938999845178
0.9966250042187448
0.9974225466622845
0.9968293112559451
0.9945771092848159
0.9854224369520398
0.9969866159816266
0.9975819976878362
0.9975258838675047
0.9979628085692537
0.996085677136796
0.9951040560799748
0.995394085489217
0.9969851712492843
0.9968291855335978
0.9980331569825778
0.9979377899982815
0.9927692491213903
0.9981280622133407
0.9975207413089286
0.984698542462217
0.9974009728978457
0.9762706559476958
0.9991121405134143
0.9965156794425087
0.9988911180731941
0.9980197327804117
0.995176134560457
0.992125879564846
0.9940998062164362
0.9918086947401542
0.9917231365766104
0.9977912735422767
0.9973937608299327
0.9861319450180245
0.9979528115702966
0.9952121667292527
0.997319043633916
0.9977587816967172
0.9960639808587097
0.9971188395453998
0.994808874549525
0.9948070973313946
0.9975633436687651
0.9970651704790677
0.991371480472298
0.9984617431076882
0.9991379692416789
0.9985990880856407
0.9969047831763149
0.9962954776535078
0.9970580191767426
0.9983931152721283
0.9986317027791451
0.9904925502011721
0.9949302915082383
0.996764157676291
0.9978409731042651
0.9836284664216505
0.997364509192575
0.9988095904120744
0.99836206746071
0.9982563430115245
0.9967500812479688
0.9977725461789206
0.9982257264275083
0.9985024222868433
0.9931351441040004
0.995670003311174
0.9975383350750087
0.9987203430863941
0.9979483502146265
0.9989023315825201
0.9904091712909324
0.9926448053938094
0.9978250479843996
0.9970433535224738
0.9951847064215931
0.9975986144355576
0.9984292265207367
0.9968882413240335
0.9977306462662708
0.9946932698034544
0.9938447554366467
0.9907143690906969
0.9916360951134969
0.992269213278763
0.9976422984404123
0.9965143416798349
0.9981427606628915
0.9965466641658484
0.9943748299289382
0.9975867238651197
0.995992260917634
0.9990734449317438
0.9969075042191682
0.9989236781974257
0.9986612368720426
0.9986568166554735
0.9986182156380788
0.9975618801516946
0.9942376151409863
0.9978886775353298
0.9931169531957701
0.994681364889053
0.9956443671801639
0.9889864660864542
0.998504082759493
0.9911927170196444
0.9955583646470069
0.9985210469804217
0.9978475563433781
0.9981800248178434
0.9953721364746373
0.9954019436511657
0.9982922729846574
0.9963076171924667
0.9975988450519502
0.9980535384178163
0.9984029769749593
0.9987466273161154
0.9976914922971838
0.9965870307167235
0.9985854448610026
0.999075086185151
0.996815325813827
0.9975784493148239
0.9983417447728912
0.9974011885102638
0.9970254665588001
0.9858926348120552
0.9980613437070703
0.9960712364558518
0.9969890560138013
0.9600441126569392
0.9974815322033111
0.9942698456595027
0.9972526950206285
0.9978605789518102
0.994319102988956
0.99775427082168
0.9970886310822871
0.9969356135823974
0.997640926395491
0.9929416278063056
0.9937476934925737
0.9869422820046498
0.9982348694459701
0.990592012453179
0.995459136908659
0.9990704290375509
0.9984114877926846
0.9975933254893572
0.9933879337050805
0.9946507211829825
0.991134087861914
0.9976636840014377
0.973206154828438
0.9929627647373652
0.9937624750499002
0.995595026642984
0.9965120035010211
0.9959909729212247
0.9967536859191126
0.9927324594172383
0.9865688693331329
0.9948516050878256
0.9972140064028004
0.9971054138303963
0.9987135077688949
0.9954503825814648
0.9985229070480741
0.9968119563621546
0.9919862783726603
0.9901347330288054
0.9986923531812465
0.9662706771575491
0.9877283172632726
0.9972968780521435
0.9428984247436244
0.9968429432752318
0.9879081015719468
0.9968054940716191
0.9974029733141437
0.9979923990660736
0.996794224739926
0.9977720238453665
0.9979303149000223
0.9978461538461538
0.9981824976219595
0.9985821348997367
0.9986880253972368
0.9960294512719872
0.9885476545876076
0.9953899996344896
0.9980002167906576
0.998843384767334
0.9982554753348938
0.9927032146005533
0.993362189077938
0.997767429424478
0.9965218471476041
0.9974124462042631
0.9965828722880553
0.9962662370706827
0.9944015286843831
0.9924302322176345
0.9987475073748744
0.9964822513591302
0.991094758796855
0.9940220097913187
0.9969281583876202
0.9957035630105953
0.9972076325920327
0.9961456045066778
0.9972401554657986
0.9966556956699624
0.9967825699728379
0.9977802776592489
0.9972124140494332
0.9965996970821589
0.9988641438898109
0.9976764578891376
0.9980391583013843
0.9919720556797179
0.9949399795445981
0.9937286202964652
0.9980109955066281
0.9988105611108806
0.9990655525004873
0.9955880200641307
0.9977643714213259
0.9959249225378388
0.9987996188480466
0.9986647400328212
0.9939773344191096
0.9973000183049606
0.9985478911742474
0.9953945188330735
0.9984227894787926
0.9961592784980597
0.9890835585476002
0.997374420767591
0.994663404619088
0.9981497162225234
0.996490554037235
0.9958701162067811
0.9970076548364648
0.9987306098123525
0.9981917220641502
0.9980737031409879
0.9970359219269103
0.9991929011991837
0.9976426016415956
0.9956106284207294
0.9972615680811245
0.9945211553078287
0.9995475830494449
0.9977896491667244
0.9970011153347142
0.9971475647998866
0.9976321656351522
0.9905558058433865
0.994249680602928
0.9901861026316814
0.9970367109605632
0.9981864768878844
0.9987969565904524
0.9945252751352359
0.9938044211501457
0.9971922426704549
0.9982586166620655
0.9984471488931421
0.9978956573049484
0.9988725203424985
0.9937322577925181
0.9929646812933158
0.9887557299683689
0.9990304709141274
0.9975401824754369
0.9992541083373736
0.9945953242265536
0.9951974968771602
0.991659618456912
0.9977368862847079
0.9974131036386413
0.9989819815295842
0.9945684000936987
0.9965838740956217
0.9988769278872844
0.9981937908409794
0.9976781798931212
0.996948468713051
0.9946165427254893
0.9950016018173345
0.9934847695912523
0.9924282031404928
0.9977591948123482
0.9975882841193675
0.9902363348070726
0.9964308406742965
0.9970293179874018
0.9873599970082834
0.9911235779189218
0.994466599756637
0.9953019295989415
0.9980625381043943
0.9977153093185811
0.9993170540326506
0.9926540764091737
0.9951575260962314
0.9931101559503062
0.9980003023793834
0.9960657989170217
0.9904894859069636
0.994925389182925
0.9973236370682321
0.99639492039016
0.9986205296668973
0.9941900411036512
0.9975042291890942
0.9985224949446424
0.9982209165206043
0.9856440931424909
0.9959324845161167
0.981763597833765
0.9930164134012716
0.9972566502719338
0.9978742736253975
0.9985899692263357
0.996644990713057
0.9960524034371107
0.9980020217636915
0.9919746098487912
0.9956043180072909
0.9967693173502256
0.9986855423524355
0.9989839275817477
0.9969502028566665
0.9974605590309422
0.9966727768903872
0.9975447826631593
0.9983390345876093
0.9991751830691237
0.9959013788857936
0.9990187961855702
0.9990224645173419
0.9958712759636721
0.9953686991221516
0.9953600652809574
0.997124800696412
0.9699869253836196
0.997539514585717
0.9964714570967477
0.9938227505411807
0.9910688198889744
0.9974953316745295
0.997708662264719
0.9981934660415798
0.9946038913931252
0.9972053872053872
0.9980864584612799
0.9951775537045155
0.9968561773579575
0.9975337383998989
0.9957904232128092
0.9973294053336783
0.9951080370705399
0.9969961517317207
0.9965445862468013
0.9983325972920863
0.9980430085916696
0.9968347116573048
0.9970788896825201
0.9984977297878722
0.9899324899493464
0.9790549549635967
0.9987875630338582
0.9978634180003716
0.9897394274347161
0.9973904683422606
0.9946751451564718
0.9951573113446656
0.97735695478174
0.9931899352006107
0.9961105094932796
0.9935955308240727
0.9944011390786013
0.9988255233111323
0.9928905609934888
0.9969147183912285
0.998479978361264
0.9863704106810466
0.9949524512943729
0.9970490923723508
0.9973964790478552
0.996603939686997
0.9941698111714962
0.9966279775061426
0.9938002175053717
0.9921072748753215
0.9968717860815907
0.9982585958244039
0.997993378962975
0.9989821287021691
0.9964905955918002
0.9977739225245535
0.9979895442014598
0.9973767660275008
0.9983408554812385
0.9981264462833557
0.9848029606287672
0.991926097450411
0.9949674597528522
0.9968209059657449
0.9987173424974775
0.9920820266979943
0.9809372058093233
0.992645405787327
0.9990746279817543
0.990637878516395
0.9982413141499373
0.9967019311629024
0.9965536764886886
0.9970135869453437
0.993812555959604
0.9984051915212847
0.995728121421501
0.997830959052674
0.9917167820265517
0.995026202679845
0.9892359987050825
0.993991837968561
0.99494020747729
0.9971648023093974
0.993455544708392
0.9968373908914513
0.9966518907892672
0.9948415830420566
0.9962332832901462
0.9976922814905648
0.9946127316576514
0.9997623675793336
0.9943665765401788
0.9959887462046296
0.9989651077721693
0.9983559636388616
0.990778866786522
0.9881899871630295
0.9984405104412362
0.9967125124441905
0.9961536790301477
0.9950285226328944
0.9981558581701926
0.9972808740586852
0.9977274810290492
0.990250102966866
0.9941922484295366
0.9966128567310464
0.9956949671918196
0.99334162684837
0.9986750335842182
0.9926386331984295
0.9950120455047784
0.9941640315868951
0.9991962222445494
0.997266750387826
0.998599572232973
0.9988679595434722
0.9899673237818234
0.9947664808833688
0.9952486646015757
0.9989130357392899
0.9814282179748871
0.9935133254355516
0.9949266995556488
0.9976979565399569
0.9973840521691681
0.9973462401621627
0.9646675742049349
0.9985333760237964
0.9977710340440757
0.9881320442661785
0.9970126925284383
0.9942768003801692
0.9985570927231068
0.998287720665714
0.998422712933754
0.9987120034485911
0.9966508302673455
0.9981994612128209
0.9934924478144372
0.9910824363892967
0.996668060905613
0.9894083306521931
0.9893792403779088
0.991954169069988
0.9982188165025205
0.9970900837789605
0.9984016093065323
0.9976776459259679
0.9989631248906162
0.9981165492538892
0.9984329455653237
0.9619461189484805
0.997552224792945
0.9940243692626365
0.9961361925705093
0.9962887989203779
0.9979067317289564
0.985140550175973
0.9962434011286345
0.9919699312583248
0.9932264639649663
0.9918989481309328
0.9960041117111378
0.9987192041914942
0.9977634606793347
0.9954557936596727
0.9888965044551062
0.9982254108305486
0.994828448309765
0.9968596780956129
0.9954795631394606
0.9925206246593877
0.9904967251729714
0.9926073540755979
0.996596385666133
0.998575490438292
0.9937848908978131
0.998522862350424
0.9981302372539121
0.9979063426980316
0.9982148501207379
0.9978932203767981
0.996628254108731
0.9975378701724059
0.9953983665405836
0.9970553151026998
0.9955993001146792
0.9982778426233025
0.9986320413018909
0.996208063322917
0.9969396055312603
0.9971256483622728
0.9984931933908344
0.9980894919805975
0.9980766919100853
0.9972663024986425
0.9958519858529399
0.9979379434128922
0.9935955535913589
0.9985412281809926
0.9985253422662395
0.9963676060445189
0.9990825428288262
0.9962347474314716
0.9988560258751145
0.9969281357829843
0.9985224656901399
0.995793284998382
0.9987281547799729
0.9980293481807799
0.9966569800145733
0.9980791712313156
0.9977599686830573
0.9545748187943301
0.994085891985247
0.9982737928880266
0.996846157893965
0.9971350744099902
0.9964407454955952
0.9970358749375243
0.9969106653163866
0.9962357431392749
0.998869900246047
0.9807882213581822
0.9952454052601591
0.999266158181946
0.9972622138305405
0.894193911739183
0.9984535491048044
0.9974565476435058
0.9981540212075728
0.9978663383575239
0.9987468272668553
0.9983673648884503
0.9955885241195933
0.9986226908152992
0.9980667598794627
0.9941042861778265
0.9968301130863452
0.9973605596397556
0.9935656928955244
0.9963902195861742
0.9964308329975247
0.9979187924501162
0.9964193156974498
0.988693656722668
0.9982293652955598
0.9926707583839819
0.9990906130734638
0.9965320177795145
0.9963571655657212
0.9966122574684324
0.999004173893156
0.9825701822789745
0.9795417498488983
0.9988753541639922
0.9963553084175444
0.9913612513872563
0.9977229840231475
0.9975410716301712
0.9982005741025483
0.9822092957374077
0.9500680259187061
0.9821820095302131
0.9928208524751924
0.9985155113911779
0.9983376471874886
0.9934074351268228
0.9928296345136589
0.9970101420237948
0.9980863659682581
0.9960167130164936
0.9972065662125967
0.9078699672430236
0.9871718408303775
0.9965916270408672
0.9962082676251565
0.994290832830323
0.993516980787104
0.9971052550335693
0.9964280568629335
0.9975167140349241
0.995409051249606
0.9988711545634804
0.9990622895479383
0.9966769869690639
0.9973651929258274
0.9983085678153651
0.9974746733225665
0.9917523378056572
0.9988600852970657
0.9968325194668074
0.9925695630168909
0.9974612143453525
0.9989565746285091
0.999051539913868
0.9964395868264713
0.9957478072713373
0.9944827662079057
0.9963101571050984
0.9951572812205366
0.9980158417712549
0.9960045367840388
0.995591286307054
0.9963170959236467
0.9976439510227394
0.9996059630918763
0.9969884485308855
0.9982665464432748
0.9908541400450832
0.997234761587607
0.9973172185789388
0.9913723031189763
0.9971587550872216
0.993255229146767
0.9952415139602686
0.9899950406766916
0.9381121684269232
0.9977043403982703
0.9974066297488119
0.9935106276546399
0.9912827523226969
0.9967086871850812
0.9983804454698658
0.9950899952192058
0.9969968618627509
0.9974278958409002
0.9995362049973912
0.9957760669137915
0.993638246006778
0.9985878634250469
0.9967847824257218
0.9970532852276157
0.9811019408139544
0.9995129691599504
0.9981187389460111
0.9964295572435895
0.9961199012338496
0.9980691532020509
0.9957418172609342
0.9991744265954552
0.9971166448230668
0.9951669934332754
0.9931732463354076
0.9976761095221262
0.9988050571249569
0.9957531630261632
0.9983944340379984
0.9951115847648253
0.9997567508953326
0.9980591784488138
0.9964808128528508
0.9968127347580945
0.9953991073579862
0.9982219491064412
0.998691797083192
0.9979509293452914
0.9982180590087352
0.9988013292190838
0.9986692510197587
0.9955193547870893
0.9924246739192345
0.9985002056728738
0.9983761282132472
0.9986998182492411
0.9944449007647448
0.9852806597225793
0.9976833788103356
0.9983817655057612
0.9953765905318896
0.9890603374427934
0.998396566048186
0.99877754169456
0.9965153624932651
0.9954942684996139
0.9852956193199224
0.9972131981682257
0.9988150915312607
0.9962307095361239
0.9946453991312918
0.9976180584406592
0.9975783475783476
0.9977301949670682
0.9989725884008773
0.9968869448713402
0.9978857754091213
0.990866217627282
0.9975180816526067
0.9988813289199461
0.9963542661188879
0.9981552282304162
0.9985038140063296
0.9974548721019763
0.9951504652568272
0.9936379626510984
0.9962513999033877
0.9986838857561054
0.9968456551820822
0.9975696431774886
0.9897261732042091
0.9903096177365812
0.9985553516996287
0.9952294564267957
0.9985176955797195
0.9976552265509911
0.9963464311211278
0.9961414978848611
0.995467209446682
0.9960558967250785
0.9969887088666332
0.9979324788772734
0.9911715905995394
0.9989737727491199
0.9983619053797622
0.9975789329923147
0.990744628067631
0.9979433222922214
0.9983834606176054
0.9798072510325837
0.9928296750295664
0.9932488781223938
0.992639177654093
0.9989533920638506
0.9956413174867872
0.9985228416709984
0.9974886629929699
0.9953647248953207
0.9973514732078334
0.9981441136125232
0.9991392104482042
0.9985347009457839
0.9987967991036472
0.9988164569316337
0.9979271073392594
0.9935533860220053
0.997237547980434
0.9971347696819126
0.9945750452079566
0.9983320968843222
0.9959562153288803
0.9969895889952753
0.9863996273870517
0.9923260446325077
0.9988010959959648
0.9938121915599337
0.9987140785370621
0.9991116187575354
0.9976582643087135
0.999187466382852
0.9977672414435772
0.9885667364138816
0.9983655740641232
0.9978065935815498
0.990941417191442
0.9956755798619548
0.9958740482358407
0.9986978551983509
0.9979088307636357
0.9942405639089665
0.996822604089356
0.9988574386251821
0.9936873707650707
0.9975443860965242
0.9959452690411537
0.9966624069513331
0.9967582400337179
0.9979428289302253
0.9961789763912161
0.9978724122792205
0.9981038484852965
0.9972965678165323
0.997470353673194
0.9983037667659158
0.9983147680525105
0.9979617991976653
0.9957417257825725
0.9981511477081331
0.9969944585329201
0.9968697131761046
0.9987559681063032
0.9977537653985293
0.9975662143530949
0.9984971985088621
0.9982749342604925
0.9989831376421962
0.982852347768981
0.9984844521717724
0.9983281213454726
0.9936620631155724
0.9979422995975447
0.9959773842515248
0.9950446783061444
0.9933844376772025
0.9981291265456732
0.9978109637691763
0.9956265305791469
0.99568766685579
0.9980173781750351
0.9952974624487555
0.9963514670864707
0.9958279915690663
0.9989753658312115
0.9983319657972016
0.9982276210134982
0.991841287147005
0.9953670866428794
0.993289142157
0.99777172507631
0.9973569752668527
0.9981080782639331
0.9974839901068592
0.9982504003798579
0.996847705744864
0.9985655663289392
0.9984842460987974
0.9975745007822698
0.9974398004658243
0.990979114401231
0.9890443892637472
0.9981327996974663
0.9975638989310388
0.9921524159026651
0.9978461027681107
0.9990566058266287
0.9964927799031423
0.9952663029696146
0.9909602246225043
0.9981072054318803
0.9873295997814506
0.9967744612001909
0.9967789151796536
0.9936282565235139
0.9954382989905542
0.9976388804442553
0.9977775659444664
0.9975156086414941
0.9626019650962507
0.9971210339963889
0.9983288086218883
0.99884742740703
0.9988848620016727
0.9990022660398418
0.987804006521205
0.9992690058479532
0.9988537710255019
0.9994516207652937
0.9983173127046019
0.9986647683546253
0.9986938690211854
0.9986291980808774
0.9960345388872526
0.9982231611355392
0.9957211160899894
0.9934129323962217
0.997087981212782
0.9969267677973761
0.9995053676766936
0.9889189367455973
0.9926640535554785
0.996048144585825
0.9952189341263086
0.9978947368421053
0.9929616078958254
0.9962364199484126
0.9978704215055643
0.9907532076360408
0.9970830262834685
0.9983774299732936
0.9968914062776701
0.9984167380879169
0.9975788313401168
0.9973282913395536
0.998169100308362
0.9990723287376131
0.9887053499166962
0.998232193195271
0.9990789690842398
0.997887131743009
0.9983605943349747
0.997814497013146
0.9941805127025801
0.9985077558915308
0.9866868598258202
0.9983295451992804
0.9981269437376308
0.9965592133431243
0.9946223628894939
0.9808068938503721
0.9954371388121708
0.9976680955783123
0.995830870652421
0.9993123876018195
0.9984306156665497
0.9944896493315751
0.9977743938151575
0.9979690843144658
0.9871579109468497
0.998690850879097
0.9957838572203817
0.9922579373203819
0.9979669746323613
0.9984634524999468
0.9881106707655839
0.9970957117668585
0.9955458718915573
0.9953642722213714
0.9947401557232685
0.9987159076149759
0.9971958338972586
0.9988654964158717
0.9976758247987605
0.9968611355831166
0.995794890533175
0.9977816273881778
0.9971476810079225
0.999784380035861
0.9981313591195218
0.9959849280375563
0.9962129257634028
0.9957815305839033
0.9995229606568079
0.9987503794751594
0.9944892140980935
0.9840509124888505
0.9922229205612497
0.9974210410493092
0.9988886903117841
0.9986211663695566
0.9957428890408366
0.9964169726815394
0.9987481971317387
0.9986479262962613
0.9973116257806682
0.9989790557752734
0.9964429485910381
0.9952089872790352
0.9866508676935999
0.977760857251632
0.9966467482740616
0.9987952208576695
0.9928457792679267
0.9948258254850788
0.9977947566446143
0.9923249433516045
0.9913425522391576
0.9954676880327438
0.9940109534360169
0.9927667061488747
0.994373718821631
0.997627286837485
0.9978233351862891
0.9954225260769799
0.9977590766279052
0.9965670436187399
0.9984856479165667
0.878038523004458
0.9983386513887611
0.9978629503068996
0.9980903728451712
0.9926177882334137
0.9972294905340927
0.9973205633708692
0.9948755822930335
0.9827064398170466
0.9942080292849745
0.9960165516052327
0.9966908797417272
0.9945522051424408
0.9919895365229295
0.9957569700186154
0.9936882057121169
0.9990960354698464
0.9949129076918124
0.9974282645388982
0.9987918843051559
0.9935601352422749
0.9987964896707773
0.9986800453452476
0.9970572840942135
0.9965574874647641
0.9982519841293531
0.9981444512156682
0.9963403306706298
0.9949072537224007
0.9975702042638523
0.9965466265577998
0.9900071363033949
0.9970371818030025
0.9956105443407375
0.9978579265425541
0.9963823275928803
0.9940280418053676
0.9978027123894603
0.9974674965668527
0.9957765902430615
0.9968489453290434
0.995424739637421
0.9971308300717547
0.9982285055810673
0.9952863815032224
0.9973121169766692
0.9969491525423729
0.997756032960565
0.9947363343017335
0.9964196762141968
0.9944607637431808
0.9962938979244716
0.9962318057802535
0.9990229634895235
0.9957526731328031
0.99678277547485
0.9897297373016688
0.9915589036389959
0.9967744893814933
0.9977272727272727
0.9977155910908052
0.9992620733007188
0.9972946549345761
0.993162111015261
0.9989750501282955
0.9955751095707184
0.9976038338658147
0.998437994404906
0.9981966579622235
0.996054884068313
0.9978479747905619
0.997777011229926
0.9976585789746829
0.9951010660701799
0.9984010158252404
0.9966438918832274
0.9955593754476436
0.9963038716896396
0.9948940102356733
0.9943753813300793
0.998672444380514
0.9979314165476512
0.9948694988976321
0.9932283991356942
0.9969867821397693
0.9979445903961892
0.9288365190118826
0.9940245329406661
0.9960093426137874
0.9988895991452914
0.9991844235777706
0.9980066645557214
0.9982413674503722
0.9988404427597102
0.997396350916246
0.9954840549051869
0.9985584206153997
0.9985787042520431
0.9987940137859299
0.9975998455844711
0.9935721408299455
0.9976988703545376
0.9964492494402268
0.9965350843833718
0.99599322131869
0.9957559594091371
0.9985168117472888
0.9978231842474082
0.9982924535935203
0.9960247708158685
0.9946799797739525
0.9983948827905083
0.9963499821694531
0.9987096034181172
0.9952879675855582
0.9921046061665211
0.9948317419115602
0.9938050713763515
0.9970832175879996
0.9972367683716257
0.9937808655668404
0.9982889606772865
0.9762892286878971
0.9977428969238132
0.996022310705331
0.9862731517569394
0.997141887426091
0.9888661243960614
0.9964299107477687
0.993343782047561
0.9968106377739473
0.998630240914828
0.9975838298461965
0.9993444865619745
0.997179332592117
0.998914722743581
0.9941888664171388
0.9984602758537365
0.9903627618365736
0.9736543822565328
0.9204848736239446
0.9973775222568482
0.9945634554477668
0.9864782693833802
0.9977943425691884
0.9946530613560404
0.9976355503824939
0.9954645644448145
0.9981065046075055
0.9982807392821087
0.9965440220093021
0.9979382062394283
0.9967544192787029
0.9977705263584589
0.9954130935330058
0.9946469538618404
0.9927563767634067
0.9978968433681804
0.9970879558255998
0.9962284191765531
0.9952091401939723
0.996552738504532
0.9979714291226707
0.9969887652195123
0.9984144326600224
0.9937854213013072
0.9987308073303616
0.9963847045191193
0.9965076227727734
0.9983847342485512
0.9959863076440951
0.9981727023550321
0.998998424093854
0.9990523897033651
0.9716546076170788
0.9969697828764383
0.9972878339982206
0.9973128987610977
0.9976116755994082
0.9946824635599664
0.9918203049347789
0.9951084425520591
0.997982730734178
0.9987167075669225
0.9980190319828043
0.9503764892618294
0.9976075884726798
0.9983974358974359
0.9940598159707693
0.9976120087193256
0.997945414665297
0.9988417016368204
0.9981140510184124
0.9960011996401079
0.9971090069072778
0.9969070502177398
0.9931671732042601
0.9977633639006933
0.9978807426019354
0.9981038982634953
0.9960476993025102
0.9946141056006125
0.9952287435490358
0.9979373406311413
0.9986043880052807
0.9976231249356653
0.9947062955448905
0.9911121186484251
0.9978540326303488
0.9957421929279503
0.9972153120706939
0.9944333663185777
0.995018768963061
0.9987402239519221
0.9621730161416476
0.9925166946161204
0.9891258096543899
0.9974419701917828
0.9972877314296322
0.9917450526321273
0.9959461930440122
0.9782545203515386
0.9974586015717121
0.9974463171809143
0.9873691808011548
0.9948757743200032
0.9980842506599346
0.9948198457465178
0.9985123426131455
0.9721414957894594
0.9974677531460984
0.9974368112780304
0.9990882325007123
0.9973270855332629
0.9947121868124068
0.9987547075459858
0.9960896098595529
0.994427872192929
0.9977731437087699
0.9985968377514203
0.9985868004940635
0.9988147746302805
0.9961991983030479
0.9809224131959905
0.9983562832760523
0.9934087835889286
0.9990427481333589
0.9974630803059329
0.9958190909347722
0.9983205338558339
0.9955001937616978
0.9983086622618549
0.9948966485708903
0.9970103375404468
0.996251624799734
0.9962501636222238
0.9989642927599132
0.9968164387526228
0.9972760775516744
0.9801456459608274
0.9956763423978726
0.9940334128878282
0.9828023444845184
0.9983038399664266
0.9974579270843389
0.995342364601971
0.9899607322038518
0.9958881066600211
0.9950309904658227
0.992008567550755
0.9939156957783944
0.9809891207468345
0.9976196919068301
0.9960884106696256
0.9983236077849361
0.997167241130214
0.994110529386657
0.9955883107334006
0.9968348531773342
0.9990380512490362
0.916739584784729
0.9977343744816926
0.997317501931277
0.9945755491018076
0.9935054349598003
0.9979258710955873
0.9956732881441034
0.9975593914716095
0.9907915686579087
0.9972043388660798
0.9939876413206943
0.9981499117890431
0.9979946847064508
0.9944569882801533
0.996278213114679
0.9845125409745498
0.9982132397874496
0.9974466664963154
0.9977448639374913
0.9927546223754309
0.9913610983105217
0.992930475345077
0.9954587131496669
0.9971882003655339
0.9973987206823027
0.9980300859598854
0.9898595943837754
0.9968743533073414
0.9955022069655691
0.9978584797005471
0.99844446103686
0.9951576563292558
0.9969380099409172
0.9979432634905178
0.9989230317355973
0.9977535281128996
0.9975433697597006
0.9853149955634428
0.9970117470763757
0.9957353149209889
0.9081172804134612
0.9960997772659154
0.9968597858666549
0.9937360331234757
0.9981628136786872
0.9942407819220475
0.9982965170390989
0.9972183915619838
0.9975659397090414
0.982667540368249
0.995245939604207
0.9937333738015747
0.998712373363135
0.9981799153660645
0.9961245789845732
0.995896192815148
0.9986579505606303
0.9986389002313869
0.9973592706080144
0.998195865135926
0.9989485214713466
0.9955046007601596
0.9961554129748447
0.9950241931461067
0.9982071159055728
0.9980074972936944
0.9967243799719232
0.9970620459963
0.9812532266391327
0.9950750491212197
0.9969445179880921
0.9983329125052857
0.9919029455101283
0.997488138431482
0.9961204036889117
0.9943959752913456
0.9981286396649872
0.9983199119402121
0.9975907871701386
0.9979396327432963
0.9978425827763872
0.9827206350940442
0.9982892405449991
0.9970536284715698
0.9970937614627127
0.9973026052337783
0.9979934184123926
0.9952670826358241
0.9971395455173807
0.9979212607272778
0.9986067237119822
0.9979595332246077
0.9986324736763263
0.9987335991676592
0.9964410014962855
0.9964993928996793
0.9977652784879647
0.9937951278613458
0.9975935332261998
0.9972251016365316
0.9952615500652479
0.9953480092565122
0.9992474938858878
0.9971708635213682
0.998898191702536
0.9983271280189747
0.9922393910297655
0.9987992408103188
0.9981969305091891
0.9887264296022902
0.9991397591325571
0.9961490362068758
0.9984120657289068
0.9974393391377983
0.992233470538065
0.9979658815872279
0.9942482669570117
0.9982341678671067
0.9406042392797177
