0.9828099969288744
0.9793041003751132
0.9932291110538845
0.9689702144090612
0.971672523610806
0.9863272393613333
0.9962977535280371
0.9933078025629434
0.9855949659166604
0.9622540972366426
0.9893832752355366
0.9848630899606178
0.996543582606063
0.993506297987655
0.9870576402675945
0.9946531272465852
0.9863874756513459
0.9943830921553694
0.9843483593989574
0.9824120332602205
0.9705975637981433
0.9991274562107667
0.9787099058691611
0.983506019374755
0.9960796770769577
0.983223236876193
0.9675929101421441
0.9631856887671043
0.9712602754202637
0.9950268341483499
0.9939135334772632
0.9779526676231074
0.9717727383262832
0.989534540556493
0.9964732204932435
0.9762282932365318
0.9830239837010547
0.9745490771812081
0.9890236472521897
0.9842491202685902
0.9808699578240418
0.9891437559709342
0.9948147501756739
0.9965075613458619
0.9826341849396363
0.9837106759178826
0.9892733506317603
0.9894958422494372
0.9962570158041184
0.99665328729034
0.9793506743153145
0.9886640980940801
0.9835292436314267
0.985697637678959
0.992383401570673
0.9865267303905086
0.9952981315137138
0.9634995292970181
0.9931506034841548
0.9777168941114013
0.9903742443295118
0.9900979182888762
0.9882843463187877
0.9880949895979015
0.9083333333333333
0.9897613196944587
0.9928276505061268
0.9913196796917727
0.970663004060192
0.9891266807198066
0.9892906917039537
0.9902823651034229
0.995889294688315
0.9921432024965936
0.9733194086751972
0.965056985185219
0.9246696035242291
0.9898489456803821
0.9903196081284252
0.9774949141226783
0.9929380576590288
0.9912624312845052
0.9915798643662975
0.9827299442630151
0.9935982247965913
0.9928576783189307
0.9845712063653496
0.9919695126150738
0.9875838141275534
0.9942998409624136
0.9908687273696604
0.9889412220143236
0.99669976486224
0.995188913479768
0.9904856580394429
0.9910326242761309
0.9927425204439543
0.9928910929429327
0.9913192976972136
0.9892436720052544
0.978720113492728
0.5124401686699281
0.9859528651419339
0.9742683782364884
0.9896365068727543
0.9919686985172982
0.9909627931199724
0.9967822667143368
0.9570973277764158
0.9938163457968247
0.9967943598563219
0.9895166372573734
0.9958034737176545
0.9841670613083194
0.9912812422153948
0.969843295861719
0.9878927909577956
0.991640083599164
0.9898768503923331
0.9968086475357096
0.9562454616303286
0.9940349745846294
0.9913445658591684
0.9819588323182673
0.9883543012580754
0.9732185324512475
0.9887939528047421
0.9943802370787826
0.9956096322706451
0.9723711978934733
0.9893160005702243
0.9812365921703311
0.9929518540016131
0.9281412044599701
0.7366168635712081
0.994884445220631
0.9676185534736476
0.9897026236526775
0.9889750934306041
0.9934669516473768
0.976086130462318
0.9900416997270118
0.9857373309937233
0.9865626029035407
0.9797286676007244
0.9706793920858673
0.9841869767749668
0.995205691688718
0.995514370808281
0.9945081197758279
0.994323924754973
0.9955911559412264
0.9165962808839081
0.984527638492119
0.9946735214998037
0.983818175960826
0.9847887495295196
0.9573299342953825
0.9903521466473709
0.9826734513214535
0.9472642283460418
0.9963257807715861
0.9897855053782342
0.9824210658390328
0.983710377093111
0.9946355843046571
0.9922756936228676
0.9944146452691698
0.9887223144980379
0.9888221801917075
0.9354964056732077
0.9906282047376811
0.969058874086807
0.9846110648611104
0.9955985612006849
0.9872521066970792
0.9838995064308848
0.9566443553273131
0.9977792242600605
0.9918656371475552
0.9785028991263452
0.9846299653865173
0.9803252857568948
0.9840213922445827
0.9818913480885312
0.9939416739162806
0.9964889710809145
0.9943922065325379
0.992289346203679
0.989377511414409
0.9916615277368153
0.9852933206548783
0.9888589930511891
0.9890424055229218
0.9935968764770757
0.9907190831391518
0.9977043074762646
0.9904690968185181
0.9960418102121297
0.9924785858697197
0.9826319693950282
0.9943258680294604
0.9881756279490295
0.9875496414889716
0.9890968160333238
0.9579623610110679
0.9849837627489468
0.9855337649745082
0.9935165420836343
0.9584120486182801
0.9783702393613843
0.9887972289321362
0.9706372646877661
0.9621693678523819
0.9886043700907505
0.9933848563100248
0.9849415214886709
0.9868520247994329
0.9910534509600415
0.9962159696774295
0.9956603409672199
0.9902003484320557
0.9937760811069916
0.9940867033018647
0.982780825668536
0.985870530060493
0.9714624832284033
0.9899960898836854
0.9434388565916072
0.9746391309753919
0.9966453877620348
0.9770044214288924
0.9906720367645161
0.9966324181299612
0.9788152006945836
0.823309690342495
0.9930377177843397
0.9484020541456848
0.990450455742552
0.9902643365495649
0.980793792089171
0.9881191432396251
0.9950292808060658
0.9342305037957211
0.962287037368255
0.9965928474687946
0.9763621890074377
0.9927368775063476
0.992918446410775
0.9958301000722282
0.9845677969782222
0.9843063533507398
0.9953084010063659
0.9748205380346984
0.9831619159565089
0.9795590963414852
0.945831307448311
0.9919583709654868
0.9881447483139086
0.9795915817728821
0.9949477072188123
0.9898979510613104
0.9754243393095633
0.980090951260727
0.9876499930852826
0.9942219675262656
0.9890321452719426
0.9931003185114841
0.9159198758488298
0.988218811313978
0.9809323868063371
0.9832870125534939
0.9884739902028916
0.9842195328487756
0.9162613707014009
0.9801223714095888
0.9855236476699948
0.9924428249208006
0.9741800931933157
0.9909091661083125
0.9965147012865944
0.9789452998249631
0.9912705210262728
0.9934121600545659
0.9747421848757277
0.9924925255012311
0.9880463388838331
0.990936858127702
0.982367700868341
0.9928760975262249
0.9934286364865442
0.9792121412980126
0.9886548504603487
0.9939939575573
0.9866205676610115
0.9957889286792941
0.9889017661434583
0.9777812239711654
0.9989123001867907
0.9618715574827141
0.976469807731272
0.9963139624288084
0.9766651202404116
0.9848185295914103
0.994878587196468
0.9882119184181052
0.9915547024952015
0.989670259130376
0.9820738854220165
0.9907705957011596
0.9706735114808884
0.9900950512739619
0.9863676318009911
0.9779941040923777
0.9935285625308271
0.988499172133482
0.9935871228492331
0.8944006896281493
0.9950195243996539
0.99209886547812
0.9860112047213788
0.9895431683271299
0.9905990465977316
0.9867323995119652
0.9870887954172585
0.986152529393216
0.9782477940658932
0.9936727812014504
0.9841333885414861
0.9765023248427313
0.994402656167362
0.9904836994389233
0.9586199944557848
0.893147762785945
0.9785539835542003
0.9908437583178068
0.974366914843508
0.985870330930842
0.9907944349529101
0.9942078789227687
0.9867302586348247
0.977122454377149
0.9917014993383984
0.9901204439896087
0.9883564636164224
0.9893605437944283
0.9811551886571995
0.987383555169312
0.9585510165243178
0.9955554006239868
0.9925482799717668
0.9844922021073008
0.9835795970230532
0.9826215708850019
0.9880614876127249
0.9911807151638249
0.9839541715943084
0.9899392449412626
0.9823586165949235
0.9910176839347534
0.9887627236022004
0.9871716094326061
0.9960876852845987
0.9859515456311264
0.9889056801831558
0.9600273864844786
0.9856049004594181
0.9891237549379008
0.986020999275887
0.9927444098456759
0.9771488408409285
0.9936873300786389
0.9898980335513873
0.9916006550235448
0.9931704508172025
0.9883714045245577
0.9937839995636154
0.9842355418515455
0.993069507537384
0.9874413962846609
0.9916070185903171
0.9853892949247891
0.990210508424315
0.9879205659728619
0.9885840911503485
0.9950245453082247
0.9881605067314512
0.975899963274667
0.9950901046724938
0.9839669563084862
0.9932811825118779
0.9556556104394388
0.9934115911602721
0.9941996126028281
0.9909110109315485
0.979545692581617
0.9945285652459279
0.9932409762644153
0.9994960740653932
0.9852846726359137
0.9943803596407647
0.9882833581532691
0.978301146051475
0.9713720046423776
0.9894372175818157
0.9916297876653059
0.9895758774097875
0.9734424166142228
0.9939947612874505
0.9700221193344966
0.991158697327331
0.9841623519522209
0.9885239713099283
0.997386133437888
0.9947599085365854
0.9897340775340202
0.9918501971134516
0.990277134731133
0.9889599000982314
0.9868823458863036
0.9901475541000688
0.9856529465941963
0.9937253738376888
0.9889413453904048
0.9856991647594615
0.9903830671398668
0.9921461983084927
0.9930120461199221
0.9856857824836281
0.9852506311854091
0.9872120221441537
0.9926432121966646
0.9941162024081716
0.993461921579281
0.9881646584249891
0.9259759173089902
0.985436518767281
0.9792340105549365
0.9882467840500042
0.9937322474648527
0.9898509022892351
0.9833486524149792
0.996075212514034
0.9822931467919991
0.9852240415179294
0.9873125631564887
0.9859500282621894
0.9934727147953544
0.9930472781532832
0.9893616887943039
0.9956401006929125
0.9918925968546222
0.9703772772916368
0.9789694412193742
0.9962990390335185
0.991813602818724
0.9919706220169648
0.9959091821710614
0.9880255707882252
0.9906074124076906
0.9842642683620942
0.9941464046362547
0.9931627582714666
0.9856451094689493
0.9952739994138612
0.9953525948678569
0.9853659265755172
0.9911760828004483
0.9933232760718284
0.9252195316657796
0.9874528182341296
0.9863097314265783
0.9817450905509437
0.9919670593071713
0.9926284936002103
0.9886169884273555
0.9828935794928269
0.9926690215426763
0.9851243043408
0.9928184456733617
0.9892567844597365
0.9607322183077985
0.9931694595002173
0.9618567770711158
0.9952454801452884
0.9887927262118928
0.988951818449811
0.9914471674616415
0.9950099444132796
0.9858611825192802
0.9939828886782757
0.9762510737123405
0.9961996204188183
0.9964096114718967
0.9698757789676661
0.9934161716165801
0.9958848591915204
0.9939429464634623
0.9892926157062756
0.9901609907297416
0.991550020646196
0.9908590524867309
0.9845585108123139
0.9913886340521195
0.9825805689424092
0.9912016505798373
0.9922508970069054
0.9926798954675841
0.989296869048526
0.9893473714062888
0.9972471827355086
0.9887584879272951
0.9876511156186613
0.9963704391395422
0.9914388491074462
0.9896783768965568
0.9849427760568344
0.9938552959468382
0.992879682247834
0.974995729415784
0.9566392177045805
0.9952406304091346
0.986396244371756
0.995346526320362
0.984356973548969
0.9932288719790308
0.9740222324766041
0.9710504464815266
0.9776846950517837
0.982920046349942
0.9917619519222112
0.9608124583282865
0.9961923965388982
0.9900025946124814
0.9818098595507874
0.9898469834447629
0.988773991212857
0.9950624198564417
0.9903974854495962
0.9801574213009633
0.9940043217579206
0.9795841906823507
0.9910961135536938
0.9932592732065524
0.9805352537234715
0.9875858538458256
0.9895375439508912
0.9919668873690161
0.99047790869511
0.9937447887191886
0.9844629630377675
0.9797328644648089
0.99067038294989
0.9976606524324045
0.9704681607298606
0.9594587628865979
0.989154129440325
0.9863162432738827
0.9893169934310994
0.9872256268355204
0.9918020787586005
0.996467406694229
0.9773434429656034
0.9926204796688215
0.9847975958988864
0.9913070892853192
0.988998006350144
0.9851548719737939
0.992999584212883
0.9905049091876917
0.9145402627070246
0.962604775054373
0.9895072408048187
0.9782351196098699
0.9598049974265098
0.9965722631508354
0.9901146307232944
0.9969604863221885
0.9893995474071802
0.9950566984275674
0.9890409392391553
0.9916542695626301
0.9587230388247369
0.9763861314540411
0.9948074426655128
0.9945841303140618
0.9916618639498782
0.9813580341803996
0.9932014325133565
0.9908959013420384
0.9918451989992841
0.9479228938493295
0.9841096563839709
0.9936348199959497
0.9817226567739361
0.9934003265343666
0.982040288221569
0.9816875289754289
0.9921333645767081
0.9763833095762602
0.9782071488334987
0.9953937832179095
0.995383798357776
0.97048716393774
0.9731659519975164
0.9894082294486924
0.9901795086941482
0.9819830613619602
0.9914230210026024
0.989700269734854
0.9891510733793614
0.9850032400407319
0.9752535276007527
0.9918520784848728
0.9922344749990927
0.9837620850416752
0.9902645528614902
0.9918658865770339
0.9940883508118395
0.9922379998825916
0.944731977818854
0.8713062098501071
0.996130287800123
0.9906448158793271
0.9897346777941681
0.9477830661322645
0.9963164088680609
0.9926309306309616
0.984646295882874
0.911437181510127
0.992828511505743
0.9954704418319902
0.990080890447101
0.990477539179841
0.983304460615763
0.984385440359604
0.9775956210842646
0.9942540493967328
0.9668940701571732
0.9883965638443207
0.9829681127570103
0.9905525343415867
0.9959918080748976
0.9949946894099839
0.9790349652380844
0.9942117339199029
0.9863449465260324
0.9649025069637883
0.9917830241708825
0.9784865794570256
0.9814931761925164
0.986221193902074
0.9917188171535792
0.9913631472544672
0.9938611470969262
0.9912599131496371
0.9829871549603717
0.9926403945263906
0.9659550975340448
0.9835944709606359
0.9865287936773931
0.9827702843105113
0.9975813361032975
0.9787174149770729
0.990645037318716
0.9926719010230788
0.9902270705278842
0.9914366540422485
0.9897802100017796
0.9908939795044579
0.9882252167967159
0.9738461129729504
0.9839038593946274
0.992488207439992
0.9900938374620979
0.9706472631087312
0.9772819210045145
0.9945824629743669
0.9896424947619487
0.9896151215086577
0.991205523803231
0.9928064889613978
0.9922744915385809
0.9920442034855944
0.9944986790280476
0.9555095630931493
0.9808501483843209
0.9847748882625901
0.997263020485877
0.9933784252206451
0.9976553543259574
0.9936729781334702
0.9244006706714487
0.9595827900912647
0.9914725778375163
0.9793802477994122
0.985531347238612
0.9959859566417106
0.9798525214577735
0.9972158532590895
0.9890695776946234
0.9852075576006895
0.9868350315684191
0.9943136588740896
0.9844716544052134
0.9917716697876663
0.9844056462617868
0.9973585582712013
0.9994025503631374
0.9652024994214302
0.9905674219716184
0.9872817818639523
0.9916303046942262
0.9948917736471107
0.9832702766611492
0.9896227031365193
0.9953350863900403
0.9871110690387584
0.9873929983425057
0.99170571578921
0.9793611486512878
0.9943790308265783
0.9776669316904818
0.9862471416511626
0.9946041437010656
0.8981894110027357
0.9850929913397378
0.9816705138703116
0.9909649424660294
0.9899216693775845
0.9796972896390084
0.9952359815240465
0.9855624423758271
0.9953259276463852
0.989093730389135
0.9780805437757527
0.9812750268416042
0.9077305094989095
0.9194819862214358
0.9938835828247722
0.9766456112714591
0.9911842435966763
0.9152882272978102
0.9518144405638089
0.9913365922655313
0.9922915495082777
0.9956305011112088
0.9739338846035382
0.9839441413833891
0.9863096901993671
0.9812836960623174
0.9750832848179054
0.9713443358436148
0.9934558992860981
0.9961183541244291
0.9874470047119418
0.9917578337706054
0.9904910765627777
0.9839741272875
0.9823873766088455
0.9936025443260138
0.9804599268266286
0.9900819418319291
0.9906382220084704
0.9943043335241386
0.9765741225772656
0.9839902977921122
0.9643755238893545
0.944505270316219
0.9786347639004613
0.9925937774934016
0.9914357516037299
0.9754692000564451
0.9953291996410215
0.9925463044770365
0.9915784731931211
0.9862319892725673
0.9877148832372713
0.9895913760483771
0.9917643134678746
0.9732454318473158
0.9808366802757217
0.9804384232524757
0.9830292374900181
0.9849717422334661
0.9526429083951208
0.9795096251266464
0.872289972899729
0.9621127079180664
0.9829107414152661
0.9935828105847574
0.9978187997699637
0.8211567732115678
0.9492860066145321
0.9613207776508262
0.9948978055545332
0.9877047115142353
0.9717329893582716
0.9960201449453384
0.9237539658172143
0.9751087526609694
0.9923058046441243
0.9917622563916872
0.9926090505123787
0.9766117336002977
0.9900138738806301
0.9741678376251895
0.9768531902106521
0.9939356414357704
0.988115222159781
0.9896942310588944
0.9925249350256573
0.9711195048175009
0.9935252682447375
0.997934576309032
0.9892694550505972
0.9886630309039828
0.9920343746798531
0.9740091138767818
0.9916418291008061
0.9113648722131593
0.9885160328113348
0.9956055295603751
0.9895448815212387
0.9948651059484229
0.9878991812421261
0.9946365307092888
0.9901921901554037
0.9783377220125633
0.9659594311028211
0.9722571576533254
0.9932383280987146
0.9903963615177883
0.9682867034158953
0.9906666312122743
0.9858517704900884
0.9785754167352821
0.9842139554599618
0.9920960450285919
0.9942689382700626
0.9831752923587359
0.9714943600804453
0.9940994854202402
0.9651481456914338
0.9870704793642237
0.9724537621733883
0.9465447285373865
0.9851114922813036
0.9855799075996438
0.9895094240280711
0.994190781054741
0.9814008119728966
0.9895379624549769
0.9957368662687742
0.9918028752930709
0.9698445605729166
0.9782839507920554
0.9572485962225625
0.991653760110136
0.9678625551821836
0.9789834255075912
0.9935024466808235
0.9937840223628072
0.9921963092324193
0.9923879471777037
0.9891582092999754
0.9852447750601147
0.991404073346148
0.9932565395545141
0.9819306107546586
0.9730905337658508
0.9958818350777658
0.9800699729928799
0.9843262236443006
0.9816294221518602
0.9250465549348231
0.9784449442537042
0.9937866675965235
0.9643614579006057
0.9893945729950748
0.9918114519762958
0.9867320663990323
0.9863258421627785
0.9841958254133983
0.9849954565267178
0.9908824799654494
0.9865337862303223
0.990061985668255
0.9879761632890482
0.9855240398745369
0.9951697348420875
0.9910093255706116
0.9952810064111434
0.9942124248496994
0.9965496177056972
0.9879028817437847
0.990503167801467
0.97614818573966
0.9896266270838091
0.9939646048524309
0.992107450133905
0.9796102490075785
0.9778101313150769
0.9849885234080058
0.9913274225588273
0.9907111692844677
0.9924257526291242
0.987743374088984
0.9925104790575643
0.9860690820080448
0.98823462265997
0.9729762201828079
0.9809976751345556
0.9929225984340522
0.991840296871286
0.9791540214330491
0.9926573457338694
0.9748710317460317
0.9808210236717614
0.995267882229419
0.9958933362536275
0.9724461571195536
0.9827620759308447
0.9968227070535903
0.9896127138073796
0.9915216329819745
0.9884045326267261
0.9847631298793471
0.9779620853080568
0.9957934843054018
0.9957955253556574
0.9945026505077909
0.9968659700762823
0.7952759659063408
0.9938818947168868
0.9921721035405832
0.9578084293922415
0.9847280571146476
0.9671050135825418
0.9909158399925175
0.9837958877133236
0.9842224170644696
0.991414324265943
0.9911561082535756
0.9671022439513143
0.981479553593737
0.9806942607236302
0.9962129339346533
0.9915813956761625
0.9939448729376047
0.9893477548344805
0.9972917856268864
0.9919304394867489
0.9676863373640789
0.9837169808890712
0.9945712798393693
0.9940595315681107
0.9954790251370303
0.9950974803329153
0.9961069253100197
0.9891014796485204
0.9910012292135353
0.7681592748155004
0.9940113650634184
0.9989570188302009
0.9893570954300946
0.9820345457880323
0.9907064313898292
0.9916152849232219
0.9768931293524155
0.9943707932215837
0.9956400261968141
0.9443466714440779
0.987649057023766
0.9837870969017538
0.9842813341675208
0.9944699064429378
0.9949118543498809
0.9918726446725917
0.9950395756495793
0.9961773036862986
0.9919323305270717
0.992738919941985
0.9797435015088146
0.996000823723229
0.993365870839518
0.9551973905118243
0.9823417816156406
0.9848329992007023
0.9953563965637334
0.9406274056966898
0.9853075270181336
0.994853140686474
0.9930010303761272
0.9882614917029018
0.9886495509101025
0.9859735650165887
0.9929089619811269
0.9920165511500968
0.9947476300281834
0.9702494542348686
0.992224576642208
0.9828107303931752
0.9377974952631822
0.9874172956126582
0.9865960268485439
0.995381862264042
0.9911995086532556
0.9814075096230663
0.9886207209905795
0.9832785025524674
0.9859246823889919
0.9919367853302768
0.9913820583994586
0.990295022853883
0.9913121791600372
0.9884597175096662
0.9884120902072622
0.985802109622727
0.9871064394125448
0.9912592835897155
0.9879572395178021
0.9904324904813043
0.9756384105531427
0.9963415977202957
0.9914945491692072
0.9887000608821616
0.9782210595160236
0.9713314520266804
0.9883309520863099
0.9869121359602322
0.9893735336856547
0.9929606476920597
0.9882162701484578
0.9903302253974294
0.9886143449645299
0.9800299213774171
0.9890116417201236
0.9648472479643474
0.9907567723061391
0.9819752807798506
0.9933229419654185
0.9962314375140163
0.9854307808116061
0.9925264870092759
0.9912567251927924
0.9815763419568679
0.9928110462464654
0.9878081598745715
0.9896642789534571
0.9743039178802032
0.9461356424460818
0.9933398740805837
0.9145940682435997
0.9910334065120215
0.9970276008492569
0.9895538568450313
0.9885897509226116
0.9869790666410602
0.9824405507580439
0.9931389565156615
0.995825385687319
0.9706044217988629
0.970124285489538
0.991909771174493
0.9923208341924652
0.982186443860308
0.9715614291079875
0.990591010944229
0.981420010651114
0.9916097981466848
0.9853746295712844
0.946137060611793
0.9895746144347668
0.9897789562121379
0.9920354536628143
0.990504963314631
0.9682107175295186
0.997034968754155
0.9815515299931126
0.9771135685802885
0.9947531883962202
0.986879448300252
0.9820941304278366
0.9884355014169802
0.9890456991184108
0.994584327831378
0.9949861693310459
0.9966463395682201
0.9922592031734269
0.9637339016369348
0.9952777059329033
0.9416972936852657
0.9929711456218034
0.9904428315218046
0.992810575878305
0.9934068853255863
0.9945046055611881
0.9754532424149739
0.9844935177402512
0.9907293727841274
0.9947193846098329
0.9654564302701384
0.9955384934633742
0.9889203216342307
0.9919442435332875
0.9749310450505669
0.9953180590526352
0.9935678455353378
0.9892106523564038
0.9894166401020082
0.9916204487516298
0.9942894783511945
0.9649352165285398
0.9816497915425849
0.9698015996115614
0.9910367663850194
0.9794076284557865
0.9889035233138557
0.9622555707139608
0.9921224093161073
0.9853054883565503
0.9878967750477178
0.9927333887474674
0.9797163772298826
0.9928605805019752
0.9954447473437495
0.9966541066979636
0.9858485351022664
0.9955517451733632
0.9952700458380389
0.9890292260518887
0.9942527251123624
0.9931364440077268
0.9914940961131249
0.9788627186504921
0.9918103262258783
0.9845728751617897
0.981978577719692
0.9745041593721997
0.9600152272936111
0.9945692845121082
0.9684956336966828
0.9827529481029974
0.9918066509249309
0.9927455534697254
0.9924052156802511
0.9947557763080762
0.9827861297750947
0.9932724543632425
0.9945887278083573
0.9835471633775201
0.9865121223063661
0.9961225712045344
0.9946011648213107
0.9886706974137728
0.9880488579226769
0.9962583032035651
0.991206534839084
0.9910524593673995
0.9941287106987242
0.9907860319909355
0.9472136500385143
0.9870836960500534
0.9905325340776547
0.9928873139981256
0.9817170446365459
0.8585850016966406
0.9805889169827223
0.9852359179282256
0.9930795847750865
0.9888802495206623
0.9915681570518796
0.9884689240831226
0.9741875614010985
0.9899986580120214
0.9770124778708997
0.9891031333732263
0.9643916913946587
0.9924524261045883
0.9840719055724948
0.9527753005455969
0.9940963993154553
0.9888882149981131
0.9967995308474069
0.9806041506740468
0.9907387599386743
0.9763204770755886
0.9667830267306043
0.9855758700376293
0.9651110227061208
0.9862166962699822
0.9761726546906188
0.9001712857894187
0.9913925200052969
0.9746349249473613
0.9864060597862844
0.990022004159533
0.9830742311057271
0.987504167882299
0.9948301746682594
0.9749736218365318
0.9953214832216642
0.9521881248878072
0.9889836079479186
0.987881204789915
0.9591575655634788
0.7901420197582493
0.9835741085408727
0.9884912823186426
0.9953191241265003
0.9684143672557959
0.8759014311380955
0.9886636915088357
0.9571628094448038
0.9888270502609273
0.9914764858192329
0.9929785094670825
0.9906209547088194
0.9922344046661992
0.9893392162633503
0.9828849738660038
0.9927601809954751
0.9932055985867645
0.9957725262799851
0.994998519811159
0.9928186024022242
0.9639470257566615
0.9959886677698552
0.9846368905867943
0.9929056363358839
0.973207297949161
0.9866613936473688
0.9911142799848488
0.9872306208814268
0.9798043169050846
0.990827227552442
0.9869391811256971
0.9752895294364647
0.9709654748308881
0.9660546266243277
0.9867970213349171
0.9889404072356796
0.995662969616067
0.9787111632899262
0.9886994758422861
0.9899769089201332
0.990022100530195
0.9878816590002203
0.9854601935971075
0.9924325623745552
0.992530526569861
0.9933097937186397
0.9706872974725552
0.9932687523778864
0.9858708103664371
0.9921925424090947
0.9871610981273258
0.9956137207007019
0.9692132269099202
0.9811441183029707
0.9955004172256569
0.9922920865421833
0.9850299304057233
0.9837624236618369
0.9957285406087706
0.996815707681517
0.9949927751230797
0.9806765743756786
0.9818327421789663
0.9918085301116603
0.9949502986626959
0.992732783479582
0.9957036024418084
0.993381107983651
0.9849897183300655
0.9875151540588664
0.9932793607851473
0.9806423229212494
0.9877528611850163
0.9906828975201034
0.9892832289491997
0.9935437229710768
0.996922935821888
0.9605019882254591
0.9888496677740863
0.989566498987094
0.9930985370455602
0.9914606687745521
0.9923029653507603
0.9823283506460603
0.9788834581619138
0.9829512954366191
0.9893704596268966
0.9894737786175104
0.9649597036592081
0.9887792404136326
0.9983759391518535
0.9902185317944321
0.9903091232829163
0.9956974265192051
0.9572726196315905
0.9653149621622824
0.9800914008580489
0.9770269304062099
0.992662829960288
0.9949923561205205
0.9918278988920209
0.9955751741743338
0.9781612749093567
0.9821078461096895
0.9910305513077718
0.9708204116154496
0.9746507461658159
0.9965637778657169
0.99227249535033
0.9968469125170792
0.9807785756708601
0.9958731448553546
0.9830619670407647
0.9890720438250677
0.9934822452439993
0.9894637331027851
0.9909169730468782
0.9958969581336583
0.9720880131244479
0.9610155444673135
0.9810405844896469
0.9806941516358242
0.9885910345341985
0.9826785298229264
0.9921909816980046
0.9809229367352252
0.9895637296834902
0.9873392897765157
0.9837639556262157
0.9625100502982368
0.9911226056506112
0.9927836139380012
0.9673940801884849
0.9747230818173931
0.9975043410661223
0.9912721033938573
0.9754581398931335
0.9919955042461482
0.9901991779955738
0.9841225181748168
0.9829625694250562
0.9898788673292986
0.9813054802212637
0.9945028314353533
0.9947603034331743
0.9656419420237444
0.9923715943572622
0.9871149501541993
0.934912879679774
0.9776280420920673
0.9499850459303567
0.9919370784542039
0.9731591288271633
0.9855132212229871
0.994969689484464
0.9856813938765883
0.9868410185293671
0.9923819662460418
0.9702636047545888
0.9929951834453232
0.9901572329826487
0.9952468767765283
0.9949196379087383
0.9873839826599233
0.9839030949249586
0.9940250855188142
0.9872794688068878
0.9879671816151031
0.9963730501859469
0.9967141439339073
0.9853593573483506
0.9910232320604361
0.9826025392401309
0.9959606165993045
0.9862072728595507
0.9824330756851101
0.9108779507327639
0.9898846710746144
0.9944200355088649
0.9774002195161692
0.9923754603650936
0.9861320057988457
0.9665130547956121
0.9916247655193177
0.990392813874852
0.9802726855285931
0.9902902360277247
0.9833951679567965
0.9897643097643097
0.9937809899991596
0.9887793058236779
0.9885057326888873
0.9842140870480343
0.9911138154742483
0.9942244100001078
0.9928854946490479
0.9875800694342575
0.9889707150070195
0.9822284992575652
0.9938849069678447
0.9878636613523915
0.9926900584795322
0.9954354053034201
0.9635437298249458
0.9821364604102599
0.9214812612111387
0.9905159547681179
0.9207801737693394
0.9800735882555992
0.9620964034042393
0.9530447043108833
0.9752308095187684
0.9675628476564184
0.9959264985727878
0.9815623717933248
0.9857872471175428
0.9945455118706057
0.9781301466927114
0.9885807704599651
0.9889802974753346
0.981262469468
0.987733057450288
0.9910164222090828
0.9704874957392522
0.9932635154259836
0.9885474601885454
0.978783491942948
0.9775664607889406
0.9927798200540244
0.9965500468400951
0.9874205939757089
0.9931722553868245
0.9885565026334653
0.9921010155837107
0.9905622950598459
0.9938570087598674
0.9912092654796146
0.9730320840158011
0.979632703607093
0.9749084181766947
0.9880137507225214
0.9306707775926101
0.970156606758818
0.9897472669389716
0.9452210395177986
0.9653661231559457
0.9954259949438349
0.9966069692664323
0.9866929712583652
0.9935078298939176
0.9940824211710826
0.9896421651905998
0.9853735225045126
0.9776161583825611
0.9676614092817429
0.9823625877540492
0.9918954800071589
0.9769127595356036
0.9778944981862152
0.981995939822483
0.9619258300061149
0.9884277420367173
0.9905149749987113
0.9815931897620926
0.9889968168735015
0.9859977529550498
0.9856773351241059
0.9802768717032562
0.9958227485119978
0.9794677357532813
0.9915525580761633
0.9787332956659928
0.9944496599729811
0.9990684809109877
0.9614377406931964
0.9668271182508844
0.9854934153881807
0.9883746524208873
0.9937447621022437
0.9928730763345869
0.9914104893083505
0.9902771145429752
0.988406715115838
0.982507169448415
0.964032608541279
0.9811785715678285
0.9848532791526496
0.9730251112515834
0.9783194908855571
0.9952338013654515
0.9973430679750382
0.9773389126070853
0.9958574330106297
0.9926972635844616
0.9944892257998806
0.9800460781157885
0.9961766388122186
0.9308777138615698
0.9915267489166589
0.9908629061450701
0.9919937632818225
0.9815086945873133
0.9949804277997542
0.9657294696398434
0.9760622654483095
0.9898751719359209
0.957222717647937
0.8674880116018963
0.9839361935656967
0.9663934941478964
0.9890057676204097
0.9807126106674656
0.9951709736361264
0.9871914679492625
0.9937697570692418
0.994274050314132
0.9875909083941214
0.9951275586848327
0.9935331793941393
0.9758140368164107
0.9707004417390569
0.9949377797183714
0.9691951236203307
0.9613589417190072
0.991862320277172
0.9959878877136904
0.9902516749980717
0.9936780216188089
0.9780138352545179
0.8643325461438071
0.9922877157960889
0.9857642458082585
0.9913824900244778
0.9931402741246911
0.9938136433138524
0.9866237993172978
0.9437220327584844
0.9711483993447342
0.9867260947208406
0.9754069907164282
0.9865402331187494
0.9845631235824781
0.9817914187636593
0.9953526199604973
0.957642220699109
0.9933343273371514
0.9739161483096236
0.9920850109719674
0.9948803340564177
0.9653171081099042
0.9694822148106786
0.9830298757989022
0.9899993154611653
0.9747525070712265
0.9935507319535588
0.9885956283928108
0.994462318725731
0.977485583034963
0.993916330581438
0.9846907855684393
0.9925706125592348
0.9838942828920423
0.9922772662223625
0.9886507407245826
0.9908147247094399
0.993557170630465
0.9950829572635753
0.9855963002340652
0.9898121078869587
0.9947001974436247
0.9912284492562434
0.9905342374475757
0.9937578349046073
0.9862733944111339
0.9796805517062294
0.9923018649667273
0.9867265834710373
0.9935813238829273
0.9953757646373435
0.9957109558711122
0.9951970176220589
0.9900596363324387
0.995305378849943
0.9970041059040068
0.9836169877821603
0.9930265159661322
0.8272413448624168
0.9894860390122051
0.9892924705462891
0.9876523883675392
0.9927108366045765
0.9883922047650966
0.9933515429126014
0.9895249069806187
0.9927751264480339
0.9907350778799985
0.9872460046925494
0.9302773965462331
0.9940815756160916
0.9782267176530866
0.9955034427511492
0.9869142268462815
0.982183331799058
0.9972988375633329
0.9908837128151444
0.9914562190228936
0.9900665653120763
0.9921107103084298
0.9870795630243581
0.6163142862068768
0.994522570700243
0.99354367024069
0.992908087808473
0.9954535530062499
0.9840703418893807
0.9922830831671573
0.9884591495862081
0.9906035269848478
0.9948555946468771
0.977065921460053
0.9829893656750684
0.9874333250909605
0.9871657104113497
0.9874581465297089
0.9937544884970655
0.9867060681548055
0.9914818827061991
0.9735277618262027
0.8200862848825752
0.9597075425872263
0.9961691665554899
0.9872318037162509
0.9390961594697339
0.9965384626667332
0.9299071411564315
0.9761072428457742
0.9684920442083281
0.9958377255394051
0.986918319699157
0.9898867887728506
0.9917536797081394
0.9912317496390542
0.93282076767913
0.9935687185517001
0.9356802457710879
0.9943549038616901
0.9935693193831796
0.9758750131558944
0.9861437936814399
0.9931842055975831
0.9747238997197788
0.9605738142323508
0.9893356557175017
0.6643073350748435
0.9793727074337187
0.9881621387955973
0.9903547145944237
0.9901335323697501
0.9840239651368863
0.9744793015708562
0.9875012006531553
0.9834406077411162
0.9968487245717078
0.9959656045703517
0.9877897145130806
0.9846885992137389
0.9947676256718305
0.988565018194159
0.9656153801475286
0.9905890720947844
0.991308177947438
0.9836541509780257
0.9965973994410013
0.9959611642852931
0.9906822197627231
0.9823719322305077
0.9872384967235915
0.9961758547523918
0.9873212030884514
0.9800488464965841
0.9828648416152211
0.9935278648252839
0.9871864331628262
0.9851652317368665
0.9985004706551958
0.994093676389384
0.9914188192844531
0.988945804759114
0.9895927378573719
0.968140246091114
0.9890234223280477
0.9880213311265864
0.9688799089621217
0.973839645996998
0.9654398071276741
0.9820626526699178
0.7730663320436404
0.9920986599754418
0.990206458443621
0.9902095898789844
0.9780034379575985
0.9949812283571887
0.9895691088463732
0.9844042742883723
0.9944150819470243
0.970809331436383
0.9903558529220202
0.9846060260431518
0.9981061704060139
0.9768743392022087
0.9910458160686092
0.9931759754803996
0.9297259781418024
0.9985703288243704
0.9918547151810929
0.9968637434911147
0.9874317547148844
0.9843359198272256
0.9881323120949415
0.9890969231729388
0.9862396497365388
0.9840383786668493
0.9928488555558983
0.9916926438924061
0.9955686801776752
0.9936937118449418
0.9954508964409955
0.9823060851397232
0.9874603399876359
0.9887592420127393
0.9991471627776117
0.9850326519378487
0.9920961686966229
0.9953001598914676
0.9764645977622668
0.9833863028787131
0.9954525674499565
0.9930016675596438
0.9838696772335216
0.9948505800329794
0.993876347537612
0.972847622844775
0.9920026814846626
0.946103205042518
0.9796125696548922
0.9950464906537991
0.9948987841373259
0.9613858466262742
0.9940562850394938
0.986230551162575
0.9952282626936239
0.9943644419828302
0.9956486305556365
0.9834708877623601
0.9447302756809547
0.9881396374017759
0.9837038962207334
0.9895651493209128
0.9958098354531079
0.9909339001285785
0.9925925925925926
0.9910107864407823
0.9803263130999744
0.9891765509450815
0.9925249299702315
0.963571966784855
0.9905068712369062
0.9960616648277553
0.9861572350691252
0.9897801446673627
0.9943956422948957
0.9900119770724612
0.981668660799268
0.9768230043785786
0.9900566743599796
0.9868468651911991
0.9946975698921391
0.990325556761005
0.9656652597313029
0.9949610780949192
0.9943658716285521
0.9906062704951112
0.9930251529224033
0.9625039709961715
0.993977434300512
0.9874206988854691
0.9834710743801653
0.9865195906882988
0.9828215899412469
0.9890923269272908
0.9916862489231882
0.9697877714766846
0.9961808758005222
0.9918304508150926
0.983579943001844
0.9856066238904341
0.9910805135199497
0.9242771913721891
0.9682836532956758
0.9712583562551924
0.9732337873793734
0.9940319113612135
0.9750972531109838
0.9963556961072209
0.9925747297359538
0.9903545463997505
0.9831851906266069
0.9936657790688291
0.9968833481745325
0.9944536614311491
0.9958429090723894
0.9938374454673864
0.9924969414672016
0.9771992354977014
0.9954536132655658
0.980492766726944
0.9897894350995805
0.9902665537266393
0.9889478892280247
0.9510013972985562
0.9948089737837968
0.9777282016773919
0.9855831823842409
0.9925377223947188
0.9970617182224969
0.996097468113459
0.9920659986409792
0.9565802745983978
0.9915941279826619
0.9892685945176273
0.9930530284076694
0.9935070750492567
0.9857953874378942
0.9845818377410329
0.9652754325671944
0.9801571667012902
0.9960216838876821
0.9949684495428724
0.9954513484747577
0.9713399880709889
0.987418563671663
0.9763848019723238
0.9915778944736184
0.9920273192318066
0.9898667517753131
0.9927885554114038
0.9875178916204381
0.9924183580426192
0.9916558217867258
0.995505418631814
0.9855896232632939
0.9895301861493723
0.9924009775308859
0.9841628850169511
0.9891575091575091
0.9930885835790941
0.9956698120623246
0.9908308540744504
0.9882711659668982
0.9914485454645765
0.9948476985044908
0.994531596962098
0.9962836972822707
0.9941187471137589
0.9385968112663724
0.9944862654735401
0.99449171449233
0.9866480604309571
0.9918115939834596
0.9837569982611143
0.9923255197725143
0.9737897721306311
0.984261276505261
0.9930243887270805
0.9769974052436364
0.9849880016522842
0.985690523220412
0.9825732132771454
0.9928916349972453
0.9959137343927356
0.9852440552501395
0.9948140726896876
0.9932671212890815
0.9945100621869062
0.9677414940229502
0.9905013400599085
0.9777026938687078
0.9923532951642567
0.9831224428285498
0.9914313247978884
0.9930927504377501
0.9894052158937139
0.9948687220830156
0.9905624736369139
0.9909626538893601
0.9666191960565591
0.9909552949018229
0.9932575227150181
0.994562336414538
0.9717306913204992
0.9928620950460103
0.9619510568663409
0.9917659783869113
0.9830484228595952
0.9918824219931108
0.9874173503460781
0.9673931534036345
0.9548395028001639
0.9892628969694456
0.9872694896608305
0.9967138980350851
0.9927747714882147
0.9832313349031716
0.8658285578100118
0.977129758527931
0.9925374150586249
0.990900312348471
0.995485226693836
0.9963303683160281
0.95676798356299
0.9956960905033092
0.9973196881091618
0.995859753601955
0.9954670826550913
0.9976643106669917
0.9959248713460986
0.9940741049646573
0.9918077083691567
0.9856790735889128
0.9950195700010822
0.9933500655953932
0.9887612178143085
0.9763441135277904
0.9578391926653914
0.9842183674412158
0.9979665115597406
0.9907766294743726
0.982879362377157
0.9913462047077493
0.9748221162633353
0.9928285649581037
0.9733603852753129
0.9872661546280048
0.9883781626136084
0.9853387874894028
0.966723632774673
0.9966205299439896
0.9943481771318552
0.9916915685987168
0.9882303901135276
0.9951749766109036
0.9928747959368764
0.9902009946976859
0.9933481623834071
0.9964170300213487
0.9567131064048252
0.9922753045872854
0.9942865704152104
0.9918407888490781
0.9945636980453492
0.986925728281903
0.978723630780893
0.9527226282003537
0.9931540046043863
0.917743830787309
0.9820007888483776
0.9823937614593728
0.9925726363419862
0.9976028773934201
0.9940247545881349
0.9799526152724621
0.9943560650368464
0.9914716584733626
0.9923511710660305
0.9544229584653291
0.9844646510570584
0.9943496309963099
0.9851163708535886
0.9723530259256732
0.9920757189003592
0.9894141521674041
0.9940478722273027
0.9590355198340679
0.982850802788252
0.9837919708650296
0.9900120591307997
0.995159547474596
0.9811665697048909
0.992233853595858
0.9883993901634848
0.9955833380369137
0.9917745734617829
0.9902687610035211
0.9846847944134872
0.98212226462755
0.9992623527542613
0.9929767607585415
0.9827823748277825
0.9949520978798811
0.9984433453011625
0.9850042209730887
0.9867407209902431
0.9423270235449024
0.984632679314381
0.9707395947484905
0.9909759045950989
0.974228025054294
0.995092225415651
0.9951288540561134
0.9956506198313538
0.9951262459516398
0.986364118783299
0.984040971419131
0.9966794532496753
0.9898850473009342
0.9496932699374541
0.9876295123077938
0.9183512391706053
0.9884550675871672
0.9961219436363232
0.9919802482531358
0.980657362230039
0.9690569860302952
0.9810567328800648
0.9918259077377166
0.9841588124116005
0.9719005508343013
0.9907776386200615
0.9837748477123243
0.9900237035382733
0.978406465140868
0.9722122873136719
0.9881978100879555
0.5630414669021785
0.9940413970437747
0.9906397233267618
0.9928328331103702
0.992828296894583
0.9363660948394456
0.9941687166380013
0.992047611718229
0.9742521639670148
0.982322671007125
0.9800110781976255
0.9717852544365448
0.976532877882152
0.9858442108892896
0.988272800645682
0.978659911863701
0.9956523610692609
0.9843075240371016
0.9909037900874635
0.9835152451785312
0.9954909205764869
0.9956692605621291
0.9761842650421225
0.9879234886344423
0.9949555373372612
0.9930380145838149
0.9899563826693807
0.9884451049600594
0.9939786584455793
0.9817611132252171
0.9880068758057585
0.9841304295395895
0.9893943821248046
0.9918422080523054
0.9893757425392341
0.9876125254381031
0.9788731809767315
0.9919060569493723
0.9635865021918646
0.9832151440524582
0.9907617128283783
0.9832662054203919
0.9758198044448874
0.9884545609699054
0.9903222847358122
0.9932902499011059
0.9862985445859088
0.9879661016949153
0.9805962629045571
0.9875693422393298
0.9866513623781308
0.990207146184998
0.9792488459924465
0.9870599251408971
0.9917114556550293
0.967315289671926
0.9626427657567636
0.9881539126675314
0.9960182630670804
0.9927759740259741
0.9921314804238848
0.9967203257809725
0.9907857554207348
0.9843865067449149
0.9853990039229316
0.9885579719111551
0.9937595114086679
0.9840417925012408
0.9936180427883884
0.9914802981895634
0.9803343806045713
0.9961075466941244
0.9924935311146978
0.9917979379862788
0.9876875914163779
0.9940508382909681
0.9846010600200544
0.9821790032836761
0.9865898593793783
0.9916722654254185
0.9796887257038264
0.975567087669177
0.9815426170468188
0.9951752493287304
0.9851096265285476
0.7429293980796156
0.9893245995808971
0.992869231981215
0.992364409463066
0.978944531362985
0.9970421761753816
0.995939534171836
0.9925425165799323
0.9961624606417779
0.9907055122402739
0.99336132436063
0.9957941230784305
0.9947060644068348
0.9952623475068104
0.9868417716705119
0.975132315716806
0.9872278972402189
0.9832006842472953
0.9902902844099061
0.9914897616405629
0.9847611040317389
0.9841538888849323
0.983676131812965
0.9946036028886597
0.9839827074741335
0.9848562697747371
0.9938394404158378
0.9919553901867688
0.9778145357699556
0.9861760818946529
0.9956904850662198
0.9713518911496692
0.9876450123682157
0.9821080930749977
0.9940670555681995
0.9601033575928077
0.9782882501571177
0.9899277308651041
0.9647417892089368
0.9935078534031414
0.927675027146341
0.9911021189574903
0.9864426414773348
0.9895053678926778
0.987409685242131
0.9757293138032674
0.9913139115976167
0.9495242500837003
0.9888106377739473
0.9900033667924647
0.9982614643600194
0.9903877191286174
0.9952341212091952
0.996517536803667
0.9788785884893798
0.7139332944008121
0.9028275587415372
0.9930771336113213
0.9807813169777388
0.9945306640852344
0.9799496246789197
0.9872486329308736
0.9841982796019334
0.9933578561218676
0.9927336783001212
0.9928362757650623
0.9526687897432726
0.9913197508661963
0.984716355131715
0.9911631772026186
0.9819865749001614
0.9887138600043337
0.9889899875390036
0.9920924322730191
0.9736023369591033
0.9922323098919494
0.9939084811882634
0.9863178929555152
0.9872635178614109
0.9829387900587743
0.9771386577947831
0.994323935404786
0.9950625309559188
0.988180764774044
0.986720888757625
0.9861650153878295
0.9963298896865698
0.996853166962909
0.9002941878031328
0.9895328362769278
0.9890197854870292
0.9931938465827564
0.9898401400568263
0.9904736184721331
0.9913334443802114
0.9805785678433165
0.9707255017373307
0.9806070462575115
0.9925513874337067
0.9924424447862595
0.9944852941176471
0.819926347473457
0.9914453437453397
0.9914069735894245
0.9926145986617431
0.996369633248531
0.9924142940962812
0.9895491209612247
0.9957046435698755
0.9826308961479608
0.9857149997857786
0.9885484957448222
0.9757079183773418
0.9924318053290128
0.9827540152899685
0.9849167299912124
0.9810790928012632
0.9931233358411898
0.9923030515980615
0.9953856792607029
0.9917620379988085
0.9926288974704625
0.9659558854461235
0.9804340916136577
0.980702137264457
0.9849560979190755
0.9922582979484386
0.9953783418929925
0.9898716921885525
0.9826556542271451
0.9720388232922598
0.8678388305195607
0.9893356946571272
0.9613848045009692
0.990144877926932
0.9675871536451753
0.9154342458115392
0.9857547498542355
0.9902403645912902
0.9907425717194355
0.9545290508841573
0.9823127249374524
0.9929011496846654
0.8974196077371217
0.9813864795471494
0.9945719336485974
0.9904168421658944
0.9968316079399753
0.9897043294614573
0.9796782951238555
0.9890606935911451
0.9949731046016475
0.9854735285424919
0.980554446848588
0.9914998209272502
0.9932775327811947
0.9886903465685919
0.9748719887721816
0.9948501674697052
0.9892397620265307
0.9957131400806661
0.996740785311198
0.9941354316138105
0.9245703090212841
0.9853856511954199
0.9937288019510394
0.9836312591212288
0.9942247004063336
0.9882982236871928
0.9800832291541794
0.9864995623907581
0.9870116784055298
0.9914436788976125
0.9963996843558888
0.9875551696693438
0.9942776456599287
0.9346965471050835
0.9803500397772474
0.9633199601359467
0.9250504593822156
0.9920198217331145
0.982704268552441
0.9708936549228072
0.9818702884555479
0.9830123083946412
0.9842819793996284
0.9914485227763894
0.9320518573984047
0.9782781067358971
0.9864485744138304
0.9918293740067284
0.9939386784497588
0.9886638994035329
0.9836357107436603
0.9786545848980502
0.9930372650615998
0.7016506432585574
0.9897505459278949
0.9967211396659754
0.9775624515026833
0.9917432794180722
0.9810577679251475
0.9836345948660014
0.9919579314226674
0.9899402962703905
0.9799261268016469
0.9902071984280397
0.9435702184081618
0.993489426397109
0.975746013590164
0.993532497541022
0.966838829220664
0.9896701302180729
0.9927156317951196
0.9865942366518885
0.9885538778955266
0.9893069110233679
0.9699179498841962
0.9726230021936697
0.9917697228144989
0.9930605300859598
0.9635202883843509
0.9747810003430435
0.9830990325132571
0.9904040445808076
0.984880156252778
0.9924438391738564
0.9962096311733359
0.9948356106423754
0.9929185862366829
0.9916637332394637
0.9822231134913239
0.9472049689440993
0.9916474571829821
0.9892037313727122
0.6670301950360509
0.9771289206511259
0.9874343758217874
0.9838649280620438
0.98884084251639
0.9765849565263967
0.9931634399922059
0.9936898550972137
0.9802755103399603
0.9915052424467008
0.9398157136847555
0.9852858312335875
0.9856002328579151
0.99572410777192
0.9942439823451791
0.9906552388024522
0.9957790380535954
0.9900172732706726
0.9961435506555963
0.98634518498451
0.9937138216036828
0.9952928897316792
0.9824983805636419
0.9827405596847408
0.9865821366737957
0.9942162103328174
0.983776155783475
0.9895269519672123
0.9346282911719154
0.9887693027608797
0.9891257213382701
0.9896713932997975
0.9952664449967601
0.9713022762637877
0.9915340961949949
0.9858172855128053
0.9793033178373559
0.993835814842709
0.9905704359857429
0.9928090034679056
0.9911621505538156
0.9934790324563703
0.9379472332987382
0.9915952889563978
0.9918452524279637
0.994241461477363
0.9891954354086345
0.980870491553797
0.9890450599421249
0.9918114527297498
0.9890420135898172
0.9822858094922641
0.9955628892770216
0.9898165933278275
0.9943269402685764
0.9859888780380373
0.9931711385655667
0.9909313349430281
0.9927608279832585
0.9900680987658799
0.9939329266872009
0.9777818361610862
0.9976081055658578
0.9835281552245891
0.9959438925313138
0.9874829335053352
0.9954794948153177
0.9737584510458015
0.9865592044347711
0.9951872904413893
0.9571178460737692
0.9968391149521866
0.9929472352934474
0.991329336570381
0.9940339959369455
0.9706559869470093
0.9801103566758402
0.9917912089772015
0.9935653981510184
0.7887664711701903
