0
0.2859205275467939
0.43979555966332123
0.4981645632920067
0.4024924719909298
0.6120822389276334
0.684220874263619
0.6947198488534282
0.6405421248382923
0.7215757602644012
0.7183155004795125
0.7386504983796387
0.7658884357236906
0.637043966323667
0.8312909457715805
0.7638853902347614
0.8134641834876027
0.8060023825446248
0.7793698274840656
0.8285863908352075
0.8235339387409574
0.8093713313730978
0.8057472260353626
0.6002056334264686
0.7171082477367983
0.7698198868710926
0.8786924032648306
0.7016007110198921
0.6095223222128956
0.8950104974717357
0.8046616384952785
0.7676863087020757
0.6737521017893442
0.8860862101850085
0.7978177836786832
0.7485572104917579
0.8721135748060415
0.8856155989829784
0.8288569141174421
0.8100887814851714
0.847237551126404
0.7145310756392218
0.8931843198098676
0.847248635611807
0.8982685512367491
0.7268876999660037
0.8698313085844832
0.8717111407390232
0.8592775102004201
0.8739399695680407
0.879103825136612
0.64750656167979
0.8913051905260302
0.8969866969323002
0.8910327418291014
0.8883155623665022
0.9102681474383106
0.8644316212254993
0.877726847438217
0.8856804533536328
0.8973803124417022
0.8823225344078027
0.911831779149565
0.8831199282031656
0.9056798420137354
0.922866849403581
0.8919536766626631
0.8062118845047294
0.9219657900263692
0.8864019484663841
0.7628465128540017
0.911128794654601
0.8843617824235606
0.93276052828308
0.8703138461538461
0.9242171230992888
0.9064471885934728
0.8922548931064291
0.8775694947775535
0.9238482574854499
0.9090265406148202
0.9358759371925107
0.879298559142187
0.9013869806628894
0.855036240939765
0.898780812436778
0.8981062190580237
0.9144016359344223
0.8991373905866855
0.9306417693290044
0.9367411129683945
0.9257192567009309
0.923585262508781
0.9026827487357005
0.9121323341999287
0.7969604504203004
0.9123269256620513
0.9284012936964342
0.9167357689868787
0.9344975705936202
0.9338713102569548
0.9402901188309603
0.9379129020398614
0.9499483034119748
0.9357306929451147
0.8212899239245783
0.9419155227446296
0.9597203099268379
0.9337042470160534
0.913693141037304
0.7752229599146261
0.8817893610424938
0.9168619551731996
0.9097576245416331
0.937456318732967
0.9254398918066777
0.9379933461587902
0.9046420680773639
0.9394658943157806
0.9196000074348061
0.9266641162968631
0.9381075124654068
0.9182011546642358
0.9319274803433167
0.9237034815018559
0.9037512245446427
0.8965281535701063
0.8950880954974687
0.9445864608805348
0.9251085436750313
0.9319854419689536
0.9430978714524207
0.9285152901338377
0.937026692643024
0.9022779350316754
0.954984950392033
0.9184582936453939
0.9357795786733863
0.9117519065051991
0.9233850594635254
0.9361794177846327
0.9554920807641156
0.9415052956199813
0.9318692726498726
0.9531634269258459
0.9352038115404976
0.9569289245806064
0.9529795337475838
0.9526284929782913
0.9599570968895245
0.9257892461543307
0.9057055656253332
0.951689383937371
0.8071968672870462
0.8120657696098103
0.9466029959963106
0.9602429696018763
0.9593273119077311
0.9242485001249896
0.9731545562970207
0.9419670972527395
0.9385240533373697
0.9538180922966742
0.9314692516062594
0.9490495546655509
0.9542100861369034
0.9484908085673135
0.9250478541204916
0.9353652336923712
0.9472893563962435
0.9433205054533002
0.9578333383965733
0.7988714315631401
0.9478019278261538
0.9641854609001967
0.952420383415419
0.9607399849991975
0.8246400729387888
0.9408989922329062
0.9344957474912449
0.9403187307974927
0.9365971952402917
0.9419701391532378
0.8600715745277043
0.8996500871534967
0.952490588698364
0.9669338782079756
0.9377478450619476
0.9566485686769858
0.9484362873444603
0.9602441125010179
0.8873430887548753
0.9226503525899401
0.8577402033588484
0.9130858086091432
0.9506572020568809
0.94834407718486
0.9564478865933645
0.9747489950090303
0.8811455935168985
0.940935678608396
0.9687439327336178
0.9685137492730747
0.9254456422861788
0.9514389073032796
0.9180836987860613
0.9661414212807533
0.8966887497206907
0.9622022322670584
0.9444861523905509
0.9313365625428093
0.8279648198980449
0.8617025045166319
0.9587549790074281
0.9581169690376077
0.9705853158190781
0.89150799162486
0.9714998395157962
0.8089970114821999
0.956599830187447
0.9448931922278914
0.9505024242335467
0.9045746278847467
0.9303767557332728
0.9462320401355362
0.9675032531354689
0.9292274662270233
0.9641621369043042
0.9500453487482653
0.9520638109075308
0.9412840515246277
0.9408401856808996
0.9702574783153083
0.9503250022015894
0.9285583309107985
0.9402937149896228
0.9346139996121992
0.8537492328242897
0.9081968936863747
0.9634258725953231
0.981793749187221
0.9509925282414683
0.9681991935067868
0.9751937771290436
0.9828211478479858
0.9673856854175478
0.9570999278006518
0.9572555103096115
0.939871882543412
0.9283368051213703
0.8711307291970705
0.9463230430651931
0.9624388715104281
0.9173902618643923
0.9624648529978678
0.9700503469202373
0.9529616460389154
0.9677833495776
0.9394427251626997
0.873223264272724
0.9503241778981726
0.944997980937297
0.9698174718326258
0.9763669968641622
0.9628509038517818
0.8770460601446517
0.9628163814410412
0.9505176684663864
0.8618257619096131
0.9599565777868241
0.9581341926426954
0.9345723783620429
0.9507556830114349
0.9759343373974022
0.9626239015874357
0.916010760187307
0.9641337234727145
0.9731287417718252
0.9680928521099194
0.9543656481109901
0.9670027497708524
0.8920316828254847
0.9264611071350412
0.9448331201885705
0.9685575891213924
0.9713695903270994
0.9492004440310822
0.9327842278810718
0.9257239835343396
0.9641346091258218
0.9630640800147009
0.9567314761226948
0.9671820276915818
0.9550124466330369
0.9490351119712469
0.962947847034122
0.8618824505210402
0.9559864691174091
0.9432261411452763
0.9031515139430315
0.9639436227650826
0.8503235476043203
0.9715792034422728
0.9549441801766819
0.9780951934294374
0.9266145504624523
0.9650922165016143
0.9574329789159185
0.5632606244410747
0.976721401418662
0.9426320761674645
0.9402460082935075
0.9559802229987385
0.960758931473016
0.9435159582711398
0.9392711407311184
0.9732413697650546
0.9188167866420133
0.9420043678718758
0.9524229310252711
0.9472686670185554
0.9341968684668353
0.9446444171981567
0.9015915942442588
0.9283510411691045
0.978651956804961
0.9219652004227986
0.9721555076932612
0.9543651019224866
0.9629704358630821
0.9236674820154267
0.9550612427737238
0.9103253907250832
0.9807971014492753
0.9523699871407638
0.9456278378178213
0.9685748217366443
0.9355963197897023
0.9547497288083062
0.9371655346167144
0.9568536032380699
0.9679159273780206
0.9751583531274742
0.989831103402709
0.9569601737272587
0.9401015733917546
0.9484282787205058
0.888278159377447
0.9465088614230699
0.9904562537661225
0.9302861223857296
0.9444747838111366
0.9263839365805525
0.9426676768278668
0.8387739192225347
0.9655878403940448
0.89487145482447
0.973669421016408
0.9604187912346523
0.9603048332930114
0.9302153861557138
0.9675599927898174
0.9586764809557076
0.9088863254474169
0.8593992868245406
0.9589860337306969
0.9789671313204054
0.9781842423232365
0.9121662166216622
0.9530252467784142
0.9347739347739348
0.9471115194670955
0.9408055189786454
0.9497492392990727
0.9108966692784582
0.8096571028691393
0.9616419383968969
0.9555790629693632
0.966153180169197
0.9712750386252135
0.9666471170764068
0.9548477601959602
0.936232122412059
0.9547057228098725
0.9561102586812702
0.9492416775111895
0.9768250116472877
0.9540270459677629
0.9538882753349934
0.9366733247069225
0.9687194671496319
0.910813177658504
0.9624378836597486
0.978940492846161
0.9513316790736146
0.9799710093329603
0.9110780055463006
0.9751096954230847
0.9021790360943956
0.9610523168036643
0.9660146501004604
0.9090605897955674
0.8824241114183381
0.9421216879258445
0.9590101441078984
0.9715278911794462
0.9771891571574005
0.9660191451313159
0.9634785139198758
0.9042220968784823
0.9732607194554876
0.9685838158478874
0.9643275591132323
0.9236169972311691
0.9514532506242579
0.9468641975308641
0.9520586037296442
0.9703596544336811
0.9832562328570844
0.9749028916702632
0.9606574676255693
0.961946372312971
0.9634688542041736
0.9733910787746536
0.9096752347609459
0.9667790431332064
0.9603271222125148
0.963827818237331
0.9594352109601004
0.9653188092585843
0.9497584467323529
0.9691753992362159
0.9652137703500244
0.9605604688451503
0.9779351714225046
0.9700619685877588
0.9754482807584276
0.9625929294204433
0.9509063613345582
0.8872262050110092
0.9754651070226127
0.9473006703576385
0.9526367071971986
0.7248290745196898
0.9580348252960563
0.9519223970927191
0.9606735313506838
0.9756104866520631
0.8832640725349452
0.9389609160594303
0.9675148591274366
0.9553569521400894
0.969132510484707
0.9434326799228467
0.9245554804386734
0.9793852046141419
0.9623294801699608
0.9699611464941341
0.9792694965449161
0.9290723084115198
0.9628696656867239
0.9747979272187065
0.9421786418535864
0.966971498177422
0.8824209840338872
0.955768431856504
0.9865683938319637
0.9805380262270741
0.9623471409927981
0.9348059493749127
0.9645595583411789
0.9580623344417517
1
0.8758121311312801
0.9624026458977916
0.9678778871072357
0.9409540802107593
0.9218853103428789
0.974203609629478
0.954514685505304
0.9548479980307437
0.9653079717675227
0.9542112666221083
0.8919084885182224
0.9813859397417504
0.9600386657896004
0.9638639396890668
0.969011419382004
0.9368169990171977
0.9805302890192847
0.967031864755939
0.9641626197112058
0.8737541686517389
0.9712515883100381
0.9227020731423247
0.9342354533152909
0.9635307641115615
0.9745636433713711
0.9560948258460986
0.970557103993352
0.9395509962169702
0.9723249166171747
0.9168214175177963
0.9786465060612165
0.9497430970741373
0.8757804639367084
0.9812991840171909
0.9819109994534491
0.9716044185629537
0.9488017420140376
0.9517077073676589
0.9445059134004496
0.9722771911980543
0.9590971950857881
0.9680775121805846
0.9787416827696496
0.9774094384252164
0.96374421864525
0.9521608643457383
0.9722854376281034
0.9623282751529173
0.9440192743764172
0.9414692938548451
0.9829881022429217
0.9454372824137567
0.958112260289025
0.9523618466805757
0.9660032601949297
0.9661290765585244
0.9594971610414237
0.9354798952395624
0.9458603773186218
0.8729899217051251
0.9580854763430036
0.9720901745990442
0.9672746490792756
0.9804500164915505
0.9726773767404142
0.9766739452670502
0.9821571608569682
0.9698377734856723
0.9688450524371994
0.9820613862177121
0.94058775856536
0.9467619373767852
0.9709725095421831
0.9703250664407488
0.9828303527074019
0.9825949528839057
0.9636506026397723
0.9601918085085304
0.942443594816802
0.95182114381076
0.9208217128086524
0.957811911930749
0.9764982791354931
0.9492961740860617
0.9546800160209906
0.8833224092728026
0.9208881161939947
0.98162467680837
0.970181316689799
0.9736899853859191
0.9552644407214618
0.9642579082936332
0.9662999997704985
0.9547275232166548
0.9404119469145255
0.9602940293428874
0.9426567173711718
0.9712627223784742
0.9587375833124767
0.9503873177912031
0.9513166629785351
0.9738339606160644
0.9788642483734225
0.8949248505128803
0.9682645844131957
0.9766518424396442
0.9606675720105782
0.9642378048231517
0.9278075571563803
0.980399914623798
0.9525352186072366
0.9059332212346866
0.9657236420368096
0.9782110496068822
0.9651037395161692
0.9747854720320399
0.9691547886550531
0.9624679906362308
0.9594628321906388
0.941720149110334
0.9723448866356091
0.9292958988681465
0.955054700273227
0.9660160058038042
0.9458030615456758
0.7943594283546225
0.9739340492606904
0.9726093224411341
0.9672336483231425
0.9390924706555969
0.9573879913079064
0.9371062861978685
0.8920255076861409
0.897149732856449
0.9775208651223009
0.9738205945801927
0.9424120822447919
0.961213381715196
0.9530468234012722
0.9641318324347493
0.9422395780036377
0.902453194497121
0.9882308933299061
0.970724601537171
0.962200909302094
0.9400086877929503
0.8997712714393425
0.9546776069259594
0.9676520527258863
0.9705684862278328
0.9308092861792145
0.962985396452024
0.9812703473962031
0.9788485277980981
0.9368593515442096
0.9836385039658221
0.9729920728945517
0.9738038074451315
0.9764946463857359
0.9728530749730875
0.9696398360900299
0.9843173407710076
0.851994851994852
0.9517698805344453
0.9847266432121516
0.9782959210088384
0.9721633085896076
0.9430185357157754
0.9705273333770937
0.9506108096470939
0.966288753747127
0.9494346347318131
0.9559242053278089
0.9832388833918023
0.9698056001426788
0.955622913970438
0.9517354953128959
0.9479694034778781
0.9744323849945655
0.9784564770806328
0.977673619603984
0.9534468428921007
0.9828050230726775
0.9791055438695043
0.9826254826254827
0.9761097962608162
0.9495814373545451
0.9593768961689348
0.9510704082399819
0.9731397270705515
0.9761463797112421
0.9413406003186381
0.9594967121901872
0.9775778071471145
0.9725583867783201
0.9526166562545053
0.9168842840452439
0.980580494519692
0.9873229457131476
0.9831150117893633
0.9878263379507838
0.979381793356852
0.9867610277962249
0.9677830951451598
0.9655061015847377
0.9747373466632755
0.9555861459943119
0.9696704145439422
0.9658620644639104
0.9914825514369804
0.9042479835883115
0.9837475251913359
0.9509809470979136
0.9664935854750366
0.9695323390684973
0.7733717931634516
0.9096261619603941
0.891472006649206
0.9387233251197173
0.9608095644153629
0.9734919886899152
0.9569569430984356
0.9752247764312326
0.9323629565333511
0.9869105256615367
0.9557446144239775
0.9664396014009068
0.9752250034464423
0.958656647951569
0.9466766678235169
0.9641584381193046
0.9776978725225803
0.9572678928854832
0.9530759225755466
0.9787824732425506
0.9725251544736695
0.9745324506990094
0.9653662962705922
0.9652649603059885
0.9841636091678013
0.9646599110143491
0.9783708377058761
0.9345388032909135
0.9851528182720343
0.9072199170124481
0.9824641717214105
0.9503345313998346
0.9818956976011048
0.9661630423580336
0.9419288840346735
0.9770860754805744
0.9877784808018915
0.9563456915095533
0.9619284103112412
0.9768663520452753
0.9854757956375813
0.9081850267513064
0.9688938775784542
0.9404705538003288
0.9689010315643012
0.9792286284840245
0.9560900270159002
0.9416356705886842
0.9542564350970121
0.9705596739338567
0.9811626980406862
0.9808763934579158
0.9805091618307998
0.9737752517452276
0.9377848515018445
0.9611756304731838
0.9604239383017007
0.934606404269513
0.9735038444262425
0.9713377183429891
0.9784379441830703
0.8708252713047867
0.9567990590789831
0.9576773553172131
0.9686283499441632
0.967062367115521
0.9793080349490085
0.9174619514322274
0.9784937232555334
0.9635150753681638
0.9390427760668842
0.964326395701785
0.9300989067489311
0.96569974696993
0.966329200704572
0.9723330240060635
0.9776279136971066
0.9712822678562002
0.9826463030653976
0.9291766586730615
0.9455441323077735
0.8754797610097733
0.9746183442009951
0.9630218633517731
0.9793053319754262
0.9710790051300702
0.9709846033495715
0.9774759014735984
0.9739466885014997
0.7441341568821684
0.9736548500695589
0.9727963803448227
0.908240910065623
0.9901578199324685
0.9540642693112249
0.9788579651352378
0.9658316504792127
0.9781980981165349
0.966551481510437
0.9504518541601745
0.9543822933361591
0.8576516021292141
0.9839945557210911
0.9705520039079922
0.9547316354577737
0.9336198662846227
0.9398009837220134
0.9737807657530868
0.9476166832174776
0.985244676338094
0.9652511287748727
0.988209887351894
0.9816807971812376
0.9873653130113758
0.9411249921723339
0.9734586820700224
0.9842209439308873
0.9729889528551424
0.9568700046885215
0.966041310370914
0.9750377263581489
0.9203433519357341
0.9305222187333131
0.9844426536676043
0.985889349122596
0.9825085816020699
0.9715352618972075
0.8892339360814864
0.9709295808240415
0.9661251895170024
0.9844333189395332
0.9768075012444508
0.9421061223945839
0.9369191366577975
0.9538542544229149
0.9636271935680062
0.972707131970523
0.9889109902539984
0.9818631555497515
0.954803655223512
0.9184263993148817
0.9809552373097398
0.9618748432960194
0.981312873103469
0.8828737107697756
0.9833462791819432
0.9757015578158137
0.9482796935029637
0.9772986927386575
0.9709543947581382
0.9506610648504077
0.901568297155529
0.9012156238798086
0.9522300832274387
0.9644919045265079
0.9815012309520778
0.9841459932745384
0.972407392496472
0.9575370713319411
0.9718859882791688
0.9860250655964076
0.9778507096713349
0.9841431643327555
0.9440206157790001
0.9797612761762572
0.9799762857566325
0.9681970261425924
0.952141969692523
0.9766048260621614
0.9809053773049694
0.9755401699110309
0.963124770096698
0.9569156804733728
0.9667219954871334
0.9410938567759267
0.9696280671278344
0.9553618001410512
0.9916539667021307
0.9401124642143789
0.9067576589273793
0.8788596411330722
0.9685766714701888
0.972271423793418
0.9775555432652803
0.9756072272037787
0.9710599140739822
0.9610360673642129
0.9297894023129321
0.9609812779902767
0.9781135553950023
0.9764656540296888
0.9756114308795315
0.9788324275351578
0.9490319901386262
0.9078142240946936
0.9525814849424561
0.9702686987391358
0.9703800617707619
0.9812436086099818
0.9048853255213353
0.9800922024441265
0.9733296866453075
0.9742211496270294
0.9660482753922659
0.9809088032590747
0.9899001483922991
0.947775171122117
0.9660079628604809
0.9853655566230498
0.9325796756687871
0.9660502266676261
0.9853214017057876
0.941528843137071
0.9498170385844528
0.9810924315586756
0.9570114398602017
0.969209134885814
0.9807524268304487
0.9016077490958835
0.9661474189046152
0.9847919613819656
0.9732577723155356
0.9301003457371144
0.9780308080024106
0.9425022031067093
0.9536858732316367
0.991443400196381
0.9736332502039925
0.9513296126066974
0.9723691217246001
0.9744430629231663
0.9517354253276797
0.9675879629240581
0.9719951906207749
0.9762943386907428
0.9657626017959379
0.9779912869885039
0.9644689039610042
0.9752938395028371
0.9615898991932584
0.9507391912815627
0.9771004008614915
0.9421715751049939
0.9182160265789325
0.8758698615395653
0.9633941855796708
0.9715060311010202
0.9272006206181531
0.8966460634309454
0.9819751404353215
0.9598185016390821
0.9651796734551504
0.9023349135472195
0.9780310141957306
0.9660005380094562
0.978285303762413
0.9817890708725363
0.9182438300491572
0.9701052094225012
0.9813159101329665
0.9719329393066131
0.9698178210786221
0.981566693370719
0.958831005026086
0.9728331269815143
0.941750594093018
0.9836270863316076
0.9854165842185901
0.948199512289993
0.9723092953588329
0.9790933201504453
0.9798173125138907
0.9884391612859066
0.9793792051673096
0.9867582237441259
0.9832775133422959
0.9707084954963604
0.9618674091594064
0.980077233631736
0.9809033406172065
0.9721965172036678
0.952467075935502
0.9837229073332887
0.9596116841394187
0.9499965130064858
0.8877969737685895
0.9669211482027007
0.98487376569381
0.922258012966137
0.9803026155339323
0.934509018483288
0.8957797434322983
0.9592365341213889
0.9716341015924657
0.9287059720180739
0.9803746654772525
0.9809784133160656
0.9164033502303346
0.9886621840945977
0.9787945696221614
0.9803536470045005
0.9558833120868044
0.986875328415349
0.964952990345159
0.9853285346234782
0.962636234455844
0.9541929183421894
0.9805156924512892
0.9905537565826056
0.9733768002230623
0.9779203634547228
0.988483118657299
0.9783840954537192
0.977461607513441
0.9897899154910457
0.9831542319635929
0.9833549921198883
0.9849834683719071
0.9794571845174973
0.977614868756284
0.9755933447516516
0.9540254888785121
0.971781526473345
0.9866913201082245
0.9705920274915955
0.9728836934938477
0.9734416546982517
0.9135822621233762
0.9879533520967835
0.9094194286720366
0.9593590880853754
0.981575445017468
0.9619719785044997
0.9855089348623294
0.8949515373743165
0.9011401557285873
0.8956879209306394
0.9883525735002329
0.9579706674648308
0.9335282176207876
0.9740897036334424
0.9751770451770452
0.9756972184926347
0.9602367194130846
0.8738358964345441
0.9847301498058676
0.9645884938771239
0.9635268975515585
0.9611570540631474
0.9753909848591588
0.9693699438090304
0.967901064830486
0.9795259409128071
0.8385865269361081
0.9682914532862791
0.9849268340657691
0.9743749574993766
0.9483296370888744
0.9402957174409083
0.9801225188729702
0.8319638419265638
0.9864215626399576
0.9423680760906015
0.9701863896285303
0.9722606851076037
0.9878616082859195
0.9650739414027031
0.9089916383958971
0.9656807094406086
0.9343023002368532
0.9821601579586381
0.9786398581807828
0.9764590618477255
0.9887380432901608
0.980464531157388
0.9742269613609369
0.8522763731750056
0.978521496855136
0.9513823039319481
0.9211757121891673
0.9803254653002229
0.9590936842819348
0.9699974812911157
0.9677328049816021
0.9417807162364413
0.9789161482568645
0.9613905327632924
0.97353328055159
0.9796968646711244
0.9234947340531231
0.9701903902378392
0.9699850376236885
0.9642872811828193
0.9209918983714073
0.9641080278550782
0.9728186900880259
0.9685872070950798
0.9695200204368838
0.9666236968248207
0.9876083935506142
0.976050001556711
0.992643470622682
0.9844119625309644
0.9833327916123011
0.8604099846604378
0.9874917936990038
0.9679841576241434
0.993445649274491
0.9736182140397751
0.9744987717216709
0.9837621901069205
0.9500681237352768
0.9715387154829984
0.9797428030829423
0.8179353493222107
0.9699513256768084
0.9809439220434718
0.8877813657916331
0.9401427800647456
0.9546842116486476
0.7978287841191067
0.9312294473321311
0.986900061543335
0.8863344542953225
0.968819823733863
0.9674236230457344
0.9886561222559446
0.987187129363904
0.9851023306323615
0.9880927940874564
0.9314699255659231
0.9817248279193047
0.9148661722025153
0.9764062636527068
0.9722194713116709
0.9780751569430839
0.9774220281769854
0.9125249061031234
0.9779397917229935
0.9532230541528818
0.9823398320882448
0.9465419708149482
0.9856448054349018
0.9792683619025996
0.9785279161299283
0.9931358558236204
0.9765195263159844
0.9624383653971219
0.9695511345089932
0.9802067642931145
0.9872666838362697
0.9756872243676165
0.9954379562043796
0.977260351903775
0.9041563275434243
0.9771615159915902
0.9475028890901709
0.9804209153237994
0.9647058452474445
0.9542397252066941
0.9910746218834694
0.9654240315908236
0.9754844459589638
0.9815988767275479
0.9648135646913738
0.9579075425790754
0.9915638408765848
0.9187986218133538
0.977818251584129
0.9687763713080169
0.9495578165285132
0.9823032449384507
0.9160251974020938
0.9821705636140579
0.9639047789950062
0.832431932695419
0.9398979050599817
0.979280718757367
0.9821364591565258
0.9843405865391871
0.9461402830062344
0.9639240420297144
0.9212464934425058
0.9816995689750309
0.9636448213550892
0.9217653905438988
0.9720706083220885
0.9785769358872207
0.9682089595828455
0.978192020646314
0.9623913712264729
0.9862785602964096
0.940875880474253
0.9837711634377226
0.9810607718103451
0.9893824560191979
0.9540291940602752
0.9874739289550934
0.9491827580478205
0.9778443456253485
0.9567930130537128
0.9824637620228802
0.9658722813512263
0.9262919497632284
0.9531234059917707
0.9707389540803552
0.9603220713177447
0.9613474378404948
0.9765773432552248
0.9734963689404754
0.9557177434369764
0.9862254508875403
0.9817186858454434
0.9750980738646404
0.9818144769395064
0.9826066008190797
0.9731879069500616
0.9829945559753022
0.9489437720512706
0.9540020742063946
0.9785028994961275
0.9773484357107967
0.9485641881296183
0.9748989002234659
0.9777204985124148
0.9609929872515851
0.9473414931717108
0.9813658870122038
0.9756512537637593
0.9877508984342181
0.9576023928893908
0.9816371082027342
0.9736592328939807
0.884995024923567
0.9458513406795531
0.984627659748405
0.9355506605180558
0.9678829054550115
0.9466913010007698
0.9886928018671414
0.9831550406882205
0.9790484025300173
0.9821279685324589
0.8321348073414189
0.9599059508965135
0.9812550409750366
0.985817878654349
0.8170669391926418
0.9773140655657878
0.9820351287935966
0.9556126431443844
0.97103489499102
0.959381747008616
0.9868708900635551
0.9752792134497713
0.9832135819720215
0.970807859903965
0.9635084221292903
0.9797500618111573
0.980420686133603
0.9708630063557699
0.9784312597889808
0.9753862646465706
0.9692406937046023
0.9802647986663808
0.9617379309421215
0.9400011281517741
0.9836031280186549
0.9791636893065133
0.9832864436529577
0.9770422378245849
0.9517089305402425
0.9658799652856337
0.9601347965012779
0.9087816359381552
0.9698237952263974
0.9394260042507007
0.9755874971480721
0.9815345111422841
0.9735745489387271
0.9596209762337372
0.957457783906176
0.9843392744621479
0.9719071775763487
0.9681786007354001
0.9850023745790519
0.9731907829587725
0.9808654707182863
0.9240396310969371
0.9732008970807979
0.9424911707342787
0.9751946093966339
0.9878708593762617
0.9763824213655651
0.9619012418687167
0.9878588153672708
0.9829526198061411
0.9896906380943891
0.9842851033499643
0.9830129405626125
0.9773518757740814
0.9919808080011714
0.9599577799748817
0.9184450531258466
0.950115602886569
0.9484100225839943
0.9487535669157581
0.8866382470335876
0.9627246054012378
0.9407178298649778
0.9920138940430775
0.966897482333724
0.9399105075165836
0.9882918881921113
0.9866305302229498
0.9880070330075321
0.9531512908688787
0.8259128481449399
0.9357031814014465
0.9726005447844897
0.9902388713925263
0.9775529474579288
0.9166806419087489
0.9705464378562374
0.9953488846502994
0.9871432432926792
0.974462478038986
0.9536643638118328
0.9892136915803962
0.9865663724426645
0.9890253337559602
0.978009329682588
0.9587975651880081
0.9940239043824701
0.9779063392440694
0.9734491528858625
0.9685328185328186
0.9842254551741191
0.9693577330266351
0.9685668551029568
0.9894102289561302
0.9753720715941139
0.9577455096001651
0.9802595997836668
0.9855674256529883
0.8648483279001513
0.9904003448039418
0.9635265826654053
0.9812760229419929
0.9652633583287241
0.9864462033216347
0.9421186039386089
0.9245124914708452
0.9803360794524836
0.9860631610192551
0.9871359605770195
0.9861111111111112
0.9918034220357769
0.9876394103498408
0.9788616544249127
0.9764659062185723
0.9903259786476868
0.9785563174034386
0.976914649231313
0.9648919454962265
0.9820020419471976
0.9670106630003793
0.9854073868346347
0.9880100376650525
0.9790660225442834
0.9836989843977462
0.947329852523587
0.9802398575845591
0.9821597289272799
0.9816501420353387
0.9898905171172637
0.9917032319187854
0.987738821520926
0.9767700901750259
0.980725123871819
0.9794077034790976
0.9310674449648182
0.9805696265795643
0.9669489277479647
0.9799055293469672
0.9699971250316369
0.9836471124813089
0.9414343019274044
0.9933342338083339
0.9735255599087126
0.976522654289338
0.9622620380739082
0.9094095899992228
0.9777828561931275
0.9787886742333716
0.9816441985608578
0.9594162176218199
0.9905020352781547
0.9839191788489868
0.9778154233747567
0.9924390751926682
0.9807940368401907
0.978669307027516
0.9831801709138798
0.9914555839695369
0.9513158454405697
0.9841413724399132
0.9115477007549759
0.9913843580092012
0.9875843066663414
0.9823045036423647
0.9769626338736557
0.9726890722178637
0.9760324876298618
0.9761402826701165
0.9645920577617328
0.9778726498949524
0.972369857057931
0.9851142072823328
0.9768108975997872
0.9726141567506602
0.9881225815118562
0.9805337926316621
0.9864049463647199
0.9656195465532904
0.9792969272835045
0.9866679489028867
0.9772295968413737
0.9506940917555443
0.9957491303845224
0.9827592035428147
0.9905059947928527
0.9865373871708074
0.9775717942359675
0.9615980712932668
0.9898296872860558
0.9854327100630565
0.9697358465739004
0.9497269323412273
0.9882066265722287
0.987868945750314
0.9817401797638935
0.9759242971738601
0.9583638592908361
0.9739899545754708
0.9746603589919633
0.9755755011932439
0.9746087657016944
0.9874485710450048
0.9837865839642934
0.9787852183758357
0.9815936589172803
0.9825244135747927
0.9866395965682101
0.9709446080797534
0.9600556519847546
0.9082714193453851
0.9847313714203921
0.9627809959783117
0.9932880728282673
0.8708125361831297
0.9648993933064577
0.9903233395730404
0.989062827789149
0.9839580315747359
0.9550429314306446
0.9863753684715307
0.9889951491188533
0.96423142475471
0.9847912913175556
0.9735258391462305
0.48862129374413305
0.9827662787598828
0.9417094342013559
0.9842721518247902
0.9903335410290923
0.9889960596368449
0.9848256197893944
0.9764428037028979
0.9822147591002857
0.8178471128845515
0.9618198589142899
0.9891929229543486
0.9785835850915694
0.9553112195972452
0.9698519970936887
0.9801656724912
0.9860827050380607
0.9669610580280014
0.9519410386625345
0.9551808210516076
0.9659074652340994
0.9740713516126109
0.9720737784806635
0.9843717488778985
0.98760021861321
0.956524932592203
0.8756205679437822
0.9922699784017278
0.9900252457790126
0.9348384572196607
0.927216124307507
0.9547777347711695
0.9589691965023879
0.9626378760825671
0.9913451638301738
0.9884130030794357
0.9534676297259692
0.987099691456538
0.9733873752611985
0.9621228359959147
0.971461610818181
0.9145160583621785
0.9561774134216197
0.9536761068905601
0.9599820053983805
0.984649059313348
0.9856117669469423
0.9739443068337443
0.9568135143451922
0.9890305779926082
0.9738293261789289
0.9754205002635424
0.9122015966895044
0.9742022440615923
0.9600076135690719
0.7418362282878412
0.9503814746059169
0.9443663235764618
0.9740933041777846
0.9625273910399014
0.9914790399327856
0.9837014664677414
0.9844445812374688
0.9792115526222489
0.8662125220458554
0.9737056428155905
0.9842317068451805
0.9733306100048023
0.9311433718342693
0.9894742093185673
0.9666787276734318
0.9911728650851204
0.9712861528307868
0.9659404411848185
0.9898648980594449
0.9787992757733761
0.9506060767875261
0.9831004004659732
0.982584630194128
0.9820224429086732
0.9642341000361855
0.9867479989248933
0.9644171669044479
0.9830092633496218
0.9856373429084381
0.9920568881415289
0.9763178990208455
0.9833715845884677
0.9909885107059331
0.9568901154372803
0.9875607448187599
0.9725732011802981
0.9813780738003339
0.9745892812767485
0.9683409854039609
0.963328339232163
0.9815342285260322
0.980999596113816
0.9785699457851974
0.9853303922620066
0.9877277396334541
0.9930682669231671
0.981356344144051
0.9818141930993789
0.9779935009835307
0.9865260149617551
0.9807725128065095
0.9804061006471707
0.9776199155644872
0.9648927825817016
0.9764073488277284
0.9252670685446277
0.9714871323768378
0.9983348464839881
0.9724203518782691
0.9760010703481806
0.9854362157678064
0.8894483486255818
0.9688228259107954
0.969392886032225
0.9575798910004731
0.9862490605894421
0.9261539203713061
0.8770256014408851
0.9181358430661073
0.9728181344708713
0.9469903545738169
0.9829470532041645
0.9821316322924997
0.9846644266390971
0.9762835014470354
0.9823775816392109
0.9742783702874174
0.8376799940436304
0.9630369565779605
0.8423367674605299
0.9505905641702408
0.9666481882880313
0.9448885222665009
0.9691803278688524
0.9849196118016199
0.9832673656498807
0.9871521288024843
0.9609213412723284
0.9881351949045815
0.9730424897601713
0.9841571359589047
0.9462609734583487
0.9658266774058354
0.7162764660322232
0.8516007179475148
0.9715424774560987
0.9871284696634733
0.9855249370766854
0.9885898788510485
0.9893280618751231
0.9459833938987039
0.9714141048824593
0.984816550611992
0.9272762254954358
0.9578021600636402
0.9937935686979986
0.9718852663191883
0.9912840652932716
0.9526316361492334
0.9537259427232189
0.9534806656258434
0.977773530578794
0.9604617138751749
0.9854483461954122
0.9803334902171721
0.9809505490426343
0.9775934963612187
0.9774762794470634
0.9895970687588849
0.9778624695066369
0.9693038591613762
0.9691579447365404
0.9807280055688637
0.9914887283158778
0.9857964290061189
0.9856664678199775
0.9656700231073897
0.9527334529317345
0.9635904144715686
0.9530153133171022
0.9859104629905191
0.9817426131640595
0.9778291839399006
0.981617764621506
0.9795812809841727
0.9838422491214369
0.9747197264494528
0.9989588674964648
0.9843980679850542
0.9888724020713154
0.9826607153071308
0.9704021755685696
0.9807033376105134
0.9852457922567516
0.9746299973289653
0.9546521685407142
0.9826804962720256
0.9844627248848679
0.9796182075049102
0.974517472156033
0.9894773814082172
0.9750190463940477
0.9794672713114378
0.9717579399436936
0.9758715550893055
0.9588696749846032
0.9880648942510485
0.9954084798345398
0.9873130339036115
0.9832246668479255
0.9764433416713194
0.9805785827472858
0.9828212019617079
0.9811205357258551
0.9735897031393547
0.9510100781850228
0.9795064589987845
0.9903925494653872
0.9228326442002454
0.9853252090459901
0.980522115514676
0.959471916432962
0.8573182495834429
0.9844327273170078
0.9617028973591607
0.98205091744739
0.9758226277506208
0.9642765042776945
0.9805220435551132
0.9861580634849908
0.9669966896421806
0.9860166288737717
0.9818608681728057
0.8672289168730316
0.9870937999508795
0.9802557179419197
0.9592866361609762
0.9800512811187285
0.943908220229201
0.9846839888400833
0.990485417348197
0.9839763802098263
0.9666153962530574
0.9832755521314843
0.9447906640230668
0.9860075594536272
0.9859936430727333
0.9701957022256331
0.9887192842748489
0.975120406976623
0.9826009215322192
0.9708103562591975
0.9898317060454197
0.9463264509313061
0.9515355018744539
0.9930174307690155
0.9921754102245953
0.9810550393315673
0.9864549110180265
0.9821654348987865
0.9853912522318921
0.9882677551020408
0.6962990747686921
0.964409251927485
0.9726242258622642
0.987539328250981
0.9823086332731715
0.9554482817284791
0.9863597827475543
0.9750023959364917
0.980736987449762
0.9794309175197465
0.9777467121181164
0.9860214635663738
0.9700987252714
0.986137704409025
0.9882416685869451
0.9758478938731258
0.9799806636449916
0.9858828490617942
0.9718647698227367
0.9813473762216346
0.9720488175452504
0.970759558750575
0.9643777229258554
0.9659874213836478
0.9751387663317298
0.9826389544359077
0.9845723933166444
0.9405065111022458
0.9819409611081715
0.961414888902171
0.9732589380959785
0.9852514104740507
0.9468264323266434
0.9876273527093787
0.9609286454207544
0.9839520491986835
0.967637560135994
0.9492891182078269
0.9874109454410567
0.9629203721812558
0.9635106654316513
0.9783849772001005
0.9547045000259333
0.9721375249710861
0.9912283015384383
0.9840357697887786
0.9892258094659627
0.9344034035969832
0.9596830657206871
0.9757876355525555
0.9725964858691033
0.9878096849158708
0.9852626732471045
0.9820416164053076
0.9312820604107886
0.9585918636644394
0.975475544822945
0.9922693947860429
0.9800929129843081
0.9866655992474694
0.9866031435784673
0.9736204919077355
0.9409065151843742
0.9885404347294156
0.9833350912351018
0.9320296909317595
0.9828428334118464
0.9793289367330443
0.9786392405063291
0.9863813160465322
0.9740896826501001
0.9904138179201152
0.9908145795996264
0.9688389169343735
0.9760169037485628
0.9534792113066252
0.9195247725320713
0.831501828026064
0.9628050160713477
0.9758013954221303
0.9785995014852177
0.9834659539298886
0.9415020597866273
0.9715837300010017
0.9689815149667806
0.9815286222983063
0.9758362930299859
0.9605923310424341
0.9892794183131325
0.9801812186515086
0.9818113623347194
0.9861240073304826
0.9907100613556156
0.9913979573073901
0.9792450510266815
0.9242352557451026
0.9816544231027747
0.9912899541489415
0.91048399332423
0.9840676277780022
0.9626053066102056
0.9763426344267471
0.9544444444444444
0.9596127949844367
0.977615167833924
0.990601928255016
0.9724875624601536
0.9618043996263365
0.9485566715254621
0.9918930967139339
0.9849509064216282
0.9354580930436983
0.9762786605697901
0.9894793245943638
0.9752785137546878
0.989450655643094
0.9727046907494415
0.9731706100762085
0.9505813294200046
0.9819003196220326
0.9820584200758493
0.9637598448826956
0.9776001526786254
0.9864698485880442
0.9493194221697421
0.9845929100116868
0.9893280077387546
0.985593539747075
0.9921056054103264
0.9983235481360968
0.9846922097770696
0.9854140613760362
0.9882844469178643
0.9969055576185172
0.9838186014822231
0.9703486839762083
0.9955742213980162
0.9748771100481496
0.9795167819346875
0.9827402050933084
0.9920812360997308
0.9852326149992279
0.9872413358814156
0.9770015542648794
0.9822719504039236
0.9897227331142696
0.9682017832539118
0.9830273257599017
0.98127645447755
0.9871852297401639
0.956140634505037
0.9723465683331904
0.9719409436551555
0.972326958625174
0.9885494813643341
0.9824507061872487
0.9843324158499982
0.9856584996584258
0.986075054946342
0.984505010710326
0.9840956262972317
0.9885344137359213
0.9858081947578062
0.9890344934581372
0.9913790942297739
0.9836382197941671
0.9845722074181003
0.974941829246465
0.9848453307797993
0.9868236362635548
0.9848356501090111
0.9772040568489375
0.9898696764675092
0.9892012175921067
0.987715217088956
0.9930360987176687
0.9856633501452534
0.987798609978677
0.9856604458974708
0.9893881936938906
0.9793774715873681
0.9883518838592446
0.9920424550788242
0.940053962498617
0.9839950795456646
0.9779937333616039
0.9861674350727233
0.9878263616697723
0.9537488583688029
0.9699649437817964
0.9888473925225751
0.9702384189305718
0.9872357431815216
0.978620939731668
0.9683665343452503
0.9919442913928136
0.975879415632458
0.9916356365904213
0.9818819555934876
0.9781183482332908
0.9872103415485153
0.9864029434217277
0.9819567787233864
0.9649934408100871
0.9946443094706605
0.9796942733287702
0.9775485213320474
0.9557942340305258
0.9805023021242584
0.9575689050314806
0.9902446162475916
0.9050545600022072
0.9808541825629493
0.9959883801355651
0.9860933863824037
0.964654650549708
0.9896847135613963
0.987408648514157
0.994638878574081
0.9598373904099525
0.9818110429912201
0.9882944571565179
0.9820570519478636
0.9801085582247024
0.9788798237637204
0.966565695643704
0.9922186653533612
0.9852136760480426
0.9878939869604083
0.9852964245003817
0.9109111852125854
0.9822194942059905
0.9940004837806182
0.9873042638855796
0.9867510778177235
0.9742975000957085
0.8749300756085677
0.951595793219875
0.9892951713870822
0.9853819519584506
0.9419804308757294
0.9644177192195477
0.9239469105329179
0.9859244933994786
0.9781362821580953
0.937781262954953
0.8648983982040604
0.9798617813318626
0.9662810730986956
0.9350037816868764
0.8823507576771406
0.9547706204728327
0.9743106242023603
0.992840961576528
0.9655282933557688
0.977504775433109
0.9799558835363227
0.987910579267668
0.9841057989474913
0.9899868650700829
0.9861071744344935
0.979780845421931
0.9856439019447282
0.9938179980735524
0.9772099507312385
0.9741385192766974
0.9794927081235413
0.9791212199797619
0.9891355405899862
0.983101358271352
0.9815762538382804
0.9858423427515823
0.9865137600992288
0.9622147342231544
0.9588317631025938
0.9894705256553643
0.9781554450893128
0.9679957010165872
0.9759136804996587
0.9834167093394257
0.9849334312038068
0.9785789711872077
0.9847817476986594
0.903248233511621
0.95876874887055
0.9792587990914562
0.9719641069704406
0.979584261321455
0.97326003913165
0.98987307922768
0.9858975140052975
0.9784413132010222
0.9915786998091413
0.9866341627437795
0.9876629427996798
0.9856763456670454
0.9348119948136501
0.9727698734952716
0.9686424254454468
0.9631041945789962
0.989888043810301
0.9780760928224501
0.9872809344745119
0.9944977357939329
0.9508197419591172
0.9956109028149736
0.983372120792107
0.987365955172453
0.9825772770793003
0.9821127817246448
0.9777369802571776
0.985081175954366
0.9564530685920578
0.9831518878971571
0.9651639564791598
0.9750905415648952
0.9862964434090885
0.9898979812605057
0.9863240181082039
0.9815398121865568
0.9903817993603331
0.9663417216444354
0.9050770108385625
0.9888248388671657
0.9539526272280712
0.9915448885007755
0.9761968484140694
0.8195863575911657
0.978165125655279
0.9877176300862324
0.9539693715895089
0.9896028510901902
0.9938409061655297
0.937905978820208
0.9720228244077947
0.9870750400586884
0.9250346169351304
0.968959342168806
0.9858803312904248
0.980588489634299
0.9773472818980011
0.979687078720536
0.9781198422886485
0.9872227584039512
0.9826884682702356
0.9861652671291226
0.9819049713228153
0.9804906021025804
0.9738168370308578
0.9835899782082616
0.9576248799734999
0.9824268476350988
0.8864697234711506
0.9409624055192424
0.9914738234601236
0.9600792245806531
0.962022550476357
0.9714817503591233
0.972042495131413
0.9915484841694144
0.9744145092403296
0.9769686527540921
0.8909869615728191
0.9440403198603091
0.9379976140460075
0.9858683914382822
0.9917433613210622
0.9897749813211362
0.9746170739948192
0.9815511457128072
0.9832356568159999
0.9593604457147832
0.9606612891846765
0.9683169982179874
0.9873198261483
0.9847214759813684
0.9941068912565105
0.9931930825293454
0.9867182212334229
0.9858429408965701
0.9814780639873955
0.9845590687677314
0.9808979741666093
0.9896415089915829
0.9937647763452385
0.9576628100360138
0.9904864217386206
0.9744153541964955
0.9650582084815688
0.9680218179819741
0.9377586513316577
0.9795735845044437
0.9709870619516692
0.9880332923280859
0.9757339897678484
0.9755984844743285
0.9710635934462649
0.990716198970648
0.950515298304582
0.969648362925332
0.9802338328055272
0.9270492463210628
0.9504248094345737
0.9726770873797032
0.9809766079941155
0.9705969561388369
0.9840042356304152
0.980436834498422
0.9889859068627451
0.99307484093226
0.9872621352131196
0.9822831144609587
0.929468165710228
0.9633400194982015
0.9709687157335843
0.9600938403753615
0.9853105324832668
0.9846296003182738
0.9859345382051115
0.9808004121774181
0.9783052784660591
0.9734967207691442
0.9866993552372495
0.9617662399241347
0.9807234012550237
0.9811894048336968
0.9499438673744101
0.9487272992487783
0.9874306683257059
0.9756178253777736
0.9887474965760731
0.958836897616689
0.9380488363261739
0.9939485627836612
0.9529856647380742
0.9825382903616292
0.9719029651033859
0.9818313953488372
0.9816512997169593
0.9896490061446838
0.9562022210059851
0.9747046226253776
0.9869804135659661
0.9764278190844004
0.9639995168558981
0.9756404667030485
0.9805026088244944
0.9798593772420721
0.9843021693401166
0.983099920297988
0.9683463365988151
0.9723373362775644
0.9564927135308996
0.9859579567471917
0.989417964208801
0.9788184607712075
0.9839632976864267
0.973125933127322
0.9860020684675778
0.9733168388022168
0.9767625228244631
0.9852412766387605
0.960123549982284
0.9656220685145324
0.9418857976285646
0.9759942336018052
0.9923505002714651
0.9505489167395317
0.9944726674298798
0.9924576998812358
0.9824156896652291
0.9441728293956003
0.9712177236475165
0.9681666316653621
0.9726511808213155
0.9884948308143163
0.9701252323647392
0.9699184349917135
0.9742916030774555
0.9878754084406122
0.9852518391772993
0.9855805995013565
0.9813878776451477
0.9930522659087321
0.630355330366848
0.9273344431712538
0.9813348026723604
0.9374646221965056
0.9478078241471244
0.9925699653523373
0.98823363473045
0.9777594937782565
0.9889964072701329
0.9768729021976852
0.9914863368104346
0.9871303545424398
0.9769768813069862
0.994706268153284
0.9909886773763064
0.9905713678748514
0.9837686860151208
0.9858410251814679
0.9684723309597485
0.9845383991038309
0.978380814035928
0.974829701917967
0.9810434054264262
0.9921656773743017
0.9861805625039266
0.9793188497061293
0.9838895014413434
0.9771446199783672
0.9924658455298441
0.9892457042507306
0.9823692730206778
0.9450278131141858
0.9152090156998218
0.9907773221830327
0.9826374235351791
0.9842551650738965
0.9864962519858453
0.9358580569209483
0.9888502295457574
0.9634498898678414
0.9848783926683116
0.9620253659146498
0.9659606441908896
0.9846327428635903
0.9629060419773744
0.9892868817589504
0.9850856560959564
0.9746840052015605
0.9819735085137282
0.9866702762630365
0.9810851362130215
0.9262094126837701
0.9780400906685921
0.9684005314425729
0.9414957981327502
0.9791171915332989
0.9754177048219258
0.9864630772691289
0.9653963809820086
0.9863450398488621
0.9733236267900595
0.9451162790697675
0.9541622760800843
0.9812847985776447
0.9728513326589178
0.8055104094110362
0.9849782322983407
0.9799685953254229
0.9676455720919832
0.962128262768288
0.9900606401349343
0.989679644160128
0.979586362295126
0.9794457808634313
0.9611091794158554
0.9783680695382605
0.9387397789218656
0.9926783542764491
0.9821331385856293
0.979730974225558
0.9530417152245764
0.9902920913283607
0.9830434271491635
0.9789795581023748
0.9915368327053046
0.9821273273471803
0.9777557885822163
0.9331847649918963
0.9844935397840553
0.970548130916407
0.97962048137693
0.9721242704280155
0.9866374052392066
0.9634875497080095
0.9576112748975336
0.9674031828971055
0.9671437865972674
0.9507173485871517
0.8431802959710971
0.987517621427656
0.9855362834634496
0.9607799126114802
0.9800432745088983
0.9415191442046802
0.9748492357980195
0.9907321359708182
0.9822941863717892
0.9278871721908735
0.9746777535588386
0.8915680987997913
0.988818099076843
0.7243996475355331
0.9589223713401713
0.9866061967532743
0.972307870535396
0.9837495098444573
0.986850344395742
0.9842973043705836
0.8392993979200876
0.9752388443701555
0.9908407688523876
0.9941188458264903
0.9573726253739137
0.9882318600113686
0.9739181490018701
0.9902424132291477
0.9750549116254511
0.9859445426159917
0.9867671179561314
0.9871759955790236
0.9880863819359356
0.9341367713004485
0.9897722396172736
0.9852734528694284
0.9911407447993987
0.9893345857438678
0.9847266982533774
0.9921249918309044
0.9655775368387696
0.9776048392577992
0.9659718956528774
0.9891818328394592
0.9594900189263499
0.9756901831695092
0.9850893101560362
0.9521290110448519
0.9935731306160549
0.9901500071822864
0.957353037649318
0.9989102838614952
0.9883021896853958
0.9919513384165868
0.9864033627014643
0.9869222975605955
0.9754843413553331
0.9928916059815996
0.9817212567316985
0.9904678356316797
0.939945250984252
0.9798929924052662
0.993273292376026
0.9885689505637467
0.9700249668166836
0.9416985406067808
0.9790273452205757
0.9711881300260505
0.9923811385928895
0.983095542654728
0.9631026765781149
0.9908023528616582
0.9712805824493401
0.9892792329441736
0.9863593086275084
0.9919780311705844
0.9776653851161962
0.9628764172308372
0.8623747137102417
0.9891158561542481
0.9549068127344783
0.9898906168345557
0.9783183680882703
0.9867405537876294
0.9800263614077197
0.9844682861748847
0.988891618512545
0.9735542188917639
0.985675776839046
0.9910673153880395
0.9819726304164509
0.9904605498823412
0.964999092064645
0.9765461099784298
0.9713796465628896
0.9767070241532242
0.9775017576751817
0.9717532256315733
0.9939269406392695
0.9949135779211604
0.9570067394840809
0.9644902472215922
0.9791741847258362
0.9961282560364114
0.9813030118464524
0.9803858816434784
0.9778277932493359
0.994235953461975
0.9578162380159767
0.9509433421857024
0.9882733465278237
0.9769286896791929
0.9906484610491224
0.9920852606866414
0.9952294434185183
0.980292656595722
0.9918444992748573
0.9901960214053048
0.9059276644400313
0.9680236228885586
0.9865711157111571
0.9804620519818426
0.9764824129073857
0.9859738545869491
0.9916760208611075
0.9704950299085151
0.9875048368786693
0.9904015038167425
0.9705708620760874
0.9828532299406849
0.9910913344648837
0.9548309409380735
0.971242575473151
0.9872782546058334
0.971444547277495
0.9841921916499259
0.9217466788778954
0.9802941859440935
0.9936392667024716
0.9784576782329872
0.9894381279907966
0.9897013822939749
0.9919776560317972
0.9902688938496318
0.9725893537381165
0.9478258631340517
0.9572346736980883
0.8645006161324317
0.9845871918661313
0.9902868736356213
0.9828245534101085
0.9749994493270777
0.9894878586137542
0.9884602636422689
0.9914311031932711
0.9816133226026125
0.8856198347107438
0.9893467057980727
0.9626702325433646
0.9736379613356766
0.9839860273449227
0.9899818910703216
0.9805455040659896
0.996867672919109
0.9961221887438781
0.9956179860270656
0.9505008129428532
0.9967344412877093
0.9953044387037896
0.9934387239819888
0.9817184217758049
0.9835112737754348
0.9497848706026364
0.996900385968685
0.9897650092730496
0.9459577565129351
0.9966670939623126
0.9954254245469305
0.9772345712175139
0.9925277771761495
0.9704095745351667
0.992634840101119
0.9899831613488191
0.975930960846258
0.9933576445445019
0.9918856378649703
0.9936926555256631
0.9889269595098908
0.9585801565730481
0.9954984871965169
0.9842551892200183
0.9807911911468534
0.9722413333146123
0.9914506148318812
0.9835060279677674
0.9623856417228783
0.985933904541513
0.9760842998081888
0.9952505082200395
0.9963101278396724
0.9832115819560765
0.9641099686487595
0.9831266019288206
0.9792018073206228
0.980226567531175
0.9818108784049809
0.9937969244777588
0.9568642186803467
0.9781117171933243
0.9604333873602947
0.9796807385325512
0.9801640254766044
0.9775022543989682
0.9785037183620057
0.9764088746201914
0.9428187176894756
0.9873542910913525
0.9799485453536345
0.9743881525808801
0.955157404997785
0.9894444435889815
0.9784663808292727
0.9859713437928187
0.9837347634222721
0.9726644738059207
0.9883398131331617
0.9845899020371092
0.9819154795275008
0.9619654328951966
0.9652025251264953
0.9775112107623318
0.9930528266554115
0.9834862482197329
0.9866803278688525
0.9904352659128804
0.989039039039039
0.9851307177539612
0.989926627896915
0.9497267904685394
0.9721265598143425
0.9521781031863418
0.9926362706299419
0.9532769130018639
0.9799706508378045
0.9815240012115409
0.9773452662368123
0.9837492520351102
0.978363984605316
0.9734165540891614
0.9903122006735289
0.9777041642820421
0.9863156182977979
0.9804796537508047
0.9533948221131797
0.9727143519362773
0.9775755159890158
0.9862327890397989
0.9722584251878345
0.9755749631627875
0.9283394157097273
0.9760453585266409
0.9876372826881511
0.9832857797034062
0.9766906623653272
0.9858028991276081
0.9875417158865715
0.9622563534199162
0.988818818019744
0.9677310783486929
0.9841387086659753
0.9519357546935924
0.9451234471200598
0.9574566246361257
0.9696216157188209
0.993257186805574
0.9705640317101601
0.9902136118790436
0.9851672839668322
0.9926719318610729
0.8497051720544788
0.9549805159517964
0.9757511924650735
0.9763756107924368
0.9747379704621248
0.9813827322435537
0.9742888841677879
0.9663676383105294
0.9673859970999911
0.9646655454395433
0.9750703107391692
0.9799776363561065
0.9845816382734063
0.9901261995124812
0.9866311710434197
0.958079378366807
0.9234948986964941
0.9779301478465824
0.972561201231425
0.9663856259710205
0.9854840875520344
0.9727409750651284
0.987214773059464
0.9661084115313735
0.9761018630096083
0.9908457219922218
0.9822723118323993
0.9544600468401266
0.9622243679775281
0.9469016168375032
0.9746367601246106
0.9793851866568924
0.9747289733529204
0.996202753004072
0.9774539085582754
0.9842951130502458
0.9873197671891872
0.9887276020403735
0.9831179407286761
0.9771452714964551
0.9812263301733016
0.9511462117074552
0.9745663109397772
0.9246747840566136
0.9873652225598409
0.9896466049288509
0.9839130621721558
0.9863397847015828
0.9545036566617336
0.9794900667578219
0.9793075640109236
0.9562099828754123
0.9206384970016291
0.9833444934180028
0.9794040337042769
0.9812852755099362
0.9546850514187641
0.97659341508071
0.9816741993577283
0.9741529120532263
0.9485611322922651
0.9750344052257177
0.9908190052535392
0.9779712901100185
0.9832503794698013
0.9964767278603407
0.9919463108424269
0.9554770404976168
0.9837889126979734
0.9776230730979613
0.9826155430371313
0.9904948266509852
0.9484009894580469
0.9908300961412065
0.9657543484655611
0.9254595950012624
0.8457508085041239
0.9831199517453753
0.9717206392798566
0.978019899517289
0.9695269087048247
0.9830994528144735
0.9333907142061005
0.9349411382686561
0.9836581923538446
0.9851837672281777
0.9601323169854739
0.9946708003765591
0.9855552615093948
0.9871311447054346
0.9681774672525136
0.9791158806357547
0.978774194831805
0.9882022568106711
0.9425465242693611
0.9802154289573928
0.9903401555611312
0.9619161869634113
0.9705056768193053
0.9851603616919821
0.9560756049554243
0.970163211034644
0.9913049416863011
0.9813065530617613
0.9753672828824098
0.9907329641703084
0.9512239363680063
0.988685200616115
0.9926193482708328
0.9809783286144202
0.9819792265247991
0.9708521895755938
0.9409603369238368
0.9694231266706907
0.9751734638928949
0.9890964215930148
0.9932498331707817
0.9873768675836173
0.9772141430197839
0.9666061792465941
0.9934722424595658
0.9627115937400191
0.9854634158483615
0.9579550123934626
0.9724354319641888
0.9817693831533398
0.9223801778114485
0.9631865038115038
0.9755234580458473
0.9884421137071183
0.9894656070808251
0.9174025863966846
0.8941915647349776
0.981886027104877
0.9803957465635346
0.9763787594769555
0.97395327917587
0.980430297671677
0.9810953615785061
0.9923993104529071
0.9339831254985825
0.9615951285572961
0.9849536915454243
0.9919825706876587
0.9870871189529187
0.9861577701693514
0.9753607874099887
0.9917029893719498
0.9770359881675055
0.9868364099299809
0.9301088917878094
0.9832972965128934
0.9537869433256783
0.9644193345376856
0.9218225121741106
0.9207667283194596
0.9895983238221266
0.9804450642735872
0.9498091873662924
0.954441274294992
0.9854541378957473
0.9304033022059819
0.9330804632058504
0.9899501245596571
0.9613789778206364
0.9862328088859336
0.9478333732343788
0.9886494497461522
0.8783118694118612
0.9884100143241953
0.9694577963444091
0.9729783083283013
0.7803226329344948
0.9865173337100368
0.9582872903885781
0.9917944785276074
0.9806526374893229
0.9160070580365895
0.9919213478149961
0.9891677113304138
0.9739055573147561
0.9729945295109004
0.9880211724608469
0.9582797887540572
0.957865552453287
0.955903460772048
0.9788553090479917
0.9897409799383651
0.9864131724214289
0.9741017115166511
0.9946454115141008
0.9132915376393601
0.980341197897912
0.924974356047043
0.9863122308272918
0.9113504769957539
0.9690218879987349
0.9791823000181676
0.9559329270203365
0.9660201738282176
0.977812908853031
0.9835077536769585
0.9756417883641834
0.3738082014767349
0.9750100864377147
0.979661862600498
0.9849756977912676
0.7373554639634622
0.9889816830441004
0.9704754222174771
0.9640020370468901
0.9821219497750248
0.9910920376297159
0.8559962755960498
0.9392398096861241
0.9772934224547127
0.9302818427749191
0.9817704900300501
0.9667940474482543
0.9815222865776883
0.959635131224735
0.9850431484849658
0.9572558195828459
0.9558777785070759
0.9542459423225034
0.9204666850715992
0.9834503263451697
0.9639321875467827
0.9723997658528164
0.9895309406823787
0.9937395696285243
0.9838593806457098
0.9916579841836474
0.9713038998818218
0.9684161136992061
0.995512101816161
0.9683317944342501
0.9583002301243767
0.9834139850505518
0.9736268311086826
0.8454597266761085
0.9610108641776849
0.9740603026897039
0.9802720945170428
0.9830320150659134
0.975197307728326
0.9836747257342308
0.9783946799105675
0.9859992999649982
0.9669948630136986
0.9858788851339866
0.9670735499922252
0.9822878707372279
0.9676705554805265
0.9781851319386644
0.9780752452497934
0.9857219669156256
0.9903399753492194
0.9894639899382135
0.9685673821941446
0.9753815449032185
0.9844623658305495
0.9828450667266456
0.9860858084312465
0.9945037453542649
0.9927157839308438
0.9934515237613357
0.98137514373205
0.9801444917850578
0.9771394085697043
0.9898661062511684
0.9839095719815255
0.9471078495993906
0.9713632150815404
0.9613781742231345
0.9931919381298336
0.9843805731978554
0.9841608952537465
0.9914852704170212
0.7177020771415499
0.9796327042749775
0.9821308078208387
0.9959987351624829
0.9435307017543859
0.9825674209327296
0.969009554163515
0.9681952443700863
0.9723935409236835
0.97392644521056
0.9604510278760284
0.974359475845883
0.9717120354181037
0.97103977200164
0.9925395287614743
0.9732765861894029
0.991898354078974
0.9475816024280763
0.987970493350517
0.979687592801568
0.9408247603974326
0.9569601207312555
0.9346579675761171
0.7817772107829695
0.9839560646692427
0.9794146533097623
0.9722981671181485
0.9923477912894664
0.9731690933410327
0.9782952314183639
0.9456565102478433
0.9874000997114412
0.9418360555015104
0.9817628080827457
0.9754614368506861
0.9798291584746388
0.9842660143774233
0.9800064785182848
0.9771544500308723
0.977167476970696
0.9619224091880342
0.9907223682093634
0.9893453328660096
0.9701714615906035
0.9683637215476516
0.9852080766741141
0.985710904375746
0.9842734141627131
0.9712030374171249
0.9866692589164202
0.9671458642422776
0.9793829647976797
0.9698771050268232
0.9637597291898503
0.9826176350566594
0.9613554981661928
0.9924833632145609
0.9873220015110602
0.9868614212564806
0.9789707492350448
0.9879859149577576
0.9219581658808266
0.983195023441254
0.974067695986998
0.9881685894074462
0.9805930301911443
0.9698836584170211
0.9928058427484716
0.9849989522840208
0.9847631002178577
0.9685911099558098
0.9812269214020255
0.9626726110832717
0.9793276596427339
0.9922504657798392
0.9815188631446885
0.979567284463599
0.9485977518847732
0.9769707672511707
0.9836017176596886
0.9881081636246258
0.9757032208949734
0.981694238767555
0.9703623503698382
0.8844133409418591
0.9825449750790429
0.9257934190031153
0.9434185272334935
0.9825483530136095
0.9083275746187416
0.8671701839343677
0.9898306086853697
0.9891621707394478
0.9685506749384294
0.9793772702578907
0.9712371569025905
0.9878707847742279
0.975450668126237
0.9683083832074957
0.9830981965657088
0.9874878618786327
0.9758465877423673
0.976717316016453
0.9849157510413274
0.9954481305531814
0.9626193401004288
0.9835984688066642
0.9881022226467097
0.9873581867571322
0.985008651849199
0.9716035958264507
0.9667690801816253
0.967012635228895
0.9890691473862113
0.9248071367653372
0.9865509443282419
0.968751049790042
0.9901157983538922
0.9657618548641951
0.9731639639016632
0.9858469063235744
0.9374689010864662
0.9706653873577282
0.9711773532109071
0.9769235885720181
0.9497625044371947
0.9859340529175735
0.9865120103104238
0.9757694269682027
0.981834079568239
0.9748680039400606
0.9744869750558899
0.9723462990789723
0.9949053090193598
0.9930316715741679
0.9065419897191218
0.9804347826086957
0.9127409219349669
0.9570751534848594
0.9630845456110824
0.9543396077813657
0.9729542382476287
0.9942108586338844
0.9699162968372563
0.9765208268688033
0.9939232507860486
0.9872144458583287
0.95807081739896
0.9834135264683126
0.9871630194091364
0.975870969689651
0.9661299948598179
0.975234775988914
0.9838008413942614
0.599627189419047
0.9953305107795399
0.9750311479927496
0.9904603860629615
0.9877343613106712
0.9935652265749353
0.9851154396908531
0.9750124308018696
0.9862717431696868
0.9898003401338324
0.9871982530502487
0.969656586908788
0.9862732187591627
0.9842057471700041
0.9688334558563947
0.9927722295961838
0.9760098818869504
0.9922843789831468
0.9533292343303555
0.9933976131748761
0.9832043352912325
0.9811606304143617
0.9937840825350037
0.9646565482093483
0.9910835813320414
0.9667960492921808
0.9374181255210194
0.985701314071172
0.980503562844489
0.9694904100654276
0.9817837227686106
0.985494458062053
0.9687514677839046
0.9335581498621571
0.9730355306582322
0.9758145649937121
0.9801108043282563
0.9804709265399797
0.9889903286454621
0.9846032655399599
0.9894968801556133
0.8708272951871453
0.9779582883294176
0.980274232425811
0.9756400731717482
0.988157064883089
0.9801006706484892
0.9921594285575241
0.9730590273060725
0.9932114447069145
0.9419052192735194
0.9861335193825491
0.9823643456121091
0.9830794012711219
0.9782021987620367
0.9789252658495269
0.9808438055806631
0.9933902650758081
0.9924779667964747
0.9851881702743601
0.9844756818375285
0.8217251853563603
0.9739122081703078
0.9764363305935319
0.9854032192082225
0.9884149722030542
0.9905612989192717
0.9916278158548046
0.9857523738247813
0.9908444531021721
0.9852141787005734
0.9735518067102538
0.9853848339781843
0.9868770252635591
0.9944064628067407
0.9313449361613785
0.9783013194379977
0.9560288793952443
0.9906598872554437
0.9797751408830981
0.9860182062244081
0.991153190186732
0.990937937737629
0.9856399503284936
0.916717414903717
0.9714333360284605
0.9866975259051357
0.9907067549451771
0.9832874159306377
0.989071150227286
0.9755329257452472
0.8690689121565948
0.975402566007701
0.9900395621601219
0.9775021745291778
0.9603876609171524
0.9842480961964757
0.970008083798635
0.9163918876191337
0.9810643205392042
0.9643903523246964
0.9189833436816672
0.7272921294137176
0.9864066381269488
0.9710128222270378
0.9760278444932745
0.972223147121273
0.9875169757966997
0.9764256604768045
0.9298716966704169
0.9678115151665544
0.985156207447848
0.9898616487564509
0.9686588601283249
0.994631593074755
0.9601626092854989
0.9631217426230257
0.9846853082703004
0.9875323453305105
0.9782976124533072
0.9578949538541889
0.9683741773722572
0.9299233536680744
0.9834358207301535
0.9613738562249092
0.979954269519991
0.991024098581793
0.9850164583838009
0.9881476798272443
0.9380596159105143
0.9852636154753772
0.6658988937219578
0.9779782998571225
0.978720243358919
0.982379623407907
0.9902774566473989
0.9798501351661567
0.9550444516430912
0.9917171748893007
0.9739427355929358
0.9876215387867259
0.9845642745743158
0.9334311045376363
0.9831286162058702
0.9534900084435688
0.9872836201696931
0.9786437479278773
0.964052490826544
0.9893898808413482
0.9883864268247747
0.9796422249138172
0.9293263277492859
0.932784419285884
0.9745594987219653
0.9901793698343776
0.9865198633913966
0.9801023976423984
0.9889103287581461
0.9912215441130513
0.9768671956077801
0.966201056414801
0.9883772917441731
0.8877031287897162
0.967081870037399
0.973191379344634
0.9224009184759273
0.9881304554252949
0.9758355028152812
0.9015279404052957
0.9692731702269756
0.9693114148940125
0.980775800538064
0.9719182246542027
0.9900969773610004
0.9831095346676801
0.9972172751558326
0.9624989611900606
0.9891952129463637
0.9800960369920265
0.9829286471383574
0.9819473293704395
0.9570107645597571
0.9962717616007697
0.9873738116420478
0.9949221021025441
0.9734978039435567
0.9238143450009659
0.9809443623492217
0.9390739919409931
0.9624434008719569
0.9609022782375218
0.9887061775625007
0.9863211076458082
0.9831897963508853
0.9722416725017505
0.8340083169563849
0.9742968595236389
0.9733601821249451
0.9890074294756865
0.9835877017407699
0.9876680119399175
0.9706933449687298
0.9854914531153091
0.995634973074763
0.9807758214454012
0.9867582393972815
0.9933629282810233
0.9760072572572572
0.9692581012521515
0.9711767964147238
0.9812239949810396
0.9854605686942118
0.9643478212316151
0.9808735880594999
0.9768486756616374
0.9767629161845507
0.9889790330063252
0.8655219512195121
0.9852996976228383
0.9913578936192802
0.9494594165778916
0.9252401356059893
0.9187810206994103
0.9883786764287907
0.9858870665767993
0.9798025450199364
0.9900752780794727
0.9825247170081673
0.9803167013280495
0.9861851964145051
0.9966453946247691
0.9929534468062813
0.9803681666985005
0.9845191981378187
0.9914427198528116
0.9820824421543846
0.9764148287499959
0.9446200742972749
0.9821010458400541
0.9948508504368505
0.9890281735141421
0.9643530613139875
0.9773556113984923
0.9884801580528126
0.9522777749861816
0.9573944357497759
0.9643012758749777
0.9555295280880982
0.9907447787953676
0.9387243175262805
0.9928781860344852
0.9650902186206253
0.9904134677305175
0.9827690897634187
0.9907214870825457
0.991959278540832
0.9807048483621961
0.9944680454904036
0.9729997685434091
0.9872162998714412
0.9744595505208713
0.9895449417074088
0.957474358974359
0.9892633169413794
0.9852893817659348
0.9833068546575451
0.9850691084876333
0.993349776513285
0.9867530563872255
0.9675097269961804
0.9856635650101228
0.9898209029134226
0.9952549156345224
0.9886092133031155
0.9771208075354324
0.9881225129627397
0.9916229533155251
0.9832432927387602
0.9881857562630638
0.9874361496240363
0.9795384652638206
0.9947717675447416
0.9927111357021672
0.994107069087021
0.9474236030076243
0.992686976720721
0.9334243382360876
0.9866347084874363
0.993450486233671
0.9855009210744524
0.9894763432711481
0.9832771975249045
0.965215169148874
0.9901145602365115
0.980306259935982
0.9601778795425711
0.9906257771415747
0.9749390230340952
0.9679590489076476
0.9823720090896939
0.9722814460828554
0.9813533763724612
0.9941656004007257
0.9894498080925411
0.9538430059607459
0.973505008297179
0.9862033310693685
0.9884045158492566
0.9917308409444717
0.9864311859702781
0.9896763163953646
0.9931769495697869
0.9835073697648598
0.9836234776026973
0.9862883716159034
0.990558864908552
0.9799603868111383
0.9915776175185556
0.9895122194182494
0.9822406714184492
0.9836572268857783
0.985750850192857
0.9829385533872186
0.97213965057025
0.9890342128666533
0.9844121917141128
0.9685272872396329
0.9844324909735992
0.9822600801264381
0.9588434367718311
0.9662795136527382
0.9948959060221674
0.9640422384032955
0.9896510661244299
0.9766610152065269
0.990785950201598
0.99261091014785
0.9892288641536322
0.9899257323614359
0.9792194146576307
0.9887916075633839
0.9739929358338238
0.9837080155225478
0.9819840962033947
0.9889485299352175
0.9890595728737355
0.9802033251152196
0.9853886192908835
0.9796251279426816
0.9797285288457144
0.9899902570517799
0.962701381995877
0.9789117945251774
0.9741694291628996
0.9830494061099043
0.99361941657561
0.9903109410778788
0.9730273579654921
0.9794415157871494
0.9825920765976257
0.9922257356616477
0.9892641867205204
0.9851522845871545
0.9769489313101648
0.9900095176690922
0.9928700891469648
0.96753613437301
0.9868452486456077
0.9814389804606484
0.9910950084029945
0.9883848448254526
0.9735111308751944
0.993410847574476
0.9906845349271572
0.9879413370657766
0.7063500700575424
0.9865695411773943
0.9887747943108617
0.9628562869169839
0.9676444790956047
0.9899481739628887
0.9897018956868393
0.980497948564472
0.9863858348568709
0.9929216182869017
0.9911054009981717
0.9783487784330245
0.9913971927391977
0.9893424358371137
0.9770387965162312
0.994308848065124
0.976818118635632
0.9649921204761511
0.9906164627627985
0.9938219096180861
0.9809008952377959
0.9670222045388465
0.9776830303389195
0.9706898094149777
0.9759001161440186
0.9848958322177982
0.9760987885527009
0.980798892217416
0.969693888617754
0.9826657358500507
0.9910529161196033
0.9946908616344721
0.9836365602178122
0.9904271196752635
0.9877992330174176
0.9843803274623456
0.969918172927411
0.9847262203317386
0.9686920196869202
0.9852905686587282
0.9795017906254329
0.965129558786645
0.9740115657939697
0.967702859867461
0.9876434737737612
0.9916854321843063
0.9866372334302853
0.9803691243633357
0.9839678583788821
0.9708370260996014
0.9613673868616329
0.9902798808186392
0.9648625222372509
0.967390947043161
0.9957024161971159
0.9737743035411685
0.9839473975374208
0.9920637246078953
0.9753230437903805
0.959866733884225
0.9823418777395067
0.9873597097834712
0.9799195002797093
0.9799386847445918
0.9693710913578414
0.9754110966884647
0.9399585250469833
0.9880710666670224
0.9668415846017937
0.974696626810884
0.978025710404037
0.9964940563298718
0.9818649610163875
0.9862779512662123
0.9897079824690993
0.9861290492366118
0.9889336901931661
0.8710368264688909
0.9884294226553406
0.9860497948147351
0.9710042109814357
0.9652402671560888
0.9928662611699332
0.9806356783997184
0.9727632649263251
0.9860644506470438
0.9855128303922324
0.9934070231026295
0.9879622335450873
0.9680036279351003
0.9720366150399753
0.9839273887008085
0.9877829974823232
0.9769088177128783
0.9811122666920384
0.9835404261177847
0.9768694277910432
0.96335671050601
0.9796328013093538
0.9638397100103884
0.9851473398131995
0.9900790542925028
0.9748938933599276
0.9911474118593859
0.971723044397463
0.9665964373226186
0.982873417721519
0.9915727708436082
0.9752287766681491
0.9835523661219988
0.9790268217961907
0.9877843460041904
0.9823934912939047
0.9751304731814354
0.9858342550489534
0.9728187347635724
0.985061289365645
0.9882959855863972
0.9558931634403333
0.9933543418780255
0.9902979848450274
0.9820267248497707
0.97820593941578
0.9944328111086376
0.9555237341907377
0.9929047201162406
0.9880874382035857
0.9913995085886101
0.9930893752666446
0.9740924829560769
0.9884008257900587
0.9935185312964318
0.9811992205561794
0.9920695717476031
0.9887145379276756
0.9901189156050811
0.9559129726304354
0.9852684172790823
0.9917454762855566
0.9931462547694353
0.9820306258130205
0.9735742407411606
0.989643422328858
0.9829473962075994
0.9902123042186832
0.9844946925364391
0.9885270316058216
0.9918317483891058
0.9706500170204994
0.9950272371781831
0.9823022936567852
0.96988798313759
0.9766300134937268
0.9909810617820553
0.9672776680278278
0.9915877112191207
0.9651594454942225
0.9799571535845223
0.9871653550287989
0.9789204197653616
0.9932018849880521
0.9881677784282522
0.9876699186751878
0.982577168158055
0.9740639582457925
0.982216967642484
0.9702721073191864
0.9888235240522014
0.9950759878419453
0.9885307274976998
0.9795745876559949
0.9778700130891963
0.986015980463371
0.9916711287675966
0.9921640392132116
0.9727908954150043
0.9838198049098523
0.9947416426734653
0.9485783361573749
0.984071990758235
0.9798805116579958
0.9441954365004632
0.9919029418423471
0.9548617554277231
0.9714894603374491
0.9931830426516227
0.9554115744241021
0.9875042058731393
0.9825043799151965
0.9831985116678148
0.9580293074865986
0.9875156949161112
0.9778281202298021
0.9891488640217023
0.9791632085474544
0.9485126800365816
0.9744049507363117
0.9929024399545074
0.9862103660007305
0.9828363930738424
0.7921072923551443
0.9915987783249741
0.9888997941511122
0.9863487684729064
0.9354935248442379
0.985455578150911
0.9806599922803926
0.9912589234069001
0.9240059865825196
0.9897540611341019
0.9938985518528415
0.9878885316184352
0.9781034201923551
0.9647560963031976
0.9830837273488224
0.9898443266353666
0.9840534979423868
0.9826672653794342
0.9909318156694517
0.9755309443309917
0.9862965338291451
0.9952810819618706
0.9749559113199968
0.990709083940207
0.9942444111055546
0.9908538238281293
0.9907070786901657
0.9881435570816856
0.9948713538876064
0.9899496177727166
0.9842985982831686
0.9865303542608878
0.9908875427969449
0.9740762426388762
0.978363449634996
0.9944797738915386
0.9896715901711144
0.9832754651119611
0.9900900160193505
0.9691155506475253
0.9865489161410934
0.9750048226637639
0.9769629525849128
0.9916734927283124
0.9904656447085988
0.9893420443104294
0.9930408735805406
0.986113814807605
0.982065154085595
0.9851967187631399
0.9775900824194537
0.9913087402713981
0.9799481311225556
0.9853696136427339
0.9945428539993398
0.9886579828714875
0.9313845403722696
0.9876496607528287
0.9424183189943813
0.9820612001377443
0.9842634781423104
0.979308257436095
0.9755095706658002
0.9865342549914077
0.9878105471656858
0.9802166412958512
0.993558332560181
0.9961679737913234
0.9890356462783054
0.9708647249564607
0.9851671244714669
0.9899847247486061
0.9714342731704536
0.9910293772931529
0.9754714637741941
0.9623040120647963
0.980992992992993
0.9893241653849634
0.9900486685395481
0.9891180502238442
0.990577570823313
0.9849638792030566
0.984228182584225
0.9877750875992395
0.9537939481748728
0.9950238647279823
0.9757033368484483
0.9776735982176011
0.9872284066421984
0.9881310018526857
0.9868826631150895
0.9723781353525792
0.9814546607918742
0.9853619788527574
0.9733890921286331
0.9830301580545188
0.9827551574131537
0.9832365098610142
0.9371551117897124
0.9505110066848462
0.981405285289083
0.9883589658171857
0.9920528923597659
0.9828673574407825
0.9541419972289049
0.9884850786009204
0.9897877777336264
0.9929123852851204
0.9808850303279951
0.9693970845481049
0.9822938247677605
0.9954068241469817
0.9736327347382489
0.855455919395466
0.9827941696834427
0.9667186488052629
0.9767088762781355
0.9755352536816558
0.9736938469988907
0.9881064053202661
0.9715967292658819
0.7937169434408444
0.9803385273449434
0.9927439458689459
0.9866954869004584
0.9941573397758728
0.9749902630978122
0.9827216765878317
0.9839204143970712
0.9834142438854481
0.9732559872089491
0.9514446754720657
0.9940782189772285
0.9716461790414553
0.9729205770468552
0.9865134346208811
0.9849434407386032
0.971148338049478
0.9888080086386083
0.9906552635469801
0.992179008553471
0.9869388980633539
0.9723825023425556
0.9816643297549905
0.9698347386172007
0.990736632209787
0.9748416702447402
0.9710923090051002
0.9828114484562311
0.9824370340828911
0.9909232807057803
0.9872308317371873
0.9893532532142536
0.9872886490503849
0.9869424425087256
0.976696001505682
0.957141629395145
0.990415301950768
0.9894343815979554
0.991953074140442
0.9868668022411753
0.9937264034915498
0.9638078587843839
0.981243123238084
0.9813454082047667
0.9869841141517443
0.9817096540083012
0.9591929136143585
0.9843419616670077
0.9853460940333278
0.9932702978647845
0.9900992682918873
0.9928754880776375
0.9889762627555686
0.9844928916176905
0.9922791501772914
0.9975117117926152
0.9807626379106152
0.9960202281547689
0.9929704433409514
0.9791949871703092
0.9625483814215341
0.9867107888169373
0.9947892751582434
0.984852960923862
0.9259302030163753
0.9745005448601526
0.993328715632212
0.9894305988971059
0.9736010493660823
0.9844345152032437
0.9823865487257875
0.9929426984587246
0.9873742411719441
0.9831615037303523
0.9773011517425473
0.9616487215382715
0.9401802433301412
0.9771901622073275
0.9700311716473538
0.9947883429057647
0.934025384209886
0.9697766413373338
0.993255035997382
0.9697203639564189
0.9925087134074284
0.9885723305580542
0.9895113167372046
0.9687032598795154
0.9903660871708344
0.9944257811003787
0.9632474992932212
0.9935038447022405
0.9927816889792094
0.9820841911603662
0.9940997324528946
0.9832111247142249
0.8864764773888391
0.9786469028739436
0.9853552754245876
0.9942798350540223
0.9880973351798001
0.9948547863436192
0.9882416292070079
0.9841156576155445
0.9831418247725715
0.98046854451668
0.9795402900161847
0.9922816341160396
0.9685287447850849
0.9895027671665757
0.9863687161010295
0.9808092128772374
0.9652949653811209
0.9234597944808312
0.9499227588059759
0.9919857505121725
0.9933065226972234
0.9838771593090211
0.961281364913738
0.9761519968980225
0.9858722430832857
0.9714320727251121
0.9854907623952596
0.9769762205502773
0.9928630911643659
0.9927351962925085
0.980641863889264
0.960562593066858
0.9804956380471223
0.9687970190550242
0.9482267851051871
0.9805788552340658
0.9906245840334129
0.9590947784928607
0.9776864251836328
0.9805295209096532
0.9776992383891682
0.9963383762280754
0.9789101420406146
0.9908750203682581
0.9294071970706232
0.994993425710529
0.9866812463434244
0.9669827771407208
0.9802944548581412
0.9887287509238729
0.9899723154046519
0.9905804472105569
0.9819984868938304
0.988790387253119
0.9403579918892463
0.9869483024691358
0.9111600130405145
0.9763714924474762
0.9863949065684997
0.9847799981109927
0.9723142526706489
0.9971011705226136
0.9873079133762293
0.9975569445768121
0.9945121356857394
0.976111372821263
0.9852368220015278
0.9925870976704928
0.9789835778116549
0.9020303022878963
0.9883222582557114
0.9724149217382622
0.9894668566834759
0.9343448068365451
0.9945701710982057
0.976357544528947
0.9894087260002677
0.9872612724229284
0.9794791888693709
0.9531008647636191
0.9926037581153689
0.9865884854009418
0.9830431713132551
0.9862742351428427
0.9413571499697441
0.9723856948845632
0.9836541721845831
0.9848004582776398
0.9945791871325681
0.9813297072336568
0.9899876431067357
0.9580980737459378
0.9848657013991036
0.9894377552581712
0.9891351809518917
0.9878337720521384
0.985595487197187
0.9872513086405038
0.9903701243072189
0.9926762760796659
0.9722510074841682
0.9817912383069372
0.9834555818717416
0.9917741123007835
0.97891042047532
0.9930592923925472
0.9692419276849514
0.9938627779141195
0.9886572398819796
0.9858364965157781
0.9495204521939674
0.9880258715834578
0.8377640169868856
0.9535273019744521
0.9945231017403883
0.9476311206592872
0.9892594893255304
0.9887632516171905
0.989809728524799
0.986052891779353
0.988210993705036
0.969428461323801
0.9841941152571577
0.9943536993179716
0.9851684098912176
0.9529142969854367
0.9908113275928865
0.9813550569015574
0.989867230997909
0.9757315447601718
0.991434002264678
0.972965890012694
0.9835519756519914
0.9697210908721051
0.9809237829545433
0.9928979144264567
0.992095955105025
0.9710098005326271
0.9924639237979352
0.9852604779612001
0.9805177620530425
0.9793738552193537
0.9843397659225422
0.994467484510479
0.9883510606073719
0.9816057823581621
0.988306319677162
0.9673697665202418
0.980533204570551
0.9939119178000574
0.9880465942466541
0.9954940939210603
0.9834933570006993
0.9862817161612389
0.9886919082178961
0.9640084027543699
0.9833209188552932
0.9832279398467751
0.9920871099768328
0.9765099633022556
0.9898494356286209
0.9506901969039572
0.984393411085728
0.9705336752108565
0.9905761981690899
0.9767870803628838
0.9719123309309903
0.9891458468672345
0.98146084981983
0.9719159483151392
0.9899225118206368
0.9813321711338708
0.9866358103751336
0.9559177446779074
0.9534269081038609
0.980588660166125
0.9876107929343825
0.9906582733007114
0.9762714958904799
0.9958526063914938
0.9887170808942085
0.9676826595637075
0.9827406586235649
0.9602109238789873
0.9849735034774983
0.9792866834788405
0.960141200261003
0.9741810186171759
0.9641008923841734
0.9923581850689539
0.9918819797222217
0.9765734882146824
0.983548529237213
0.9360273463253376
0.9870873653242714
0.9895713281799016
0.9727924198518927
0.9926686017990138
0.9971870510628555
0.993126276206719
0.9944008000634575
0.9850698856416773
0.9876276867182106
0.9903072366649714
0.9785618888788934
0.9935250089105382
0.9905143899491955
0.9804532252506523
0.9758742613581324
0.9918695254724236
0.9887329741726477
0.9886557059497609
0.9907946053912111
0.9680598130841122
0.9733909755379923
0.9925017899494339
0.9914153853511561
0.9834398446150634
0.9824127086088772
0.9658568631693653
0.9902977056970728
0.9752719027881107
0.969619002768174
0.9882089183909921
0.9389542139739464
0.9879232511310968
0.9740543398116331
0.9834701963053988
0.9866558379967751
0.9814622118668989
0.989084316065147
0.9869573300510296
0.9875656124564421
0.992886347159507
0.9899095058861216
0.9784633823022026
0.9917104570781884
0.984172696987077
0.9942724538031801
0.984049329679283
0.9693830517849323
0.9941152868797646
0.9863088915942639
0.9784944775774701
0.9823230871876116
0.9840125773086678
0.9920211842936371
0.9867650696792282
0.9849327970675084
0.976005837754938
0.9880782774238502
0.9853031402197134
0.9890166121456898
0.9809320837802744
0.97759098530697
0.9893840417908588
0.9562741972215896
0.9842233446117131
0.9944934706595943
0.9916335045167218
0.9865621638343798
0.9782649915651982
0.9469930511268473
0.9716307778917104
0.9963912834926997
0.9911117059202222
0.9617534602737631
0.9981291790530822
0.9783788902215769
0.9907307503678273
0.9934404377718535
0.9899232101055903
0.9752317481885644
0.9958394636572839
0.9829981960616114
0.9909383886255925
0.9799653947727893
0.9825332767733281
0.9929299610007526
0.9873580939032937
0.9893573551263002
0.9867266041786222
0.9496695240034806
0.9948608072877648
0.9862320884126063
0.9895704602479122
0.9893454712669815
0.9667166487596963
0.972942971676579
0.98051996189106
0.9882284645402651
0.9930727410523711
0.9854199942662899
0.991280366910016
0.9863745057650875
0.9637087698034802
0.9912466610651985
0.9788379726242421
0.972947333554157
0.9923650937756029
0.9867646176327958
0.9984193236942496
0.9774113572862146
0.9931980169924385
0.9921705462663731
0.989866925422789
0.982208354394287
0.9743371814478474
0.9901697707805409
0.9934716665933969
0.9816464323073509
0.9934865393380677
0.9895699503315686
0.9915275676605563
0.9897209811712536
0.9829194026556441
0.9931627977305748
0.9898915348491546
0.9652756228666379
0.9905354972372405
0.9799492595071307
0.9707427768302235
0.9235999390555961
0.9839922024931275
0.990261791398943
0.9871168309304662
0.9729136300201582
0.9882850517922575
0.9409497357121601
0.9884589963902588
0.9900876289429292
0.9897142153239714
0.9931536965318852
0.9839458277833985
0.9822969420640696
0.9787762599716561
0.9404164947132571
0.978410907754794
0.982394972129737
0.9704427165598781
0.9686271143143109
0.9856819586991468
0.9494566969388121
0.9838900920411479
0.9720913821998766
0.9951739859480883
0.9630030872585096
0.9843710312009165
0.9936628423196783
0.9691589727798336
0.9910597371314133
0.9813794049088167
0.9907988357659332
0.9716870687260997
0.9855646506245532
0.988802738898399
0.9850286429499832
0.995292331055429
0.9462667647381023
0.9797272624816861
0.9933962624343224
0.9545150519114605
0.9799314733235438
0.977171244778562
0.9751732035499571
0.9922313336210618
0.9681370492793503
0.9811546035096117
0.8342515663580867
0.9893816967707866
0.9796861873255605
0.9777032306215185
0.979166083540926
0.9891973868026656
0.8403037412755614
0.9940378700115847
0.9514873508658032
0.9918041458268438
0.9789649316211304
0.9706081018561357
0.9867115152380627
0.9896613209593702
0.9750250881989572
0.9869004810928854
0.979104275918588
0.9177643289426842
0.9821812494127661
0.9841646421846646
0.9800872133689861
0.9900856853594093
0.980488499202915
0.9837212569930922
0.9878452448747153
0.9832728647863382
0.9861360396303628
0.992819319072233
0.9933745322860297
0.9838728406771866
0.9904605233205755
0.9935541016050736
0.9926294604003482
0.9934784129155741
0.9892589430313785
0.9925972753185154
0.9547570900738965
0.9934052612437871
0.9932458662832495
0.9792339481791836
0.9298054013733793
0.9882137244630697
0.973365534134225
0.9466083389631281
0.9833573037292069
0.9919061963345627
0.9657838099002943
0.9932703859165336
0.9888177783170049
0.9977207906241048
0.9867850733501184
0.9942142309074056
0.9779915799426312
0.986584243346139
0.988947103534604
0.9618465231051361
0.970276303802046
0.98475421363278
0.9718568277258575
0.964970183536095
0.9934648833988056
0.9375276042561582
0.9943107629173662
0.9056856460961473
0.9071285428669479
0.9881397151586083
0.9892983475980804
0.988654365126574
0.9809177775098247
0.989292098074264
0.9916436333799489
0.9872356207846867
0.9858303790564494
0.9901043822035167
0.9726868398062107
0.985473371401158
0.9855838031483207
0.9805069526399507
0.9842382912462082
0.9584368989010765
0.9921600990303281
0.9850453570097781
0.986594287908197
0.9768052610618992
0.9920647911338448
0.9927372397024915
0.988818814543079
0.9844997485490601
0.9537688824626156
0.9785158479190584
0.9803331326510134
0.982797046942471
0.9607391145261617
0.9791003018627138
0.9865835288307199
0.9711080698553064
0.9886615440839721
0.9913944870854966
0.9748117596817334
0.9934226702729284
0.9892716318183181
0.9805434810900856
0.9723668946757871
0.9816502343594146
0.9944274655765534
0.8756064405109256
0.969652924629578
0.9734883461017517
0.9950554603063341
0.9964115960720576
0.9823800503760693
0.9694380245712201
0.9955616055694075
0.9742340058656213
0.9779465363015981
0.9842089633791441
0.9892681758749657
0.9935485193890445
0.9865067466266867
0.9883116676244589
0.9841642668399123
0.9845494241652705
0.9933122915469155
0.9820867640759602
0.979809793744024
0.9410820966414051
0.8928798212605833
0.99392291699984
0.9542351374595036
0.9887635874267822
0.9910951172685261
0.9922584813095762
0.9833443803245991
0.9952333263968369
0.9733010868837885
0.9753005829120458
0.9898658597638189
0.9964477306847801
0.9861369909615965
0.9753832571723644
0.990074092043803
0.9898336570125813
0.9799729237663974
0.9775333402445647
0.9921681835444215
0.9782104617063356
0.9203988215154094
0.9798162257041907
0.9765139576525551
0.9951099710746056
0.9743446080382013
0.9924415614105275
0.9909937914720275
0.9772494733674391
0.9932091090107559
0.994811116789182
0.9763622900517237
0.9835307137900222
0.9975189576392963
0.9768707669527544
0.9685912766199749
0.9872966577505087
0.9907464163454874
0.9867138182899825
0.9796720205965808
0.9872601507213824
0.9940823739693644
0.9834664000282798
0.9852502984002313
0.9824682809741206
0.9846901267110747
0.9857198186625948
0.9660348481280904
0.927857059404694
0.9925480481763048
0.9935905939228555
0.9897495282209642
0.9924789514631911
0.9942203014350101
0.9832513275198519
0.973511854850041
0.9772164318342662
0.9909421849130926
0.9888391187951483
0.9906056966843181
0.9900563259057275
0.9769432716762276
0.9812717176534714
0.9915804666827038
0.9870919561212805
0.9705281330373815
0.9887246096775605
0.9851366995341446
0.9847866281737003
0.9846636479068129
0.9845896541976821
0.974034904923157
0.9812793383503464
0.9908654287832465
0.9895746407180784
0.9814562598218963
0.9813900330704747
0.9882601166361976
0.9931040563021796
0.9861008985300713
0.9899978213076116
0.9745774024745603
0.9871932029627102
0.994991784720144
0.9880030191077742
0.9954443306376408
0.9872723103131962
0.9755508985838572
0.986483716883747
0.9962037481979817
0.9856987000013144
0.9825116991610116
0.993484071731176
0.9821016389637519
0.9922547605920522
0.9936109328970357
0.9867487071172039
0.9777572027667338
0.9734520934331158
0.9916358093459663
0.9878914679320993
0.9861227145360314
0.9906154419244859
0.9861379658048595
0.9923922413793104
0.9950127712610244
0.9926728331421436
0.9817011439602913
0.9957113575868701
0.9819132953917074
0.9970691007755476
0.993948310972565
0.9910570856035639
0.9826124604464209
0.9829870644649832
0.9923101617953929
0.991419716331547
0.9894090661665916
0.9814247776052475
0.9403872971088518
0.9912035145951104
0.9900534046421551
0.9915460855751632
0.986459232004205
0.9876052264628415
0.993998175561208
0.9914330960552519
0.9670770713118821
0.9949941085846545
0.9796571697769784
0.9845992211003329
0.9911917713234776
0.9939421304135154
0.9756384289089146
0.9589376402704041
0.9867094718122834
0.9881366949900172
0.9965452643359366
0.9584776842594497
0.9718532738404068
0.9949611215591581
0.9875231768256687
0.9929045065971612
0.9840445829490889
0.9484889235470113
0.9900532488347974
0.9949896382571286
0.9715241172136257
0.9946781960943605
0.9810237218257746
0.9921934085921225
0.9959354847261713
0.9817193450980988
0.9951994347134048
0.9908757330537628
0.9989065400529656
0.9829440870020434
0.9903930344836431
0.9901291007779857
0.9873675003223221
0.9843243856644728
0.9920903721803801
0.9504261360227144
0.9724904113212538
0.9906015465089834
0.988353794334726
0.9920461214485449
0.9883898722367637
0.9957137754494583
0.9862097785206854
0.9900566983740219
0.9851973803760803
0.979126447699585
0.9769447188694643
0.9796878287036613
0.9903809894916789
0.9772263384367508
0.9949674685001381
0.9911802102293015
0.9961538939236492
0.988419804231781
0.9839939464654983
0.9745918505866752
0.9762074514676825
0.9850466980878775
0.989367345346751
0.9792877250994235
0.9780231958638701
0.9892591834192866
0.9773478211927984
0.9792676469390249
0.9875219216265784
0.9853397000921504
0.9856578539201866
0.9963837491698619
0.9833176283074655
0.9886584219457704
0.9955851569933397
0.9952542481167731
0.9784316321746941
0.9872364905590213
0.9889633839257798
0.9932616422127039
0.9964157168566287
0.9863908768386807
0.9868620401148723
0.9858721540896785
0.9970106302484526
0.9804198159096011
0.9887333959255782
0.944987175021375
0.9931952159284849
0.9927964153831388
0.9906757140277097
0.9892770334836173
0.9963176166999526
0.9937711134551961
0.9923156911471828
0.9935518686090173
0.971340327091757
0.9862237286976444
0.9908836469709749
0.9940361831572206
0.9569712109923356
0.9864689730917079
0.9973277082228986
0.9944005112991386
0.9940819577523543
0.9798252714433249
0.9930258561330141
0.9919936616488053
0.9825121563302875
0.992575039825167
0.9924578967738842
0.9865374817336386
0.990893807291352
0.9938267762284196
0.9782092509206545
0.9952166715752485
0.9950708227154261
0.9874717277457958
0.9905075843243336
0.9958420053449049
0.9931050362657183
0.9687768045529392
0.9880558843341947
0.9773347579285305
0.9890507463789991
0.9806333308861066
0.9901690831904548
0.9859841468627436
0.9835582098355821
0.9962802127919482
0.9985103430212572
0.9776899304380112
0.9825555750643433
0.9858453473132373
0.9932217693183631
0.9805181104208182
0.9925047947544823
0.927320875636098
0.9783852200559577
0.9893883938713178
0.99231951317435
0.9857258906812115
0.9942928985546924
0.9571548117154812
0.9840519699116322
0.9826376403762475
0.9899303476775259
0.9915361924211482
0.9942033744819111
0.9932754107834694
0.9977510770097952
0.9928167168906125
0.9906794939868186
0.9895857100948532
0.9924401778255162
0.977863996915338
0.9787715026201869
0.9921172219120293
0.9961661037472302
0.9516863908211948
0.9946480154752614
0.9930493606898603
0.9854923289042001
0.9979993338417172
0.9950905948497674
0.9946957020057307
0.9846401074256909
0.990169119232653
0.9844494355985152
0.9953883858713146
0.9796783386883043
0.9925734062496534
0.9936083938093094
0.9855416567940977
0.9675830663654044
0.9906004666529286
0.9929368693273855
0.9803481463127875
0.9907273201409399
0.9829018487807875
0.9865111648194052
0.9902355708268231
0.9916145409557935
0.9969247303474084
0.9847752350981491
0.9889295273328569
0.9916699895670034
0.9919412985368599
0.984316037285898
0.9885696373113926
0.9889868173636739
0.9890198857828238
0.9910238254750854
0.9898731397086559
0.9782266968579822
0.963574685796908
0.9940806459184153
0.990705352664641
0.9966245043417156
0.9914623265544719
0.9865858916743111
0.9896627524930955
0.9847150035066146
0.9758096349852732
0.9739861243321585
0.9848365880020744
0.995372959283994
0.9913997777328754
0.9887164408614431
0.9920088113985752
0.9923498425934892
0.6273477027755547
0.992768231161879
0.9923443430051784
0.9853238966538485
0.9863164902936435
0.9862298375909371
0.9956908350773089
0.994617759133414
0.9985804312863098
0.9923262941148302
0.9974595166506267
0.985115751874513
0.9852537308201232
0.9933957847373851
0.9789109448101473
0.9861803652214114
0.9885659763498718
0.9925611932687405
0.9961732570303977
0.9398688295466868
0.9132307055527255
0.9863669621408823
0.9743150075050245
0.9828904276085285
0.9900132642075831
0.986532387690468
0.9926169528150709
0.9934094181059175
0.9203080278579386
0.991098019785808
0.9933230383995667
0.9932512348620711
0.9866426264863266
0.9846678298821558
0.9926124872795662
0.9880852495063398
0.9941918364462263
0.9652768272196397
0.9949342837130732
0.9893719012792067
0.9402245331689353
0.9973769476556329
0.9931284119246063
0.997259981150225
0.9671436506051763
0.9844272585266749
0.9972386130581352
0.9870280951320409
0.9852580277211296
0.9869765327261667
0.9782380796530775
0.9845161965694862
0.9695168877534757
0.989787982526911
0.9909849773043466
0.9899285584124923
0.9837836442446017
0.9928336741347548
0.9949601190884665
0.9930532487276413
0.9893619821753972
0.9841439186593681
0.9864111811165046
0.985404294198264
0.9847240302754513
0.98506043837141
0.9897679588623632
0.9942531305134351
0.9973330390479869
0.9938453402387096
0.9901636352711566
0.9934311600521522
0.9839159262099139
0.9713690853366783
0.9941852057102066
0.9724896836313618
0.9927542438205519
0.9940080241198396
0.9915201031316184
0.9864706564420447
0.9969077877276709
0.9835502519741521
0.9764412179425294
0.9947975807945366
0.9719118345567305
0.9841688966308164
0.9750062217142436
0.9827453551315496
0.99179681564906
0.9917340588783551
0.9873190639148086
0.993406386271944
0.9900018882869804
0.9933679158055042
0.9875854796446604
0.992971658109762
0.989071146115026
0.9904647064618168
0.9882191588496183
0.9943393159369293
0.9922118928750989
0.9921882388029302
0.8850817066383196
0.991543412284159
0.9868753593005977
0.9887464199855718
0.9959106704934069
0.9809798153970991
0.9942974403669069
0.9905907876321548
0.9907280167922562
0.9914103980770939
0.9942810961118302
0.9845939486397153
0.8404655179997361
0.9825277751400626
0.9942431439254136
0.9882669335800259
0.9911387815786588
0.9761809853332089
0.9922136449972669
0.9650678712815202
0.993669577119479
0.9919759446735913
0.9886674887584006
0.9873182670530648
0.9923048234434757
0.9961795606494747
0.9916709788629104
0.960609999133524
0.99116564549128
0.9931264817956217
0.9251008489373231
0.9887238148380647
0.963654566691443
0.9772958355868037
0.9938678630398887
0.9870324393637628
0.9840009854407528
0.9941857180091461
0.9339984273638687
0.9891342351757163
0.9933773772060928
0.9911807025894376
0.9800549576934587
0.9902609615985413
0.9902571529946894
0.98845768800424
0.9535413852141081
0.9677270732245525
0.9959211540508719
0.9925105049591274
0.9871687764908008
0.9795028653003418
0.9930676440189306
0.9811008537243014
0.9957609977608496
0.9772857187169045
0.9922636925757975
0.9870242256707279
0.9904891745382542
0.993105993039241
0.9932825609199851
0.9973671232440859
0.9933807119797197
0.9603390767746528
0.9893894951285993
0.9831521921438395
0.9860386806847268
0.9832112578688423
0.9985405720957384
0.9922085281201304
0.9889140427224266
0.9875063970284771
0.9889386107508813
0.9921915134700166
0.98488861907121
0.9838269506084467
0.988513752668897
0.990898222758862
0.9928677976250943
0.9931370436395217
0.987877729205035
0.9905726678613348
0.9896161736859127
0.9918994152359083
0.9888421120808303
0.9607543942089896
0.982605121953472
0.9910866645739466
0.9955881088517261
0.989629992354149
0.9408776877508692
0.843989803842016
0.995221152140569
0.9623998300445639
0.9879141372317604
0.993849680665073
0.962776617063915
0.9911630518901794
0.9870070410895507
0.9841254500205379
0.9833672465266775
0.9927523363448689
0.9971110343950433
0.9914664879818884
0.9836908138896052
0.9926606185873238
0.9864993770056537
0.9955082821697657
0.9924743581962736
0.9757355094142659
0.994994635275757
0.9933242566647635
0.9935273815227275
0.9913203180034216
0.9942177646863591
0.9732592381495203
0.9813747828255714
0.9863850716501993
0.9873086692849176
0.991408446895955
0.9951352864378488
0.970026067864162
0.9907718963874209
0.9883538269866204
0.9896199370226395
0.9841916107466888
0.9926058894183176
0.9914995085368962
0.988787828845718
0.9902461568398521
0.9939467632364992
0.9961950792165947
0.9926291261081048
0.9910384709184328
0.989200912500406
0.9864857831826934
0.9954295777600738
0.9875258397932817
0.9163458424783218
0.9767064285018033
0.992157122333201
0.9923257673696645
0.9925018524184659
0.9264846915533818
0.9610180694587126
0.9932263726483894
0.995150868527998
0.9896434288415467
0.9323695602335711
0.9964129898549486
0.9936021505376345
0.9949767802279957
0.9855064729376118
0.9905801209372638
0.9009158267752773
0.9894913197334436
0.9929263100061809
0.9874218831436358
0.9931883365200764
0.947584619353473
0.9863379393801803
0.9934517282189153
0.9929727368729508
0.9957250441799653
0.9896245719314242
0.9899029126213592
0.9941047547208904
0.9930279350521735
0.9717472736241142
0.9768638719751638
0.9768226418483508
0.9592719839147091
0.992956582052598
0.9974866013675846
0.9758966461097698
0.9961456039049943
0.9932689663601088
0.9923354879253075
0.9849143080376218
0.9862141087373998
0.9853968782480753
0.9597253732779449
0.9311713804439373
0.9874050026510888
0.9904291574477111
0.9952161615316648
0.9813683526774064
0.9942888525915007
0.9921540032626549
0.9870952994988683
0.9889034628691038
0.9910772281985653
0.9897457147539869
0.9874852893003166
