0
0.04502464930283732
0.16930182015756587
0.42578675798379223
0.4701550049925949
0.48315689265601525
0.4523197880521932
0.521579818905683
0.6986461612564725
0.6415413823182308
0.6008077669902913
0.6146097162032275
0.6095264558463627
0.6482229435394556
0.6417900802134199
0.6886629122776302
0.7241212208592152
0.5915214374163738
0.7768601354677712
0.8422144994690607
0.7745359110763704
0.8162915304068089
0.7864522326808181
0.8006428626752382
0.8495918720412688
0.7957563895846643
0.8407017058108319
0.830609542452481
0.774988215212889
0.8043120229966056
0.7670836234202749
0.7976350061979366
0.8132448583829136
0.8313199481243095
0.7857688930213338
0.8508719261118494
0.8689430683532635
0.8347698384962442
0.8259898292771521
0.8325599202036797
0.8447609530574651
0.86632289830001
0.8826081930257714
0.912617587374869
0.7287587684756132
0.8743990278213702
0.7845327356367278
0.88672719263226
0.8951216690022756
0.8371897872604932
0.7243704817815729
0.8123729402718332
0.8574616939396664
0.8345032497678737
0.9006627779455473
0.9136387528471428
0.8684403467012163
0.9201449698384899
0.8552908582408011
0.8690139886321092
0.8208564867316852
0.8930529889875453
0.8636717797303393
0.9320812650985173
0.8874340768796343
0.8290400881766505
0.927133836543357
0.8630497131931166
0.9011632479122963
0.8618083854762477
0.9051455013523642
0.8703340417415945
0.8842775879556705
0.9069223437155308
0.9290474366991838
0.9251855600539811
0.802253994513776
0.9302035085787435
0.8107619823585674
0.9041000219599034
0.8924653256220886
0.8908601877696016
0.9030183684857905
0.9031481157437602
0.9217786831983984
0.903286809449311
0.9272333925762729
0.9379407993160932
0.85547217620115
0.42050337555795664
0.9360171552227796
0.8722988592641517
0.9282083832449639
0.8868383646131978
0.918100770638505
0.8650002243000237
0.8335859710628026
0.9426406443523013
0.8930912048240568
0.937161342088291
0.9028076655625425
0.9167498757562909
0.9028986500376893
0.9429327286470144
0.9296097908602132
0.835694011959547
0.8450929728800095
0.9248010590855724
0.9376336138276097
0.8845252994189908
0.9585753322593238
0.9130326038410005
0.9468909947803172
0.9062389794851216
0.8428538018534218
0.964343638186973
0.8603394140444742
0.9402024749295266
0.9332125957478962
0.9401830624014808
0.7308875292863567
0.9424445448226056
0.9221271054373119
0.9300949673142844
0.912971724715199
0.9207571083643504
0.888355541651595
0.9286082046896408
0.7669048665380133
0.9551215884393212
0.9303803593896184
0.8718594055109569
0.9181753629423076
0.8812316484899329
0.894767477032195
0.6943811254556341
0.9161897887989552
0.9265107308063224
0.9265295458601573
0.8551306348431306
0.9089391669517417
0.9340419015454402
0.9405743931910632
0.8053617157823891
0.9144055893029789
0.8711814797047701
0.942649311111735
0.8898167689821453
0.9237639996931574
0.9352012710757105
0.9433225079533404
0.9014173340790899
0.9448060352797604
0.9415013349094729
0.9229066903389554
0.9541054446834003
0.9027877930690781
0.928149103243193
0.9455407501921153
0.9628856500048909
0.9540372082561368
0.8660883841168326
0.9122749775844661
0.9159368419149878
0.9335003473824605
0.959545403421233
0.9294402533296079
0.9272643981737404
0.9649880913442269
0.8849859131331925
0.9241100253970987
0.8116524244173277
0.9217088175766714
0.9369554564903013
0.9431856437069904
0.9209363582292464
0.7699679647477055
0.955385167949779
0.9475543120043989
0.9507969178259296
0.9364512926328583
0.948040912557592
0.945556571088486
0.9509789546446109
0.9191538731790216
0.875540374043573
0.8998641392614938
0.9352217656974294
0.9050204872445162
0.9143107371211651
0.9534951124804459
0.9776782192537274
0.9189103384161167
0.7924596701105673
0.9182201532197274
0.8928262369784535
0.8560798444291924
0.9260312433802594
0.9493077126970465
0.9560215283835607
0.9519853342694438
0.9386785221523839
0.9446752285819988
0.9626550541039852
0.8919852587726326
0.589606636860313
0.9146056335788018
0.9474764523858026
0.8934095051960987
0.8916505616181578
0.9642154416041382
0.9598661193667948
0.915450464701486
0.9557684893658035
0.9189640732830265
0.9457654231022163
0.9460339833778825
0.9372351835827123
0.9554949702573464
0.9368465693900785
0.9162103754464935
0.9389115886518776
0.9606674759020484
0.9194959752954667
0.936646513207078
0.951420190073069
0.8455588619699174
0.9399486575916964
0.9572202084095748
0.9294578573790928
0.9543638124904275
0.9600171237292594
0.9406374939947398
0.9506995759376349
0.9052658170133979
0.8878910389763316
0.948300813413843
0.8607363962202672
0.9369892199573886
0.9303994087056315
0.9185135531442457
0.9537698077711584
0.964628535055015
0.9414134248316891
0.9053300180895368
0.9442528693376077
0.9442236383418079
0.9456866011308448
0.9692707785564724
0.9599489382049815
0.9166466999136322
0.9715272703115658
0.8061664360309417
0.9141987570847989
0.9260237153077084
0.947812927355059
0.9483292632080529
0.9437358521172975
0.9215404707819338
0.9695263232123789
0.7891532540237929
0.9760447341428713
0.9119891506743157
0.9586847961084661
0.9513035592836092
0.9493945409896221
0.9652299550938028
0.946543124946255
0.9728335907701037
0.867127541422063
0.9546385454887203
0.9314801259907196
0.9188227460011376
0.9821675197010318
0.9630518057986268
0.9633847906670732
0.9273032131680957
0.9757083520878795
0.9592412128116968
0.9609989347233545
0.9566638473558209
0.9615295428593632
0.9496627180785034
0.939430950871714
0.7219605832627902
0.9408290943109396
0.9539470719974557
0.9336381673700007
0.8752690743841186
0.9673228314205434
0.9065749789725958
0.9646024981011055
0.9423706985652585
0.8397730822754252
0.957824226585454
0.9573514211886305
0.959259336674174
0.92892418995636
0.9038627849276973
0.9522144789565573
0.9490753208733204
0.9518764338125842
0.8989743348969427
0.9364512156843808
0.9057021476584771
0.9650389048023806
0.8988246395857831
0.9606325660276582
0.9289034587253783
0.9217018933273434
0.952234993614304
0.9689676025917927
0.9022716703665031
0.956403579914913
0.9412775787743989
0.9649253973734198
0.9268957345971564
0.9759875711119742
0.9335083802396151
0.95037375627614
0.9379182566010239
0.9242057418859205
0.8784630699968797
0.9667711620063105
0.9744301807702384
0.9405728216287842
0.9671328092169235
0.9235512376370603
0.948861298924676
0.9274108196168754
0.9423563869992442
0.9580981119847704
0.9408637245975985
0.9721576199043398
0.9422500360422386
0.9440337909186906
0.9483863405485661
0.9478384802154052
0.9178830239722681
0.9629402073965464
0.9634827922426301
0.8932113402061855
0.9563263967137824
0.9508112843617945
0.8868942288018024
0.9436397999726636
0.9499293449593977
0.9688674315008835
0.9577359167793666
0.9723794644479163
0.9362952781371281
0.9745877636052751
0.8544845068853129
0.9659978588942225
0.9771674703158055
0.9588799768659443
0.9508573351963397
0.9593784340515855
0.9633755274261603
0.9896243520212146
0.9008861692872451
0.9503409638319378
0.9401142985235149
0.8684338851908581
0.9432755083006902
0.9474168568328907
0.9460601549818369
0.9433286136725185
0.9573816053450148
0.9172714878996351
0.9712176430322337
0.9738244699751273
0.9794572722576071
0.9718691353725308
0.9486814643461432
0.9642322982402491
0.9394123216532706
0.9565790672362787
0.9681140242053318
0.9090013670598025
0.930409553443781
0.9621429027743094
0.9541678272754951
0.9441687813832946
0.9450945020253381
0.9670991950748806
0.9547829297560075
0.93003302209064
0.9461531181981641
0.9719551074363029
0.973259483357956
0.9459812172059922
0.9709398237061112
0.9526629264652235
0.9828331842903846
0.9281656719637592
0.9312122271941322
0.9705223385068821
0.9609206690194875
0.9252049007751364
0.9494372501198456
0.9697655709180715
0.9606616684011923
0.911558988764045
0.9675989607213816
0.9593452266768975
0.9648047852332065
0.9721193351593626
0.9429860862562635
0.9281382900226727
0.9603594742019136
0.9727804984912407
0.9157085538959506
0.9720007615049939
0.7311150996364306
0.976897493764105
0.9591590145055425
0.9317314863231525
0.9566746739876458
0.9214230658059543
0.9045693230109515
0.8929294975688817
0.9221389266698385
0.9514698536167632
0.9648879008830243
0.9776528253162183
0.9613420962897568
0.900837756602929
0.9612233389723688
0.9510516345860067
0.9481758072007473
0.9417466274470028
0.9369997675268175
0.9516490979419494
0.9373461189581443
0.8879012191114102
0.9116486584921695
0.964716042811445
0.9051330110815166
0.9584667355223281
0.9760701130445828
0.9770588778187476
0.9357084278578351
0.9255579333537145
0.9425435791309024
0.969291962028643
0.9755381756749257
0.9595386511596474
0.9360186171167398
0.9404862379220567
0.9730948674042739
0.9416554292246507
0.9318575057368298
0.9747946888218919
0.9606420439293215
0.9529594183311594
0.9699593182047623
0.9622524631425199
0.9572364196738153
0.9418962651269985
0.9398783247771606
0.9554933720481856
0.9758744421891273
0.9559251787002127
0.9317525498709703
0.9533301268069335
0.9238706098295983
0.9623506040616262
0.9613535048615255
0.9520805082456109
0.9306714932778634
0.9612819850090463
0.9622630520956621
0.9628958575930555
0.9518674502007426
0.9760677657001802
0.9780498422641595
0.9672535297179479
0.9784410488138415
0.9414789803717858
0.9682099663022975
0.9548750449128366
0.9631547156786608
0.9596956884046789
0.9548014974349494
0.9037511562306498
0.9770403914633082
0.9567698957538775
0.921719014571558
0.951620357716143
0.9684203459243532
0.9564666316191245
0.9661180462143475
0.9375095100238121
0.9564898050423924
0.9683714601927158
0.9648047618306916
0.9746998072836883
0.9023911876317126
0.9614155434551024
0.9721876616386842
0.9649207273917795
0.9585282641116264
0.9491276014294724
0.9495397001202853
0.9555873295948134
0.9770073118180985
0.9612477834511932
0.9715041683958792
0.9339362024156579
0.979599949353223
0.9582045615780418
0.9221240581863775
0.9802471280592412
0.8618188190617044
0.9545639023636048
0.9616853962145356
0.9581635644144805
0.9114799361029294
0.9732525960463261
0.970492769613863
0.9516771768844722
0.9627656623660912
0.9881566840152974
0.9621223217971424
0.944230155638175
0.9547331800703924
0.9830101592348881
0.9539186484484579
0.9359960844867278
0.9760885068176592
0.7483814598372865
0.960165226474219
0.965459839679043
0.955737079299787
0.8884281973331728
0.9666752187918698
0.9712600495105354
0.9651138369051419
0.9704863931108275
0.9404763334574411
0.9575824358601189
0.9338547360990349
0.9654436763895179
0.974166948654473
0.9703421744823351
0.9701043919134268
0.9496128384472694
0.9747030065704917
0.9490582968945324
0.9547698823006211
0.9855900377662308
0.9619412478897902
0.9542560687068983
0.9720474453197977
0.9733766233766233
0.9639022785048148
0.9797371506139323
0.9679393163940528
0.9506750618014326
0.9673056691436541
0.9690358344882202
0.9255680520001306
0.674509385159346
0.9921697066250083
0.9761180923156109
0.3048636664358116
0.9810251400346035
0.9788432788546814
0.9516448672215616
0.9629222805192984
0.9788884419274195
0.9553625742034275
0.9740556544214228
0.9762745527564805
0.9125081384173159
0.9119651450886528
0.9653284728388715
0.9658382332919759
0.9629685438099022
0.9609014325829327
0.9567114729812756
0.9701240536247094
0.9241001483756498
0.9671700933280036
0.9432109761737552
0.9859290629312173
0.964788156148995
0.9723983184010149
0.9793532804952398
0.9492174612753973
0.948433727204144
0.972960281411154
0.9490928924847084
0.9704885000982898
0.9513508286049192
0.9777211456780626
0.975239965095986
0.9598199740453378
0.9721185844566662
0.9702201045407673
0.9781257359815585
0.9594490765772175
0.9845690457942924
0.9117515082016253
0.947671589813417
0.9564539772324762
0.9499427800111505
0.9704485232340205
0.9357803734137583
0.9757936944620209
0.9298802292798208
0.9678628639373772
0.9503839660149229
0.9316417620803416
0.9597840606151828
0.9078482970205655
0.970664999388091
0.9418542229998409
0.9760308669075681
0.9645318668175573
0.9717935233317826
0.9674500908239893
0.7314386428728795
0.9824351139567699
0.9549847067689171
0.9876441515650741
0.9838489907890194
0.976967518890811
0.9688174733350013
0.9713333497306736
0.9716286077988205
0.9689532945883985
0.9831831794437561
0.9602025547950899
0.9784087490141693
0.9738852036567084
0.9859773768346265
0.9292593909025496
0.9677658058752946
0.9513287201256033
0.9800907483420976
0.9695900835886788
0.9696531573042478
0.938013856812933
0.9639645389290522
0.9844462322338429
0.9727759271505498
0.9688184811475754
0.9756974975099147
0.9572624039713361
0.9449440928860764
0.978282970301313
0.9741660922468307
0.9140429439364017
0.9779042509306398
0.9570097723014275
0.9812031186854997
0.9580359074194246
0.8984292735663645
0.9847345898026348
0.970682693074475
0.9817026254744532
0.9594121929134092
0.9825560463939594
0.9713592628832355
0.9817909187844323
0.9813134536553911
0.9798446343208752
0.982665149288505
0.9924775744390737
0.981828345243311
0.9752984874047544
0.9660097010294834
0.9567721369035789
0.9748322856849567
0.9438224458621619
0.9803864555523248
0.9660530646112069
0.9431800176554471
0.9592491603764174
0.9229168704953853
0.9564833131433859
0.9732881813199938
0.9594859575138484
0.9802589550383701
0.9967418272037362
0.9642961431828995
0.9198463634626174
0.9326281132823218
0.9862155320982335
0.9210608041630457
0.9567005332534719
0.9688866124063297
0.9863643999776006
0.9135277730758528
0.9844465643201223
0.9730530867894649
0.9226300304193886
0.9487244450507688
0.97715370040998
0.9657473220875417
0.9000315763621691
0.9701238850004491
0.9506389493815014
0.9724446106601226
0.9712046341750139
0.9428837747492929
0.9668153434433542
0.9614689775870829
0.9685037165614457
0.968830196373454
0.9606404130187797
0.965807431204493
0.9822949140047605
0.970225923504328
0.6121293000748449
0.9767248584115008
0.9820227628870338
0.9793512171484262
0.9368674511918369
0.9688830695024985
0.9665599135489077
0.9776103938228112
0.9764206431779326
0.9816264255232915
0.973733564673199
0.9468310297596813
0.9744251231060317
0.9776082455666577
0.9464860585146511
0.9751524106992754
0.9808791393511515
0.9450681055227117
0.9836067494726974
0.9513558438321544
0.9851236856718075
0.9546362556821526
0.9233018218611574
0.9558336479084907
0.9811561968487749
0.9900171429597185
0.9421951089890438
0.9566708746158652
0.9227555661958343
0.9746501410044467
0.9649138107552651
0.9810835295549327
0.9700790712083438
0.9691462189697231
0.9450895632028027
0.9555794638151858
0.9643613880301504
0.9124687240516526
0.9798870166553034
0.9711997897767859
0.9585457928542036
0.9047408005185974
0.9715703710076224
0.9752006115338667
0.9426663509863217
0.9625132840038659
0.964087134432543
0.9800995173023724
0.9769271997431358
0.9321532384059817
0.9512951569876305
0.9807432881097667
0.9699550128534704
0.9249989340382894
0.9774976560058339
0.8831481509425104
0.9663250927760261
0.9763634019510937
0.9575074167798682
0.9722181012016896
0.9538616891300745
0.965905195878783
0.969281738216585
0.9696543192168394
0.9766369460813048
0.9841114258850713
0.9841150416424053
0.9869516692769452
0.9851699175547959
0.9818294546179226
0.9861929663301484
0.9540007496024069
0.9778655592582648
0.9841674472281176
0.9644498147765395
0.9724137183489421
0.9721562604627001
0.9567821456187856
0.9799264228877375
0.9878143205638297
0.9821224863190728
0.9669746320985645
0.9813596852712667
0.9755833018567326
0.9763994481463
0.9660857612632352
0.9858220848470374
0.9626993148977818
0.9778591343493653
0.9544472583583117
0.9713567855341325
0.9848740483128113
0.9864848877866677
0.9686564768930754
0.9831162978335217
0.9776980038062263
0.973984011587421
0.9572947025544317
0.9773417932230554
0.9542378904672262
0.9777428333875574
0.944661025588745
0.9716572364368995
0.9372953212662791
0.9609332416392858
0.975169292071044
0.9840885909951916
0.9478313329523084
0.9458798014266243
0.9756159034567334
0.9780094329753897
0.9793960923623446
0.9745150907070028
0.9787891718775209
0.9838541050778296
0.9578139285144176
0.9360846850156563
0.9255339421074377
0.9823747894894687
0.9640784544185704
0.9825265859060749
0.9757020956229963
0.9799036184751533
0.9500696111488846
0.9526583079912574
0.9278409475083955
0.9737897719727701
0.9791962972194933
0.977845320294691
0.9791153460451237
0.9692230960724655
0.9939348929322936
0.9763681592039801
0.9733420566657194
0.959430517877904
0.9903012841024872
0.9427345089232323
0.9669573369735769
0.9654580152671756
0.9811543373811503
0.9667655335006464
0.9763753200550216
0.9379247987953505
0.9616889352245603
0.8833431167478276
0.952208770200055
0.9602908812553823
0.8943505053520406
0.8412332579579057
0.9770504099897733
0.9801607594653292
0.9713088879312937
0.9847375373433312
0.9733560912601653
0.9863743551952837
0.9709936733147698
0.9357013798268846
0.9679085348831308
0.9737505830847861
0.9850859972457441
0.9750924983494719
0.9697636997717773
0.9780161064021988
0.9707121476031233
0.9734667743329989
0.965247733914675
0.9882915070380096
0.9320607658190304
0.8637442628944649
0.9795135427728002
0.9775689458516047
0.9611423934128774
0.9748007258861094
0.9761564797700377
0.9745524117656209
0.9664483678468371
0.9374430382125508
0.9794748253432908
0.9575847468816845
0.8931245585118908
0.9695407193103207
0.8608474094001397
0.976943787019297
0.9882242771860003
0.9768703217799459
0.9798951254497142
0.9798899419226632
0.9896324206814733
0.9694768872779344
0.9773121442311353
0.9742730530404574
0.9827034589820691
0.9789798391819566
0.9761241128928458
0.9752984046156362
0.9864508140175099
0.9810311083945059
0.9830812495249677
0.9883925311551895
0.8775479860718088
0.9704566391398856
0.972169699975441
0.945834289648841
0.976728582352796
0.9785664516165432
0.9762117617308651
0.9677531197977295
0.9411009289906132
0.9074770382129493
0.979295204541924
0.9800936430134345
0.9830755237678379
0.9514021259925391
0.963132102460862
0.9305095690164452
0.9787970303259091
0.7809247036416773
0.9199375450396349
0.9610572891178495
0.9792644059153494
0.9672057547316515
0.935098446177147
0.9819928183191727
0.9649622478009993
0.9329906209940146
0.9250831616501684
0.9675766874915946
0.9810888187215785
0.9873244211239995
0.8155768261964735
0.9604818506060204
0.9772872665238589
0.9861390882294737
0.950377831784757
0.9405657793486625
0.9697713521275421
0.9526698789559163
0.9746858929361086
0.9380126901579047
0.9693324857803116
0.9817978278885914
0.9664531470440996
0.9715596201885063
0.9834798827604583
0.9797279473832302
0.9864185040952368
0.9114056163196974
0.9607022763547333
0.9793779707324376
0.9875831516903391
0.9615079412078216
0.9785711912120046
0.9629302111704574
0.9851850611848603
0.9605750896789247
0.9595881862534716
0.9419545498168292
0.9606294002833023
0.9733938019652305
0.9804015953789025
0.9334848770637316
0.978721435336897
0.984373964729745
0.9790034406997471
0.9701343683877142
0.9709799011360227
0.9856926639696385
0.9343611376660951
0.9780254140863176
0.9654120612583532
0.971251182902444
0.9858895705521472
0.9836681517965857
0.9425781002900804
0.9872936260349361
0.9285565990874265
0.9662107620250739
0.9440331282041654
0.9859097655167413
0.9767679374275361
0.9852851184633091
0.9780705443715686
0.9250325945241199
0.9737683162842135
0.9639103160706493
0.9877647344247109
0.9822269064104655
0.9736107768461724
0.9693453663867069
0.9781652518618477
0.959441881939296
0.9672892474110395
0.9726247464503043
0.965890492385277
0.9591508965458945
0.9823633687819112
0.979979870470856
0.9825751624002502
0.9724793076899255
0.993811708271237
0.9748298574786987
0.9822531510049151
0.991834166091697
0.9912418214067549
0.982705327121123
0.9690311678992628
0.9841052914612123
0.9914770041196731
0.9745802296137867
0.9926171624224267
0.9685990822195059
0.9782203612987781
0.970480973617305
0.9673684824448852
0.9699019476955484
0.9828693364600438
0.9503953861704025
0.9828431372549019
0.9482300035646714
0.980010815791055
0.9870529178609883
0.9791088122533407
0.9920414838107121
0.9848201566951567
0.9754519288382859
0.9683977729062797
0.9598717150268977
0.9781389900004184
0.9765509089526874
0.9700691286256611
0.9545468523658847
0.9424365245748894
0.9543864789145045
0.9687124713154247
0.9495662760614823
0.8456161673807937
0.9764828616855182
0.9894030788066853
0.9748648166854834
0.9637496459926367
0.9759613103130627
0.9765344433561868
0.9775364640077687
0.9767682915958875
0.8986310609014554
0.9866658799929199
0.9840853498600072
0.9740151086394843
0.9194964148472553
0.9735286718621089
0.9780294560075244
0.9722645954713847
0.9809238712512358
0.9788381853189356
0.9782481530428754
0.9550473273326404
0.9845493526532276
0.9663834667676239
0.9506150615061506
0.9643500099015249
0.9174846230341424
0.9685335678032553
0.9806985756270102
0.8708119163594285
0.8060606789018024
0.9717396455607797
0.9801797921057624
0.97814375528028
0.9728321081816965
0.9348736951730485
0.9485111540720351
0.9921870741501172
0.9755592895676974
0.9650385977578742
0.9834705257567711
0.9861840885207394
0.978015413460458
0.9878885420730914
0.9865040699609647
0.9825715146759125
0.9823449607294009
0.9862569369746699
0.9863020172981726
0.9792984819688695
0.9859449965144411
0.9869449874336778
0.9327928739428514
0.9466973670493639
0.9699372179551699
0.9044495941587781
0.9832646505034122
0.9774397362818488
0.983630968476995
0.9610123119015048
0.9466231056446299
0.9705603493875139
0.9516239061281275
0.91568803473609
0.9620920578164298
0.9031153012824267
0.9565532709276245
0.9514588087129034
0.9508155038260687
0.9801526284287218
0.8638870235289107
0.9242851389448248
0.9759061793637177
0.9839694423844693
0.9685918419629387
0.9768800024041592
0.9846323077420815
0.9723539689368464
0.9775447085363063
0.956388897822661
0.9863373145132103
0.987564028358164
0.9799599405837082
0.9860940056001272
0.9726109479463376
0.983509614545962
0.9672450574397937
0.9445966324103447
0.9465878904460933
0.8947727358836084
0.9659780194531669
0.977622103207335
0.9900228686911663
0.9713237623363827
0.9687216625023027
0.9593217232885425
0.9786592205870761
0.9850186809925656
0.9737646701786014
0.9872623446984266
0.9715353638828298
0.9799728311415994
0.9772687793135966
0.9879385540874422
0.9295586845874859
0.9742205702126513
0.9590086505061625
0.9846462407159966
0.9860743969926723
0.9782669056213242
0.9755190200388262
0.975527744270205
0.788630290224349
0.7837837837837838
0.971048442325921
0.9730897403811958
0.9825211568751653
0.9373643410852713
0.9421973016528375
0.9762538542995871
0.9452959102189022
0.9309154556062375
0.9744578490240364
0.977282051433412
0.9862692869100536
0.9791832290622515
0.9891403736524242
0.9241980670240507
0.9891908338270854
0.9685555917011914
0.9587122474270032
0.9511336302960893
0.9703192091565533
0.9419999037913096
0.98664775926731
0.9780311615350622
0.9638422680169015
0.9863207797639952
0.9789047825458749
0.9800837122078692
0.9813299916032671
0.9793560197519924
0.97735516398246
0.9932139568657689
0.9790757692417372
0.9780366562964967
0.9752498229128731
0.9707519102991841
0.9503944193214771
0.982412562064862
0.9342693884720309
0.9678769199929841
0.9524871412723137
0.9878053305873294
0.9837297079753863
0.9502569213114602
0.9835680449353174
0.9767431689687333
0.9766602910707439
0.9703408879897577
0.9628480839641912
0.981515691295531
0.9853453023166292
0.8929656413272897
0.9591747120214141
0.9829561385940316
0.8215122923298422
0.9781665282392027
0.983296250490362
0.9911567491383262
0.9733749941227512
0.9143202776848491
0.9840469816046291
0.948657335950729
0.9680259732693535
0.9792828850071877
0.9792335020265944
0.9777603997787484
0.963219699856968
0.9718195366481507
0.9775861700411782
0.9520396912899669
0.9698174135341627
0.9762392640711515
0.9616854990163759
0.9685418376115315
0.984333551433629
0.9714194645133871
0.983187025158358
0.9186027691538042
0.9538845925044617
0.9863151862464183
0.933986388769928
0.9808326114446735
0.9780765653814779
0.9903119395673592
0.9889842192869033
0.9834639280176312
0.9629919829211238
0.9694279907589154
0.8650331365277857
0.9730400862043018
0.9458658120949047
0.9732727369655614
0.9713913850158536
0.9739588056739557
0.9783162547153876
0.987405517522205
0.9700849256188372
0.9818341260033204
0.9670655571922663
0.9686353019686353
0.9687132426059039
0.9764010459049846
0.9822240383279182
0.9874710896715787
0.9812040854035388
0.9499893297221249
0.9843701980600922
0.9714169345571443
0.9789955411252231
0.9807172853533777
0.9676524037667272
0.980121226387336
0.8595453660436138
0.8826454500248633
0.988913342089696
0.9758993063005078
0.9650762051010149
0.9907085892216003
0.9852289183468865
0.9843191672603557
0.9812387880036909
0.9568935260888527
0.9788349631329157
0.9831689974596114
0.984842430786443
0.9845252524208367
0.8960867232485731
0.9899102263856362
0.9759957366945481
0.9824034021497776
0.9807892507743141
0.9373540178959838
0.9599384615384615
0.9839545096272942
0.9729367538885249
0.986480777355302
0.9828821750077551
0.979655340190321
0.9890952393976818
0.9805009851135388
0.9905291283414971
0.9604507197868262
0.9776377752033085
0.9839608895183365
0.9757517796933803
0.9906627970821241
0.9762838777902695
0.9843928858102874
0.9594255261105944
0.9652317787778171
0.947360306188157
0.9909274297300357
0.9742436984969146
0.9710920004677783
0.9866407958107668
0.97539013827745
0.9837907771924961
0.988131243513233
0.985137226158482
0.9446225155257717
0.9850108859487523
0.9706983138633603
0.9852351848670053
0.9689598255677708
0.9410278830273001
0.9695589884389604
0.9768051074937819
0.9769310305377291
0.9586221386565702
0.7484945997706629
0.9785386381025248
0.9500787566943191
0.9615842763549732
0.9802110142255342
0.9875810693342967
0.9827717494764896
0.9796095374002448
0.9204601377952756
0.9342614774544833
0.8821808990792562
0.9697784215683617
0.988688780355447
0.982059525884962
0.9862970439105974
0.9633377286017314
0.9898091224067267
0.9893901861498671
0.9469810928945143
0.9745564868076515
0.9733542906328356
0.980239467683101
0.990268683089076
0.9762733708477037
0.9616992647412177
0.9626323452013971
0.9810861343845223
0.9686136173840015
0.9855459615231821
0.9474800399201597
0.96905892044563
0.9760981902105075
0.9845290952117555
0.9106958373840525
0.9755324144132699
0.9736693443805314
0.9694451152432316
0.989190299584712
0.9804964149437158
0.9912567187375844
0.979950267681446
0.9688773205604676
0.9827387291444799
0.9330870563863507
0.9604116840998939
0.9861040403177586
0.9742184236375337
0.9795887684738559
0.9825764756570444
0.970178832073479
0.9906851410007136
0.987975212230705
0.9841992909549359
0.9677937043693411
0.9836679196992721
0.9634723319598208
0.9850486437988363
0.9752086257994073
0.9837694305406416
0.9903520307239759
0.9735787635646042
0.9603205756100371
0.9883787817928462
0.9747041886265068
0.9239726471876571
0.9615104826301301
0.9703993576166462
0.9781701501955579
0.9863119717134315
0.9777106332893776
0.9735240190685736
0.9873528993693282
0.9690675746464117
0.9821447749099347
0.9910929140069444
0.9581286324374659
0.9868839109705906
0.9817015913188011
0.9305161044327462
0.9855598329101483
0.9199243823089774
0.976828704403929
0.980515303538815
0.9898181432877057
0.973730159692498
0.9882074945444322
0.9895687434204804
0.8986061223829401
0.6765744475311506
0.9834906368841281
0.9899120016140798
0.9797526429331433
0.9805950297514876
0.9593716441336013
0.9674321211233471
0.9433749412440591
0.9333623392085401
0.9858830870523706
0.7789417136717701
0.9895680085595827
0.9891397323883424
0.9749809086624128
0.9618044265873937
0.9860894936765876
0.966053101260714
0.9485839140759181
0.9826289792912924
0.9807277646081937
0.974383692692619
0.9639297762037163
0.9789587839709548
0.9855999595433456
0.9873273703604554
0.9734191953752974
0.9555400372439479
0.9582730614467185
0.9823603839441536
0.9824105879064903
0.9802808860470427
0.9242159742213232
0.989503926942201
0.9849809459762385
0.983842845519005
0.9938549000271049
0.9708774195441938
0.9894814630642577
0.9823127387856371
0.973664487451941
0.9773284907183212
0.985353748899625
0.9690553516948557
0.9808357438230482
0.982532552969466
0.9688079618757899
0.9878739665495396
0.986936015115049
0.9671120768004869
0.9871217239951302
0.9675234555253468
0.9756304010889396
0.9830469678197586
0.9818127421962118
0.8117411557817148
0.9806117167898651
0.9830463302186634
0.9816631202849243
0.8929621924097855
0.9803688739880784
0.9600307535393752
0.9774825224046522
0.9648551762227177
0.9418953625948692
0.9842455836396564
0.9625478566185951
0.9830604736153296
0.9514042745134458
0.9733373349339736
0.9778273627305587
0.9596390235457064
0.9779093006389451
0.9799777843477803
0.9894596717877095
0.9724089889027525
0.9833369698092793
0.9921096313453002
0.9795200175312517
0.9602814642223781
0.9773840865876846
0.9674030585934333
0.8756258314799582
0.9776705601403374
0.9905132486466148
0.9552742087120025
0.9596119261713204
0.9873559452618997
0.973295884742943
0.9983616705183229
0.9605697946170156
0.798123745381752
0.9581159407581484
0.9848585875423682
0.9791823696206167
0.9779275342541324
0.975746074451304
0.9783102724160746
0.9676962873115766
0.9727212790506016
0.9916145832062261
0.9748865499108004
0.9787995701152802
0.9476053089987727
0.9861845369135841
0.9904033537549837
0.9863197171195743
0.9660861649120606
0.9696640727250591
0.9524614726027397
0.9816672085636395
0.9886298359669199
0.9778765801108412
0.9788148808909204
0.9607988869603049
0.9895507161659525
0.9713397004840334
0.9853688882508465
0.9819825861471572
0.9847254293070042
0.9600340035656517
0.989714039528246
0.9777215592474434
0.9831889773020679
0.99444621782523
0.9364997937978414
0.9931889934723255
0.9901678506317974
0.951458277860464
0.9817327577261747
0.9452237237604164
0.9827896934766858
0.9893803756362998
0.9732888346611163
0.9862598201558364
0.9837590912520824
0.9956679111921795
0.9758121180037538
0.9449872723142253
0.9893348308322395
0.9566587568634501
0.9812118493141373
0.8816876398573501
0.953149014401836
0.9424505991637728
0.9745291898368452
0.9849854028263366
0.9621643671265747
0.982756947305773
0.9824677396237407
0.9884669897585955
0.9710499637943519
0.9760795239095077
0.974149664896214
0.9568261861056433
0.9660578990901572
0.9216945525520582
0.9851821713895356
0.9884697613468546
0.9812453392990306
0.9863542782122646
0.9501768210443593
0.9905610212530949
0.991344689931309
0.9883772864249375
0.9889012460564244
0.9077276393312647
0.979950733533975
0.9850238972907059
0.9812834654209062
0.9776472613054515
0.9481756913781083
0.9231110020131522
0.984978443385523
0.9246997030604175
0.9631115614094338
0.9876543209876543
0.9744104846906855
0.9840769387801392
0.9860068991950939
0.9831262178887786
0.9856238152356006
0.9438734289959367
0.9889531658610032
0.9838947733247673
0.9879726815337314
0.9726830072257385
0.9860619213460777
0.987543103765192
0.9075455574289212
0.9849115283951101
0.9781931215876938
0.993048101007003
0.9869061069156211
0.9848815366902988
0.9691374519605734
0.9732378929211649
0.9415011957108694
0.9485289735592681
0.9761058786420548
0.9815063579417698
0.9838760133944308
0.9797125481132206
0.9584862242676784
0.9742666408132739
0.9741915335597788
0.9806783144912641
0.9405140621392423
0.995405357905044
0.9541297607054544
0.9596226561762566
0.9568362177516179
0.9886712372933111
0.9807396624272676
0.9754447823674433
0.925217935426086
0.9701592171232974
0.986801552217885
0.983825623269585
0.9696339691470616
0.9679357830083054
0.987451044386423
0.9877156512914526
0.9852563611028115
0.9777786367102262
0.9896459701897066
0.9721241054308193
0.9488176349101198
0.9635049365303244
0.9591851749268614
0.9830809998295393
0.9638896820663239
0.966889464428125
0.9751122448591665
0.9713402415984428
0.9643258354700671
0.9968065693430657
0.9811664641555286
0.9894005950316367
0.9886383918087455
0.9769608570439441
0.9883622257243302
0.9698438275674048
0.9909907465197688
0.9811967600961569
0.909201606254008
0.9771374028453252
0.9947592478236397
0.9809712484092749
0.9756597717546363
0.987347065698753
0.9897621975162151
0.9822967173371773
0.988503082444662
0.9611910854006749
0.9774443896488177
0.9654909622194245
0.9852652494754708
0.9759002678011813
0.9753396941540039
0.9650335178927207
0.948847642505278
0.9823889916998811
0.9635780753960516
0.9726041701196672
0.987762517465611
0.9882703354735276
0.9832890113218193
0.9895193743776967
0.9755351681957186
0.9812885607363204
0.9273735051808698
0.9660698455969322
0.9900211203472262
0.9924706706356154
0.9453813666986909
0.9695728293739491
0.9914091017892406
0.9782767600164466
0.9919214857157772
0.9876181151016218
0.9876045595624157
0.9771472131440018
0.985024020461563
0.9764459476533419
0.9779036968935088
0.97415459043045
0.8329945799457995
0.9248901611668606
0.8471565945028926
0.9530348431192888
0.9888871324691748
0.989609765946881
0.9840698482324479
0.9823144815584431
0.9314248215896973
0.9861897534241595
0.9929840017364436
0.9748594622616189
0.989308252921298
0.9883221685180474
0.9870640115174758
0.9916032436784694
0.9799698002201886
0.9848120902767352
0.9700548291859975
0.992245737654398
0.986108293127663
0.9844046267221817
0.9923620676511531
0.9773842646689214
0.9819221967963386
0.9843994554584583
0.9055451791628082
0.9787537695586438
0.9720169916864109
0.9886614383829893
0.9835411699981661
0.9809528096584824
0.974847707863395
0.958207253431566
0.9550816268755308
0.9483364841045874
0.9887793798699719
0.9623607552898757
0.9785383075794681
0.9798407804484516
0.9680280808685477
0.9478293568182066
0.9894372997519029
0.9863353683627546
0.9739159145938807
0.9897928676087241
0.9883895717529163
0.9697624190064795
0.9838450608513004
0.985440264644823
0.9858218321955631
0.9837651768752763
0.9915174526470207
0.986324899769284
0.8182419022019161
0.9357544537174824
0.978353294852244
0.9922564242196158
0.9782853374867836
0.9896442837981558
0.9395803577254634
0.9868497115509397
0.9825806877766
0.9700341964888768
0.8757709251101321
0.9767934784515885
0.9595554266314275
0.9869051715763355
0.9573191432248285
0.986808870997435
0.986370640449682
0.9782592827063019
0.9764852329309052
0.9894986104846571
0.9847873000857303
0.9792749925470504
0.983797241633792
0.968261081156613
0.9844666819972256
0.9813644518838517
0.9684234438891413
0.9824406645021545
0.9903290417219911
0.9926966163955372
0.9695423501126483
0.9617774659583912
0.978811504599112
0.9908037798144248
0.9296794208893485
0.9579042702170019
0.9719758430707756
0.9806047054248493
0.9553342960142989
0.98168057417644
0.9832176672639162
0.9689942710857598
0.9874778848607714
0.9719236425056111
0.9545617434699512
0.9862981406724224
0.9778496696785016
0.9609096795079314
0.9798428432006079
0.9817437425562516
0.9765130099732243
0.9781146076791276
0.9801890170958623
0.9607208670393853
0.9813001536042628
0.9781975175391258
0.982865287408842
0.9778615087526797
0.972482676745651
0.92404396119234
0.9719654554933472
0.962276874470151
0.9743168490693936
0.9909220119270337
0.971368197079722
0.9807924381122812
0.9797345161540637
0.9911333895290373
0.938184318211158
0.9721749406420417
0.9886137393230805
0.9543762572796823
0.9551560477491731
0.952251561810539
0.9792970295103652
0.9651479732788809
0.9679527021054802
0.9471692400847714
0.984349871803119
0.9592140297820585
0.9889206054860453
0.9499247271673803
0.9844297593337386
0.9791935435480483
0.9281732284557869
0.9882120728718731
0.9843704291434477
0.9625303897596144
0.9757081455309922
0.9845650534129703
0.9737532994803688
0.9863634940023176
0.9820527380771477
0.9792279357883321
0.9826975082759032
0.9881062999442483
0.989664663516675
0.9932999310657902
0.9746693388643782
0.9877710936979733
0.9868096155990633
0.9878380214703084
0.9895553230875803
0.9841826582577317
0.9897449224372301
0.9774217559281182
0.990342418021208
0.9714472227741038
0.9854002887854966
0.9861314446246983
0.9574488617645395
0.985880868467998
0.9846568486804044
0.9665014222210747
0.9808040770101926
0.9923471247054251
0.9873708208966417
0.9915286462342634
0.9893673517037417
0.941764750169398
0.9858426737622894
0.9873209347001639
0.9804128290768418
0.9916261895865843
0.9812910274305416
0.9745880035680122
0.9841607237291355
0.981561346318681
0.9855880202129096
0.9777583366829814
0.955643643459089
0.9788694632344718
0.9856289428821152
0.9838595839524517
0.988459132385616
0.9818111921968921
0.9652175242755562
0.9802960294463153
0.9662581759215938
0.9400347538760774
0.9865498587458785
0.9517273390358729
0.9909651835110439
0.9471355035762389
0.99254095428082
0.99085746615186
0.9838500306856856
0.9798014762830544
0.9561585575989223
0.993202677653451
0.9696067874041442
0.9461235216819974
0.957021732050213
0.9883711025124098
0.9437306246289823
0.9775731658930742
0.9773582986686736
0.9769417400423189
0.9449384318451904
0.9396492826235482
0.8686552271669729
0.9895017184929387
0.9882893755344375
0.954176545908655
0.9915119353319253
0.9923070391440945
0.9724238198379966
0.9638139164104316
0.9818142785583093
0.8236423611487255
0.9777881621209091
0.9633249924150713
0.9483839174771518
0.9785626698166888
0.9774951395149291
0.9666401401669164
0.9564349291731169
0.9828518748092467
0.9583173041603702
0.957523681723409
0.9846134330915783
0.974652840467537
0.9859931235122983
0.9887880390744576
0.9665550301842886
0.9715953444213932
0.9665401155364948
0.9951732292392167
0.9561209086864134
0.9704190362167016
0.9905559207112464
0.9824339710212192
0.9741802883843412
0.9698451702692124
0.9829330070253203
0.9823771483902203
0.989003245472043
0.9914009469885103
0.9849311026848644
0.9848958494537126
0.9942515041401084
0.9936450568481289
0.9870363232359877
0.9875277990448066
0.9873109179688013
0.9697467415492211
0.9749780901790346
0.9869863164621113
0.9699794547117673
0.9749726403612459
0.9771809867947989
0.9849134508496109
0.9767983724378457
0.9831234266405271
0.9642614564215212
0.982054347812866
0.9741666641020038
0.9800167200055825
0.9716622605712097
0.9893560739410651
0.9278251535893245
0.9801398165968527
0.9721954709297527
0.9538835831805792
0.9894183359374269
0.9885124543759082
0.9836066745785492
0.9565339690178793
0.9874394241733181
0.9642373404937861
0.9801420485998115
0.9797539781383249
0.9633189885090725
0.9863817457442955
0.9875708037230662
0.9899821954543456
0.9710169356400123
0.965922914132409
0.9773735444269562
0.990439920625577
0.9840031484750529
0.9739129759250483
0.9793875181254658
0.9371803605868412
0.9565041289285442
0.9861521948941913
0.9888859806310025
0.7415935602821484
0.9766580295009064
0.9812626833352068
0.9866160577470222
0.9920740571353903
0.9710337340054285
0.9742404949436875
0.9744722364380758
0.9611524947294449
0.9779625679847438
0.9852855881621843
0.925738263003721
0.9081518727451945
0.9623869252449121
0.9917558212712397
0.9723364967153303
0.9746601189312125
0.9809748719717675
0.9845567232796221
0.9915089158730234
0.9855852188354374
0.9533738474434199
0.9702884137245151
0.969935103942017
0.9830920940246389
0.9844428679884006
0.9926538934364787
0.9842080316120948
0.9670411625722778
0.9845807704577636
0.9815035204190087
0.9785658685723396
0.994207876124225
0.9924516228418396
0.9697091308225286
0.9829418327090513
0.9854779719986586
0.9764656223094383
0.9927792068780967
0.9424717176403412
0.9614751536338892
0.9438763852393465
0.9907575150300602
0.8787935108727398
0.983248134201041
0.9786531639112389
0.9742887861378432
0.9852243386584444
0.9925551636824019
0.9903713160974572
0.9793177857083576
0.9657466779710312
0.9737844395269972
0.9823050092115898
0.9879173019821844
0.9956566701137539
0.9888629248090348
0.9818536029020167
0.9903926135418399
0.9533167764460282
0.9742784918999146
0.9777160888068243
0.9868692212732724
0.9925545702987276
0.9875628642132993
0.9918743308056733
0.941712204007286
0.9898961947291413
0.9878283984278823
0.9848961286664261
0.9912704092671804
0.9358248491465035
0.9682567994119428
0.9873505777659716
0.9095175504371069
0.9871253195614502
0.9765118195216488
0.9878159939670154
0.9814328881230545
0.9719814553517436
0.9892764161953497
0.9825302321748625
0.9654512174302033
0.9775634593441627
0.9747158232887619
0.9872305852008922
0.9813769107916952
0.984535714197727
0.9487437319195299
0.9705168699635333
0.9886815101472255
0.9700777977259126
0.983875147668106
0.9893389443468324
0.9927210709228987
0.985743041330815
0.9687303205346018
0.957882540896614
0.9785916347638298
0.9747687228720665
0.9860020217124073
0.9756440564519574
0.9811082970070379
0.9866373658995143
0.9874709110091419
0.9717454718133098
0.9428375741301429
0.9509838143704874
0.9585293605157693
0.981161976880934
0.9902007907589736
0.9772206656568118
0.9903974869259464
0.9582577716732302
0.9156946646020213
0.9395355108529039
0.9930460859027012
0.9860139086571434
0.9876003236599821
0.9859860020409513
0.9423156861809782
0.9897589412320782
0.7315521628498728
0.9844987397114892
0.983058069193725
0.976968863926313
0.991910760985968
0.989969102712549
0.9827007341753208
0.9858938294126816
0.9743608754967673
0.9847886745616246
0.9702652172452784
0.9855968631653292
0.9898483487977652
0.9815767332170049
0.992231963852898
0.9841345508258359
0.9817713744948744
0.9866932098771521
0.9779244762369722
0.9786410814367246
0.9876060329338494
0.97316319706154
0.9725877707170301
0.9826468846634647
0.9893247028734935
0.9848583356145634
0.9749913906216625
0.9456723179353421
0.9830824364594709
0.9815732633933737
0.9107402639538656
0.9698136541218134
0.9924062307849969
0.9941217233909065
0.9826045232536488
0.9714116932771041
0.9901350999508202
0.9495660418641966
0.9783373950717574
0.9690040188660993
0.9778520375011603
0.992511632281587
0.9914171872931037
0.987153230310929
0.9808154154776368
0.9898435274999581
0.9807067275970773
0.9937153833243197
0.9923332717531868
0.9773896789384844
0.9723292383786681
0.9888006947810631
0.9852034240010576
0.9147985036887334
0.9842381805176855
0.9893585943511842
0.9693566188404856
0.9773939080872375
0.9791508075667508
0.967371957623703
0.9853456557692858
0.9128333264357351
0.9812590090620723
0.9788427285418572
0.9851368627310417
0.991391504275083
0.9712882545726149
0.9760813301542511
0.9956768890373565
0.9899154430258462
0.971146554318387
0.9841408989480396
0.9843140074783252
0.9897521710740451
0.9805572510861369
0.9709718556130282
0.9798718613436042
0.9855527168161459
0.9851812914183968
0.9507894500884412
0.9737446606549597
0.9877399501782836
0.985333243808069
0.9695741170450234
0.992380830425457
0.9794999802746486
0.9882455558365095
0.9428468073754921
0.9649780751080655
0.9778141992539289
0.9835537131012794
0.9824735913621968
0.9844152585716078
0.9845310231614007
0.9857402475251035
0.9813444230244739
0.9870843457892778
0.9934257582912509
0.9854817060365058
0.9964886000306039
0.9842329981488889
0.994128386215606
0.9920312039833706
0.9124170016712588
0.914422608513341
0.9771194384604159
0.9922985428967108
0.9861215753687946
0.9837772634552017
0.995731360273193
0.9465366818551093
0.9761841963290213
0.9786284292968923
0.9872652251670901
0.988249321846961
0.9923906132921596
0.9918041531019515
0.9848738438306173
0.9493023910105846
0.9851539900939446
0.9632108395337536
0.8678929681888277
0.9588954627675611
0.9822117260066
0.9911143255669783
0.9869132479175572
0.9789921968706621
0.9864828144422282
0.9828827539042395
0.9800538387870198
0.9797169411565299
0.9895421256784889
0.976403015313101
0.9905063052035874
0.9627710707116401
0.9531275268322992
0.9728986171778845
0.9718787925987942
0.9674242060250805
0.9929399873047414
0.9830681190617451
0.9448127415139783
0.983097970673761
0.9790253626620817
0.9908078721838426
0.9939446037747331
0.980279087549382
0.9493022509407576
0.9852102660175569
0.9340410698705451
0.9731872307667109
0.9377107364685004
0.9819005675676822
0.9928291875705918
0.9846000534393606
0.9922150970868945
0.9844626672421234
0.9883441818221136
0.9701656122069222
0.9357741077654003
0.9329715872676778
0.9845464539816217
0.9828308856924503
0.9627668807498698
0.9632654111571931
0.9940646280093031
0.9933661025177984
0.9638167849766655
0.9856896615865378
0.9562875785108849
0.9940906241027534
0.942896720611971
0.9658604258399179
0.9583048910597718
0.9863266972857876
0.9788795546718565
0.9846746197621201
0.8952668402549953
0.9783523246662462
0.9844445617554418
0.9902818559632783
0.9866058370592101
0.9721280590568588
0.9921795560348396
0.9320548961806647
0.9816602931269669
0.956660817146562
0.9903205053222599
0.989379396824355
0.9936201835697992
0.9831114913060293
0.9732685565608532
0.9773353751914242
0.983150796531073
0.9910319163580644
0.9417826948828877
0.9789309599235682
0.967210232517252
0.9796757259070794
0.9860625457366802
0.9615538166719898
0.9772060876850042
0.9728994047440997
0.9849248492484924
0.9948219204102954
0.9368757106621184
0.9872255057185284
0.9954494204583751
0.9759611217211133
0.9835104574623583
0.9796493339533358
0.9510334132141598
0.9869055058917299
0.9933068113806336
0.9820932696418282
0.9248132308838926
0.9743694708193387
0.9897756592469498
0.9895727401635704
0.9860645642568168
0.9691854699082764
0.9363532292935541
0.8279146141215107
0.9801682097674748
0.9942815953868333
0.9908322929814365
0.9871414964546513
0.9851500306184936
0.9855207789307463
0.932380230333225
0.9842743841588318
0.9803332294319338
0.9885294453931524
0.9723343503165048
0.9821506758907042
0.9658331442291503
0.9926819734784874
0.9838566827697263
0.9844003541270092
0.9754125374242811
0.978965944745553
0.9777636679588291
0.9962649817823679
0.9889148591136455
0.9918063271425582
0.9808040999988251
0.9758330639591264
0.9925238478012806
0.993855626713085
0.9921026933563478
0.984866615580327
0.9748473949359645
0.9645282578915153
0.9682121259109939
0.9724391782698322
0.9742686985264017
0.9635143338954468
0.9894304783957543
0.9928755681120256
0.9749080737402159
0.9846896782544252
0.9975483117046953
0.9407106272925506
0.9949576477122821
0.9888331298883313
0.9826580380532194
0.9423057400994845
0.9933576197754462
0.981345803620917
0.9644275289569504
0.98737186021357
0.9844104275544534
0.9765358953186308
0.98419768567106
0.9907643080503236
0.9632122861204607
0.985504894156847
0.9679665671717742
0.9908520412759101
0.9868262631255541
0.9885491237264805
0.9821348880559069
0.992573254714858
0.9255921620818054
0.9842329894374846
0.9935104878596868
0.9913270991811619
0.9434767942536262
0.9540619321623258
0.983550618190721
0.9681908226246654
0.9839986640996424
0.6022742062540672
0.9775214592274678
0.9713251688164006
0.9702564764758774
0.9931820588560009
0.9842024948952153
0.9898902755978294
0.9895409747352152
0.9772948071077125
0.9640388597711792
0.9806812904521436
0.9662402625332548
0.9914813115931087
0.9760244697333974
0.987880773010154
0.9901459873972174
0.9882090014480663
0.9938984463360915
0.9618013856812933
0.9868406028773693
0.9683357971959816
0.9895034101726393
0.9484935466388326
0.9901419558359621
0.9867314846685936
0.9905865851711634
0.9550093671511508
0.9736549799208225
0.976585661982701
0.9638004639466656
0.9855105018376611
0.9690172520936289
0.9788485112925679
0.9819263929803321
0.9514158513665351
0.9875927779887458
0.990052596305146
0.9867615882391061
0.9553222153592753
0.9854725626255216
0.9720061675083064
0.9901836884643644
0.9840249479767446
0.9870986516635949
0.9843810407484729
0.9886546161138926
0.9937699188848403
0.980051386082344
0.9668274263000993
0.9628068044314495
0.9814988290398127
0.9855466367728812
0.9760215397338546
0.9770022634438286
0.9829091584618243
0.9480504302347664
0.9931311777517172
0.9345772166129764
0.9898585907628816
0.9922056069533648
0.9904896297688616
0.9934713503943344
0.9868047703368678
0.9790734224627607
0.9917196893739826
0.9868959963450006
0.9772160539311335
0.9833800430163593
0.9906176512933723
0.987078107223619
0.9716292255487308
0.9863416939540222
0.6236396953262575
0.945297879287415
0.9764926960714793
0.9765178829997928
0.990517874104136
0.9870807287232749
0.9810316130347154
0.9772658217591811
0.9937530199489197
0.9877013921134016
0.9854343046915197
0.9812207387357688
0.9913459005907364
0.9283425754775108
0.9935554331142509
0.9774930695056065
0.9903878422777499
0.9944809123913602
0.9801731595879856
0.9840765579914844
0.9831338992391457
0.9857467441206783
0.9905269474767103
0.9875531768175597
0.9850254411855132
0.9875778318619141
0.9925663875330258
0.9865230588270476
0.9878171260936792
0.9938916232299934
0.9829451483195508
0.9897120658200272
0.9916677729942281
0.9658676832658248
0.9906875828523777
0.958219158197049
0.9689879103832679
0.9904201702363821
0.9705394567946111
0.9819282967154414
0.989163503964948
0.9852559453849808
0.9760097096847603
0.9818577456777385
0.9901265400619709
0.9863937114164653
0.9662579189211234
0.9902731522502979
0.985717747734505
0.9753183339179431
0.9469964070649056
0.978985309557468
0.9658947991418214
0.9721058457292268
0.9908861392545278
0.9865394989760592
0.9330423700968801
0.9558361960309418
0.9701649062796126
0.9850376702802449
0.9804704657935893
0.9868416878259357
0.9873859086014198
0.9725211196131305
0.8638253091291765
0.97905623233996
0.9791640324416105
0.9877555426612871
0.9856957134349171
0.9754809818664307
0.978844245792835
0.9942789891791167
0.9891319991103241
0.9878310826353084
0.9900830308600627
0.9192709723442148
0.9413717553566787
0.9693081761006289
0.9834283687556271
0.9935758283845723
0.9481252709868926
0.9888183326760365
0.7853481479837053
0.9556025641025641
0.9782663463960906
0.9316184422988951
0.9778656538026868
0.974662469619589
0.9826859752859115
0.9903591890700749
0.9602630351475686
0.9545627216979038
0.988357612908074
0.9825092021219011
0.948789381087584
0.9893829356257102
0.9841525395204811
0.9924085130566471
0.9840650810407998
0.9922654149683462
0.9953953472389265
0.9775195884769483
0.9850698639192177
0.9707588608771364
0.9884578390509778
0.9810581900134139
0.9836357110520725
0.9849192633509686
0.9791583218120502
0.9703681400591903
0.9931955245516944
0.9839849327284333
0.9869669852621036
0.9967116110357968
0.9589687961396576
0.9925632746440154
0.9938106761565836
0.969867321526861
0.9623560864128325
0.9864103742554092
0.986704973463448
0.9907379976765939
0.9810198387643906
0.9702030013242713
0.9915967903856016
0.9676322345347419
0.9835397257472939
0.9353444725967338
0.9863482244573791
0.9708093133160864
0.9833599397695348
0.9845047563763876
0.9596642378273708
0.991273120775645
0.9820075829527927
0.9920921513711836
0.9911762383534243
0.980769941666605
0.9878165092453004
0.9580398989031482
0.988771017750925
0.9855362159807444
0.9940061760016161
0.9900200059787982
0.9848870592058935
0.9712455021778928
0.705388293061119
0.9906865653321332
0.9879775662518397
0.9831568708312415
0.9737561011145917
0.989354147440209
0.9831864406779661
0.9801331912626532
0.9664914886324689
0.978954591612273
0.9787784810126582
0.9898534884643918
0.8719189330505417
0.986773986320523
0.9867046577357016
0.9911050758628586
0.9837554917866475
0.9787813529262731
0.9857122117641366
0.985190700752875
0.9629766609209959
0.9867515476319553
0.9831674947495549
0.9784816148983891
0.9881662275227662
0.9467387681025223
0.9690391426337335
0.9772373602872353
0.9930855837480623
0.957132126900055
0.9912918785732058
0.9856731527500138
0.9838241708228244
0.9769636299288961
0.9275321419074031
0.9910811271325425
0.9409905871806364
0.9689956121317325
0.9914936202151614
0.977896299554627
0.9917397097233386
0.9727936102711061
0.9824172599481868
0.9409423744253461
0.9771989241238075
0.9899742010918726
0.9875658727179187
0.9858389066589125
0.9719471385627588
0.9852946124709185
0.9866681002042791
0.935724266418258
0.9755355495149505
0.9293902372341173
0.9935531862137367
0.9842838862909935
0.9912316130965565
0.9913340076324513
0.9545916412256344
0.9028388443133163
0.8380582186946939
0.9901210756266943
0.940265906149801
0.9853344925414111
0.9762416801012467
0.9871690368933019
0.8889635945261376
0.9558744385468662
0.9108910891089109
0.9929217706939059
0.9839435108606185
0.9765961430443737
0.9866186278454466
0.9897683885553483
0.9852389593266259
0.9944945038510431
0.9698429198971259
0.9860391305255685
0.9919940913617634
0.9867987117163846
0.9898498615890217
0.984181042217697
0.9066888696636376
0.8575042578027824
0.9892558353775455
0.9751068015843316
0.9907230439001441
0.9585248321773767
0.9589007175935036
0.9913932862864772
0.9892164023372287
0.9542219963148866
0.9829032590662405
0.9750763833880276
0.9165413672040145
0.9704563682501282
0.9917697215018431
0.9945811425909843
0.9799671644124776
0.9877206536270776
0.9864886176131302
0.9809611575014419
0.9741233944222002
0.9823226576948746
0.981173052372078
0.9896277673188285
0.986075659850876
0.9866816631594224
0.9931296472867195
0.9839629200463499
0.9775374756837166
0.9896063792730114
0.9667691754908799
0.9882317326976199
0.9892355714267363
0.9801159924191687
0.9823547632526195
0.966338244950119
0.9634625265274209
0.9825269628213787
0.9910596799524598
0.8508372707854016
0.9676898222940227
0.997831927228166
0.9811602922217447
0.9676492096091611
0.8947287016539871
0.980992980705759
0.9059096127752844
0.9621589573165457
0.9620933951229623
0.9915967362679486
0.9825450532601357
0.9862348697746993
0.9565869957335783
0.983858912246831
0.963993284537199
0.9741272585759284
0.9916138464395754
0.9577443619296172
0.9726671898880581
0.9829497429924495
0.971268655589352
0.965764631843927
0.9865581073815193
0.9877110192726625
0.9724611299043632
0.9965184788430638
0.9937434699520291
0.9853358771851983
0.976574909525603
0.9833442074936405
0.992667263226068
0.9771282137534397
0.9889815775301529
0.9737217183395593
0.9831707420076862
0.977479471760507
0.9917765709852598
0.9865341555130409
0.9448725341519822
0.9903625944310304
0.9807291421429091
0.9717852142533179
0.9783318000613309
0.9751061253336815
0.9921640009957725
0.9793270799060343
0.9795174818718351
0.9343950725325085
0.9897130137856683
0.9944724962109853
0.9816819626822664
0.9826236616082215
0.9630646062185813
0.9910907286551031
0.992928412283251
0.9967114620417381
0.9918860595597756
0.9843291370425934
0.9817170853657661
0.9806587233513028
0.9903301800650133
0.9013677721466465
0.9606126440726536
0.9888616977350776
0.9859851131527432
0.9925831551167129
0.978882090521111
0.9894013316097466
0.987666932196242
0.9683728493473028
0.9507507210314992
0.9731464825192796
0.9673943671421096
0.9856316886726894
0.9274087767947533
0.9753816953694141
0.9929810238480847
0.9315857454899565
0.8764782964782964
0.9844474979229245
0.9932050899691818
0.9874918033738184
0.9935583171816212
0.9705882352941176
0.9694364113998102
0.9049767514830951
0.980066599311326
0.9943601021566402
0.9923699810736161
0.989917386679877
0.9854602525947971
0.9867732019385926
0.9001298408644611
0.987118757747609
0.9801972685887709
0.993776811734777
0.9757392782353107
0.9670646323202072
0.9628125619715516
0.9928560378169317
0.9879671289856949
0.9922669328335216
0.979955859785851
0.9925599715528324
0.958377239199157
0.9776554061209362
0.9773924503729583
0.9896842236091014
0.9894778552775431
0.9482922056080482
0.9897525984482506
0.9746000667820174
0.9758167390079852
0.9882800063673989
0.9852677069463069
0.9788031268273166
0.9776564739223548
0.9817084942084942
0.9812730547705848
0.9888103639251887
0.9590741066713607
0.9902450030693135
0.9492422872436617
0.9707653628646145
0.9918087292951275
0.9807816984198333
0.9778732844197322
0.97951337545369
0.9323051307891163
0.9880188920558357
0.9584300830539477
0.9897923029932804
0.9878888105255478
0.9665118712800053
0.9649381745976969
0.9614000143203995
0.9825942440423295
0.9859109253387143
0.9921510623596476
0.9599535122367647
0.9845257635126802
0.9809095706928243
0.9937222823800427
0.9748450508408398
0.9726675400786071
0.9815350445217181
0.9937945096185101
0.9833408182568575
0.9855760751807715
0.9894983046926706
0.995218661225143
0.980737992133161
0.9842777096507658
0.994951201574271
0.9591197272889816
0.9906003197829352
0.9619171103570673
0.9700282979576426
0.9617582935596016
0.9785750452079566
0.9684655323548583
0.9894075336421476
0.9843083232110037
0.9789248969668218
0.9885094947339301
0.993664460994675
0.9826776165011459
0.9773300036002263
0.996274575932449
0.9770814658228865
0.9835571160101949
0.9860866671920285
0.9703824636653222
0.9662933961999383
0.9869736710773969
0.9842869832132135
0.9863267830149787
0.9785738655748891
0.9874114060290827
0.9767588239815367
0.9931713448753553
0.9641769705313882
0.9956844154803743
0.9819289749798225
0.982123241703305
0.9905328452909627
0.9776069946168424
0.9906658501452021
0.9947054865979582
0.9880166357292229
0.9759303364096458
0.9829111982331514
0.9590006101947637
0.9954550751660646
0.9591871387528611
0.9892799968708879
0.94149922468852
0.977162070230552
0.994308927324905
0.987018323539917
0.9864983309890202
0.9245486032027771
0.9776426298696721
0.9883283372664073
0.9916020583190395
0.9837208649452918
0.9940926361032992
0.9885061518850051
0.9761713853580715
0.9770147287367055
0.9928379470100407
0.8337063475416788
0.969516175207558
0.9901313217301243
0.9853939317918914
0.9898687380041479
0.9766745824016455
0.9661686587883823
0.9920424898663163
0.9884232281323326
0.9507266690026864
0.9754441371172099
0.9824820156266134
0.9882538947612107
0.9798496833595796
0.9912249088832074
0.9855284569843576
0.9519421362842778
0.9929218394484953
0.9863688030334626
0.9499974479813532
0.9954072259644825
0.9918977085707051
0.983722648094129
0.9913336041582034
0.9902627227631821
0.9861547220886903
0.9903528588246524
0.9914797142534931
0.932259452482117
0.9887349858610639
0.9908113421747433
0.9740326058176041
0.986148064077995
0.9388309970463631
0.9725642423327691
0.9420904308617234
0.9910083202067935
0.990534748620372
0.9189002879039779
0.9349775784753364
0.9839220928012221
0.9229871501928699
0.9861615815681722
0.9578026150789737
0.9186466073208541
0.9778010611722444
0.940982679321859
0.9703667302835332
0.9826112440775656
0.9867814350414821
0.9861371993968094
0.9485979501063624
0.9844384475039005
0.951550339097575
0.9879909540312529
0.9807169816226335
0.9776888659654429
0.9788777003152275
0.9734217452120361
0.9929151612727724
0.9886575810982952
0.989553306153744
0.9706266761720473
0.9880817339123432
0.9522513943681132
0.9885449144202558
0.9965328014008695
0.9867325075473103
0.9879398866188898
0.9779768616487233
0.9921247010604968
0.9936364556571533
0.9885894366423499
0.9962299062413152
0.9942343005944662
0.9836620475049811
0.9947518877768379
0.9861763000077728
0.9823903828010604
0.9936783122505082
0.9840087863811093
0.98747282456348
0.9859355182692852
0.9825521902503173
0.9861676869155105
0.9916710232677041
0.9895211479979267
0.9829543621418355
0.9880080669715395
0.9858074909574355
0.9831159942255445
0.982155689224569
0.987937269708411
0.9822106352796841
0.986891301698872
0.9829399895712893
0.994207041829672
0.9813931609413179
0.9855890720392169
0.9676630525135341
0.9904273981731938
0.9791822184305541
0.9903310797375223
0.9744489194924429
0.9930656588134864
0.9902338176260567
0.9889310236599638
0.9817788730883387
0.9866889820434211
0.9920690896005757
0.9695584720533356
0.9864079512907765
0.9912535314834166
0.9200183738582058
0.9875954046007254
0.9899005878897975
0.9953348643249416
0.9827103906547973
0.9898146761045155
0.8782678093277543
0.9641706121017529
0.9929464609481922
0.9286600496277916
0.9836172596911185
0.9506526106844155
0.980758232331009
0.9903697058631322
0.9811240535454142
0.9885055456469629
0.9838393666659295
0.9915331064091819
0.9918536168167893
0.9856059215167122
0.9840569543565096
0.9785953157504169
0.9806600513985556
0.991347481801249
0.9759304029473354
0.9895195734778639
0.9591793695114853
0.9887621963258073
0.991248531906564
0.9774707520284225
0.9871476818128432
0.968980106066926
0.9801371378013713
0.9965774787058453
0.9870058661875066
0.9936798762945915
0.9892350726837179
0.9758471253722963
0.9902568268331617
0.9819911418145352
0.9690533275500691
0.9550734732864228
0.9471946389505616
0.9841381023031909
0.9864230384595827
0.9943513186369806
0.9932025945802051
0.9896462219111762
0.9989566664908239
0.9792042750754928
0.9383168726713584
0.9845642054935663
0.9911856602532478
0.9780734200856204
0.9887246355043061
0.9960599211097815
0.9789372674366427
0.960523306206963
0.9826143073484043
0.9903402839629067
0.9826935088140033
0.9871279435116052
0.9741691294654431
0.9908246029563526
0.9914794567352866
0.9745405424741632
0.9823977100065119
0.9142870843223285
0.9700951461060343
0.9917425019879161
0.991770669307768
0.9921947729742868
0.9914343735560551
0.9828446662507798
0.9853610714167027
0.9904286651387233
0.9883107015368796
0.9925173191171532
0.9845234731004274
0.9832804040426995
0.9934928406544127
0.9895562762137042
0.9692577250904766
0.9941598254182687
0.9643062380942153
0.9801570909713999
0.9855120668102433
0.982111758823386
0.990158057682907
0.9922260239508907
0.9654644396805578
0.9902976639035418
0.9802778784423115
0.9963738903566984
0.9764306596323801
0.995245950809838
0.9820130039011703
0.9714358338893655
0.9838054636579883
0.9905855653432208
0.8467659281980534
0.9876285884258476
0.8801971373145284
0.984419588484146
0.9593289633625346
0.9860409009213232
0.922767790918776
0.9925455651813199
0.9764385667833657
0.9940838869452415
0.9796120956810497
0.951290358990021
0.9971478746061202
0.9937861297222762
0.9232527004373953
0.9839408398110974
0.97570082518874
0.9856977421947418
0.9673719180468688
0.9845041398889606
0.9923492129668643
0.9913294337036388
0.9936815755779661
0.9920724090525272
0.9787532431105813
0.9826094013576261
0.9512494211768382
0.9955592716462281
0.9850350890310727
0.9839554625771538
0.9910671092304564
0.9639599865227545
0.9876624505665654
0.9873066710241432
0.9771619294131385
0.9854636618936498
0.9637366025859135
0.9927690905767272
0.8936968800187668
0.9865307713407152
0.9980622907947886
0.8810342198186362
0.9938517503995817
0.8850426825301597
0.9908264769602795
0.9437777877174934
0.986318446722972
0.9901561806212476
0.9925525936559337
0.9874123141618444
0.978592131622693
0.9679894999726562
0.9890701329820367
0.9878963374411815
0.9900906344410876
0.9856104260329156
0.9665143798169364
0.9766254610025953
0.9619516620567219
0.9878015500491213
0.9819687199552035
0.9829458149496786
0.967117486929093
0.9845527137124559
0.9520520844573936
0.9909812737102784
0.9830671296296296
0.9813992291392054
0.9922242189659939
0.9827954453136261
0.9789480190370233
0.9910671308805594
0.9904977832974714
0.9806391875246148
0.9909946108295706
0.9870616827219513
0.9814591067598316
0.9968006838233049
0.9926723935595926
0.9842046051151279
0.9862455038249152
0.9901773146601047
0.9928502949253343
0.976753416220001
0.9834892193368344
0.9800172074047349
0.9678571428571429
0.9907249466950959
0.9767330832914387
0.9955015555368705
0.9195616834246493
0.9928243012653176
0.99140742649605
0.9949881035176983
0.9701345020487347
0.9881360076588231
0.9394839882533912
0.9717522262964903
0.9890963561085262
0.9696912148835226
0.9824981113069756
0.9885406000112672
0.9870802610390711
0.9738804460542257
0.9893448747029959
0.9254502760517983
0.980739318468192
0.9838721136767318
0.9705587758400975
0.9821136647754591
0.9805799296245156
0.9935919659450643
0.9827299506531517
0.9258849526540878
0.8589070301538655
0.9909752155172413
0.9952373209884888
0.9946030271379128
0.9806324827669609
0.9751640526145425
0.9906043357668737
0.9821299126981625
0.9351414963418561
0.987365944906666
0.9855852778231616
0.976876830237264
0.9942572498254966
0.9916958090978221
0.9625717414852807
0.9876278321091367
0.9742797254834064
0.9853442231963255
0.9899681314242111
0.9824213639499203
0.9748853552201396
0.9789890910555329
0.9941878511204087
0.9830918891602797
0.9839649364009108
0.9867664889883082
0.9665247944639221
0.9942764745136287
0.9738115200969915
0.9911492154461211
0.9941246654636964
0.9855214214041738
0.9682842082780295
0.9944245779982313
0.9528624555136425
0.9347087648958682
0.991643300896146
0.981408719894802
0.9822109066476074
0.9896161260013367
0.9790197969079082
0.9926937738246506
0.9782428168078392
0.9906037656778519
0.9925397821735148
1
0.995872530889014
0.9908327207399865
0.9661162156878529
0.9845334249871112
0.9910496840158249
0.9858294892642617
0.9822763443453099
0.9781164414975168
0.9906583012863682
0.983914386876898
0.9837714752660741
0.9903343651767023
0.9853958644702223
0.9858955984127566
0.9870867512686763
0.9929846427776541
0.9919329431445547
0.9717553140063258
0.9923452595816966
0.9850699231068172
0.993325575110713
0.9211162545797591
0.9836304081506219
0.9747269051654139
0.9481842902477252
0.9733324280390927
0.9798010695724518
0.9890215047685189
0.9898102557210405
0.9818309716647956
0.9821600178233559
0.9793625799842441
0.6965435883145232
0.9763743370844652
0.9905444961709206
0.964925867584016
0.9932628033054371
0.9908234708402917
0.9763597690671528
0.9922958156011693
0.9973429744660626
0.9889873668893445
0.9890335552772102
0.9827416881780953
0.9894996876704366
0.9944159703796481
0.9883008853836384
0.9919019573878399
0.991433198978828
0.9932600580671921
0.97533663219435
0.9899091706784927
0.9797309417040359
0.9864976338297226
0.9850503052364468
0.9977002917984664
0.9949982667260932
0.9882135090003306
0.9846725332657216
0.910244099710761
0.9867675214803776
0.9923576860219329
0.9916683569188522
0.9917591688127164
0.9891800197143709
0.9883894548565207
0.9832812343361251
0.9940302796755189
0.9876748998806337
0.98319257486298
0.9835062882276132
0.9751841323512941
0.9869307672969527
0.9836548190812818
0.976236321112387
0.904398227071258
0.990410884662096
0.9164754474529601
0.9834229594284127
0.9822908471815966
0.9425755527990175
0.9843923252589326
0.984180143176961
0.9720567979865222
0.9879378786246447
0.9737017182971499
0.9964384655060949
0.9798444579316574
0.9878770252695218
0.9748065120186831
0.989682476814897
0.9843158318786088
0.9861398970262679
0.9807779477068784
0.9858811165845649
0.9789111046717538
0.9712328437792211
0.9812363959898953
0.9838812116836144
0.9847360120372575
0.9757352562119807
0.9612207416295809
0.9891071968630396
0.9627373740000174
0.9953377895117924
0.9897472579876013
0.9891703850675431
0.9457248473159756
0.9812293021834443
0.9897238915523544
0.9623358266093409
0.9905329989380691
0.9882511364122148
0.982076381521844
0.9889308537267721
0.9842217321876663
0.9908277879031916
0.9608642417726811
0.9909306888405429
0.9900013883025593
0.9800817224977229
0.9850661870038667
0.9856529116383475
0.9809147310282212
0.9895432825869541
0.9611495549532941
0.9898526250094648
0.9875151168843368
0.9875940718670536
0.9879587935885229
0.9938773553165587
0.9879321806823544
0.9815399037334823
0.9603828608075895
0.9920226022641444
0.9795702225633154
0.9769180039569136
0.9871262105406888
0.966600363060523
0.9920836047737125
0.9925366166311907
0.9940228298549139
0.9956287727853935
0.9894580135597446
0.9845371288416016
0.9874300428828043
0.9925494366182548
0.9736150035937753
0.9851269949698814
0.9819347727750559
0.9936967075630283
0.983927891619891
0.927120283779426
0.9196053540426009
0.9962729357798165
0.9890644147857668
0.9945288180360343
0.9874242109100506
0.9826600000620727
0.97994428656475
0.9835751804020847
0.9726833349651532
0.9845026820608762
0.9690532741904884
0.9969412739121906
0.9931280552212042
0.9828277165814407
0.9895741357789966
0.9396993810786914
0.9861596550230054
0.9877010885900602
0.9918203731571869
0.9705176239496562
0.9871112457858557
0.974208166823772
0.986962224652633
0.9785654141927139
0.9291658475853483
0.9682225545989591
0.9917873587660618
0.9749589750728747
0.9941278630851218
0.9963155524624391
0.9492872807017544
0.9682619547340294
0.9800862320958784
0.8806416189898362
0.9953414148222304
0.9876846423795111
0.9776167773958875
0.9880816394459532
0.9795666203277306
0.9019001451799784
0.9712559459304705
0.9759770267498401
0.9892555281788978
0.9974050594617851
0.9946785755277079
0.9976642425107863
0.9917537340545436
0.9881967099627037
0.9862969868817371
0.9897635053134795
0.9903278782439322
0.9920091381898499
0.9956723954880816
0.9871677360219981
0.9936630615436258
0.9660542947648706
0.9684291482407229
0.9940979928297929
0.9930631227498191
0.981846337976054
0.9923758093597066
0.9838957080954442
0.9873730938386288
0.994952208367554
0.9171116786626422
0.9864089011724816
0.9317423701810578
0.9651478816946443
0.9932050957258152
0.9956163360394085
0.8408687685295884
0.975868973936136
0.9700890620261039
0.9874992210496218
0.9918036469709957
0.9793593593593594
0.9935296937245145
0.995027105596167
0.990875239021772
0.9962664812987712
0.9715233045066847
0.858483055572765
0.9910991389995207
0.9547519075783644
0.9062249130318437
0.9812801274739635
0.9760671009060806
0.9908833063209076
0.9517493768600415
0.9912870416440068
0.9520356432990151
0.9907856121470165
0.9979356458516768
0.9836620442438697
0.9873702864253494
0.9916504092624793
0.9800162633023206
0.9814583079629964
0.9919995154280637
0.9767938173871019
0.9730426315889956
0.9815035757770842
0.9871957465489488
0.9560954682905902
0.9902680649396756
0.9871504808494079
0.9903887281419046
0.97741984784676
0.9754202255009983
0.9832434251148964
0.9712389930708626
0.9796122759434601
0.9689453019120711
0.9803243608514473
0.9325856002165381
0.9857030713374546
0.996405025177802
0.9919196916795358
0.9869869516352524
0.9863873191044195
0.9913360726301824
0.9756511221256623
0.9880965654722687
0.9783314669652855
0.9750267094017094
0.9757171589590813
0.9931043813997091
0.9940847281335945
0.9883801048274008
0.9753908858938571
0.994659262121498
0.988380472656221
0.9912352810080706
0.9296575896836046
0.9850470252562612
0.9852168407079466
0.9816301265923885
0.9831412599269028
0.9830009577784421
0.9931597636789626
0.9945990438727033
0.9898049654814629
0.9938696606721984
0.9816656565100006
0.9761190405993653
0.9896526739328164
0.9838345754748761
0.9845223744871632
0.9949508408535723
0.9663045358819704
0.9920362188403425
0.9840851735440587
0.9921932364692831
0.9915426613852907
0.9565618411806044
0.9839879698699094
0.9806838145862427
0.9909518905399441
0.9888164564457012
0.9873484699449845
0.9900542693208566
0.9906349862931645
0.984185701938511
0.9814498092356269
0.9862766624843162
0.9468349332080285
0.9731839068364376
0.9959723163879733
0.9571840698001689
0.9888233825590997
0.9804566264505059
0.9331683470076926
0.991040255972726
0.9848219792090742
0.9719191208103563
0.9968552555412779
0.9678039342147694
0.984046259512972
0.9920243711523409
0.9877085562105934
0.9877418360059729
0.9893426489834194
0.967890025661577
0.9762132060461416
0.991530084699153
0.9767185737809947
0.9935805020177109
0.9894425410056882
0.9896569009856644
0.975500809318927
0.9651062288831875
0.99176416715887
0.982922945819878
0.9948186528497409
0.994433800049128
0.9951889176624754
0.9877775042358767
0.9302996768624674
0.9943984168983833
0.9807890068642826
0.9721017350157729
0.9856322457856631
0.9911510314234768
0.9905072417988997
0.9875570278331192
0.9419110394181395
0.9717959204742638
0.9828665316293371
0.9784693798748938
0.9843344223841837
0.9583610670216579
0.9685616142314429
0.9775682174446565
0.9783453409537262
0.9815340747077274
0.9824394686305953
0.9861106148844189
0.9930156057558892
0.9745871238473366
0.9888249748909294
0.9931215452456369
0.9925880829516245
0.9869921707089133
0.9618772503985726
0.9848366364193667
0.98693038010352
0.9822557275530623
0.9675508389696035
0.9918729712132086
0.994849349825563
0.9834390366977016
0.983930290709353
0.9794752407735418
0.9812147777082029
0.987904691506205
0.9928688911780273
0.7831265508684864
0.9607286517665435
0.9845191310517984
0.9820065882727419
0.9941261569030728
0.9965955958043746
0.9765932675572768
0.9954084560933614
0.9641393572271723
0.9885522487410296
0.9910067817711234
0.982976501305483
0.9828779398384295
0.991877679773101
0.9842127692546102
0.9628089005542341
0.9984335007063233
0.9937515294885391
0.9820534291485237
0.981615583999145
0.9968473663975395
0.9548178961988107
0.9929342693624913
0.9814114639526127
0.993300414612344
0.9898101836824927
0.9940596385998033
0.9848595004548903
0.9461281851089502
0.9883670358145135
0.9924763211076933
0.9787860178847427
0.9796137539779266
0.9742199799627881
0.9602522889546665
0.9840698503207412
0.992028489119521
0.9926758589085224
0.9825298264334283
0.9583684350224458
0.9833072675624781
0.9816985836295157
0.9817789037935168
0.9840372556765389
0.9830899658265387
0.9875570804501005
0.9817963889297822
0.9908038641176641
0.9791656559449304
0.8878817459210709
0.9827134175169556
0.9895929077593619
0.9943455795912908
0.9945734285612763
0.9828866850155318
0.9909400861172026
0.9831346114460245
0.9880889811790425
0.9677652066225007
0.9837571628132394
0.9782595537666543
0.9925085758117332
0.988959375381237
0.9943846943954854
0.9888493058772785
0.9920831545584144
0.9839230932860398
0.9769157434686974
0.9804934925011869
0.9897337928095402
0.9836631564373913
0.9846021298944494
0.9908565292368892
0.9929257546317835
0.9978109150808444
0.988165188741042
0.9928925014034062
0.9837271973466003
0.9785417355840298
0.9548097170629313
0.96222331101312
0.9727485102754414
0.9942225269328073
0.9697682395021804
0.9625333460921764
0.9892315718167732
0.9880044087516876
0.9796934579439253
0.9744639998804634
0.9866954572406074
0.9899114546123704
0.9877130203904917
0.9951815145375896
0.9904648642138857
0.9881722734627527
0.9906111836181342
0.988745829824708
0.988335672675258
0.9706769999609574
0.9143732728775216
0.9923255923075185
0.960731074159826
0.986959978338643
0.9922397645169923
0.9889971525182417
0.9741980570382938
0.9874657753710231
0.9730373219324302
0.9886647494156353
0.9924167180193569
0.9713794196206257
0.9928703739026861
0.9888422195554032
0.9928606962155866
0.9883434091748526
0.9806750501436237
0.9885807078769279
0.9852417595038475
0.9850382949628583
0.9603493769537603
0.9791176353264989
0.9909808846780717
0.9740936565984116
0.991259157623088
0.9766383929062565
0.9780382825457336
0.9883246360678857
0.9825574882783121
0.9826685850976047
0.9933899849691691
0.9757086273053596
0.9912950133506531
0.9949415163389463
0.9663563674565192
0.9649731120091287
0.9779070637533672
0.9898310537707976
0.9797243556437653
0.9945071428881993
0.9936986273636474
0.9893391253624958
0.9871401050170917
0.9897803214301614
0.9506554712588086
0.987449765002384
0.9848190409753019
0.9812625997375826
0.9757482074197236
0.977396473740538
0.9875884331865631
0.995957355466514
0.9787899696359048
0.9870292145559229
0.9885454640335771
0.995028734619046
0.9812693096339529
0.9940173245090445
0.9882909961327345
0.9889628853636636
0.97784433775272
0.9843456277142965
0.9757803384766564
0.9719212321515701
0.9920276176487306
0.9922778689357747
0.9874515636619828
0.9900839164518336
0.977777503062024
0.9865469424145452
0.9654760197006647
0.9767924330166764
0.9946774365168546
0.992776962512626
0.9649530195149707
0.9207335200513214
0.9815447399382741
0.9728414040481681
0.9519214964331504
0.7356931156298822
0.9847206028226859
0.991374401585929
0.9697653745288637
0.9961999799452991
0.9599283661085003
0.8636079249217935
0.9830539041717926
0.9777766934014716
0.9833521966092299
0.9913712190421364
0.9928286055651967
0.988782681018792
0.9668270397024339
0.9885016828402677
0.9830094395574193
0.9916854733341252
0.9877574957847665
0.9859825852777707
0.9164376599693227
0.9950774543701243
0.9863149330383087
0.9866246362102687
0.9892197065958184
0.9901212721260918
0.9912675664831894
0.988989020719153
0.9922815242560247
0.9906598984771574
0.9882369123270336
0.9871121668176608
0.9593236951727517
0.9743662957473568
0.9886460130933794
0.9917596004257758
0.9800200515611572
0.991075321361584
0.922742488459358
0.9912001721705445
0.9889783987185755
0.9901980072794727
0.9629735272944596
0.9873674174711
0.9954268116861397
0.9938532072868909
0.9690910553744853
0.994909224313436
0.9730688699057104
0.9717244193559357
0.9901645965868928
0.9827011629231076
0.9891761706832655
0.9682824473908284
0.9888536414003862
0.9932235219389772
0.9826232331931709
0.9858914065840103
0.9813891321603228
0.9869590066670099
0.9866044350320239
0.9295491172852639
0.9887695899205245
0.9838093938271364
0.9691615406844735
0.9888829812944077
0.9950450032476571
0.9910291025092672
0.9834734705711801
0.9853376695521652
0.9867579176246235
0.9865048927084589
0.9891354008662439
0.9916326275425141
0.9880418429878729
0.98101063221676
0.9949105407425866
0.98338948721915
0.9886311557370219
0.977306637981887
0.9889663843499868
0.979807259816447
0.980286121626272
0.9898375000694919
0.9709754388715501
0.9316792137244806
0.983955933212707
0.9912352508289303
0.9919941796932745
0.9859924275302674
0.9839121361523816
0.944536502225168
0.9922734092592476
0.9893867559865304
0.9914544682992029
0.9806388165499227
0.9792998759280888
0.9835532360300393
0.9781816429535184
0.9936936914595769
0.9840961968877998
0.9895582835952303
0.9757062807555236
0.9805433433703066
0.9932481873980015
0.9716073172117724
0.812677235465482
0.9946299604922116
0.9807317001738594
0.9813698549182992
0.9897798160613458
0.9870436247893652
0.5915911428850563
0.96619560043387
0.9901313507753038
0.990450480574187
0.9837352869293924
0.9934683070900544
0.9961178279561216
0.9792335997687681
0.9965330866241418
0.9625145978082644
0.9945348090070968
0.987664908937431
0.9714281260716401
0.9816962125783497
0.9907824544387156
0.974867224302846
0.9938690704832409
0.9924492457295574
0.9822103710573944
0.9752501583280557
0.988978814637585
0.9849354550292134
0.973355451833625
0.9896534078562133
0.9892895572352777
0.9881458638198407
0.9938891376894295
0.9954651777265261
0.9813794962643457
0.9539409499358151
0.987673343605547
0.9847040113094186
0.9837102036224548
0.9904395625189222
0.99098004174113
0.9901443765315889
0.9965116451675152
0.9952672937254435
0.988443689526525
0.9890601858085364
0.9799405072776403
0.9746207828436928
0.9499781819729882
0.972015121899835
0.9946524994130792
0.9845779120523506
0.978180476256065
0.9908654298898202
0.9725299376251407
0.9743443557582668
0.9908406995925351
0.8760937080415118
0.9946026986506746
0.9870984229810597
0.9930304044800194
0.9987458462582272
0.9763448232874151
0.978346603865276
0.983808965171338
0.9762278079569329
0.993794709264731
0.9937034699716727
0.9915048360315832
0.9859531586885913
0.9904541616183867
0.9953144410983035
0.9799544456394172
0.9798356360171511
0.9929311040070178
0.9775196068562225
0.9706560359378181
0.9602617083938323
0.9824012383067501
0.9897058438326741
0.9923152090647509
0.9653446501332356
0.9779989080199017
0.9953312756585059
0.9739931581402581
0.977871226988132
0.976446574483469
0.9796876507956332
0.9911472910710677
0.9878882282935305
0.9880571482877689
0.9909831922344673
0.9975585702350767
0.990523604170185
0.9844129811181641
0.9926828870152872
0.9228326983490408
0.949528867214944
0.9907274415621722
0.9295531202362233
0.9930899114491557
0.9840656246966314
0.9834536458755779
0.9890011848469663
0.9952709912556644
0.9954202623764447
0.9824908072442352
0.9735509926624948
0.9914832486788774
0.9826890989988877
0.9772822411263873
0.9910945859293501
0.99466059602649
0.9785697926209711
0.9743369689455433
0.9866878225470398
0.9869107823782352
0.9755812997674536
0.9936471700208404
0.9969623308394763
0.9892516362052846
0.9725290631237334
0.9944230617655845
0.9842087762834831
0.9896375250115438
0.9960791083053857
0.966842549598987
0.9943347271702994
0.9879966187658495
0.9818385969915163
0.9803611888237069
0.9936086269315314
0.9947101996460149
0.9784810295927651
0.9790339157245632
0.9873646719620092
0.9891356875660002
0.9723730998645177
0.9929406111322766
0.9788183355250798
0.9840509194608181
0.9796768860184158
0.9908140299503884
0.9781838560534796
0.9885356181195392
0.9667055526137754
0.9755276617381681
0.9929931043996094
0.9709108364334573
0.9839018985318873
0.9926295265755428
0.9936905863548414
0.9924741823753811
0.9941302712915238
0.989615328360392
0.9992297909688513
0.9757558626238028
0.9742593801238478
0.9944865879408774
0.9844728940229704
0.9919747275047596
0.9892154785408618
0.9770197399053611
0.9741555568455202
0.9898632267125922
0.9888643342995723
0.9832607026766323
0.9901599175531978
0.9918643825192629
0.9916479770341796
0.975777753292814
0.9657096014147174
0.9536002749613336
0.981194651236637
0.9962496358869793
0.9548978946472226
0.9907136711843215
0.9874663435648896
0.9875139515258206
0.9451977077097403
0.9306534958087658
0.979088924061601
0.9911862523141589
0.983188853061987
0.9863038564985733
0.9734041878574962
0.9977707323497573
0.9651825582564
0.986944668557895
0.9907654390009114
0.992458717982057
0.922058419854354
0.9781902580509392
0.9731049695700128
0.984308083088257
0.9886737763321303
0.9786068997270365
0.9940884871298677
0.9662043674448787
0.9900467918613961
0.9949243318163744
0.9944318703345585
0.9923423773614243
0.9855864836411167
0.9885162873326854
0.9861615864546353
0.9839781768583769
0.9289010264620021
0.9849529488493431
0.9866871655266624
0.9726239729619486
0.988503394666929
0.9890043490785434
0.989992425711599
0.9961008083689967
0.982489661808945
0.9924700438701792
0.9801556901025578
0.9902721641009581
0.9304889835690475
0.9805604125135036
0.9925218685643211
0.9776851085503279
0.984494231708114
0.9822891670762381
0.9756875130351875
0.9950729630231974
0.9882639565641097
0.8620154190295726
0.9587025562743551
0.9963791056588841
0.9941587404099261
0.981103102475713
0.9249026957715686
0.9787148731617856
0.9955800838093398
0.9778606990159938
0.9908775565366249
0.992324074012645
0.9780218171526445
0.9657943925233645
0.9798053527980535
0.991235109067101
0.9897116970159046
0.9680605438686506
0.9607369583218327
0.9767678323833
0.9937918451732927
0.9853891222318146
0.9911642767640221
0.9911704992004682
0.9862435414731145
0.9862457374540182
0.9749551568221804
0.9851497284116273
0.9965750024818822
0.9880376948441247
0.9902071616715313
0.9825279564631046
0.9922749793559043
0.9895076435596626
0.9890285962577737
0.7961525899632121
0.9785013607782111
0.9938839450489596
0.9853255663879942
0.9909202697111154
0.9819288941268906
0.9935258324060915
0.9761882395673834
0.9929155909972206
0.9755987785540684
0.9949176271826009
0.9833194780296404
0.9954884317688198
0.9388753938097576
0.9952404539346562
0.9852963532766997
0.9967675442705893
0.9952851040805256
0.9841697245475327
0.9949613077982153
0.990538937193611
0.9838253133845531
0.9621827257207727
0.9917362509243416
0.9961161241338456
0.9913181183046111
0.9911961462375983
0.9953589264418969
0.9738944066349031
0.920444541211886
0.988348930732514
0.9870269949335022
0.9866595785229244
0.987045011328922
0.9966135565033126
0.9858327539473817
0.9952391856375834
0.9929620324277086
0.981951360893737
0.9781609690377907
0.9924044375576322
0.9950363145592164
0.9865189685894681
0.9834679517797438
0.9922507799496704
0.9870153776443601
0.9800180556007204
0.9717883544500281
0.9870540832414908
0.9914177739851274
0.9695564587236285
0.9586096661924155
0.994515035803979
0.9828620046997812
0.985085952090349
0.9927272366803684
0.9926045191572972
0.9865795359063536
0.9947999146064408
0.9837397342584274
0.9897057974931893
0.965931632837077
0.9778488000464873
0.8802731707317073
0.9947866941359731
0.91434908601486
0.9978035711613009
0.9951658773078947
0.9915122365256754
0.9918155617959175
0.9900625048724451
0.9981716108844372
0.9652891571080292
0.985712918529456
0.9937972844330878
0.98801682757491
0.9712753135834065
0.9864613752336685
0.9617815398162219
0.9958025538083252
0.9789711227383473
0.9916709841907753
0.9910934172761782
0.9909119592531241
0.9971292960000677
0.9889194955915059
0.9879146662302617
0.9847800608141889
0.9889999393219663
0.981510036527615
0.982123443838595
0.9845671079124363
0.9844137518173266
0.9734331968097354
0.9912350882911447
0.9931834780491763
0.9881823570170386
0.9953724062348339
0.9445893272762962
0.9906184900510021
0.9720803791190625
0.9677845880085018
0.9844120669618417
0.9939837608837425
0.9890755545836362
0.9899028253103844
0.9711754869616306
0.9887542924957075
0.9924360621634851
0.9926707145770085
0.9895612368087319
0.9502442011175741
0.9872263561873735
0.9895645090630305
0.9649173333137665
0.9683606309634856
0.9713308872581721
0.9934114898183745
0.9648160301001881
0.980936807680135
0.8895039819693177
0.9838506263092642
0.9952722558340535
0.991683580020791
0.9872028034066714
0.992942254812099
0.9849567506581421
0.9942734315669706
0.9958650153853978
0.9899288101633908
0.9824798926075932
0.9939228126110794
0.9796687248848378
0.9847302341364099
0.9931448061685543
0.9884460385204132
0.9921199496607754
0.9949803360743654
0.9914010121545049
0.9877569146756875
0.9910070087375923
0.9918704258150366
0.9786735821261969
0.9894642973146951
0.9805145797598628
0.994415590180672
0.9879076092488468
0.9922115558775584
0.9914180985629863
0.6972153978891815
0.9824771060154893
0.9739112379268309
0.9887709769309108
0.9143500127746998
0.9791955309739417
0.9928086296444267
0.989208449195246
0.9898108695286053
0.9838150139369515
0.9880673800039299
0.9854411520743208
0.7536593516765067
0.9845937464431472
0.9883626141953619
0.9864481274608552
0.9896569880112582
0.9914930917475204
0.9876479670612455
0.9588904726351275
0.9933055704818198
0.9937534693877551
0.9915335748066962
0.9931171044424019
0.9964315538034296
0.98319243944649
0.9980720104111438
0.9954623390749482
0.9892933797155032
0.988976320237056
0.9842027720559997
0.9910504601713742
0.9770517224999157
0.9888015194182573
0.9809636807343936
0.9853844277176508
0.9890676929727722
0.9973161567364466
0.9332738289838075
0.9889281570683939
0.9847780424703502
0.9904271498919606
0.9870585505266036
0.9052274670095612
0.9864988849952214
0.9897539829983674
0.9857015615244171
0.9921200950930897
0.9966177100712013
0.976766736939632
0.9953265882332213
0.9935420748773073
0.9902257611997538
0.9869036897700604
0.9721147877572459
0.9975168267659936
0.9727189362677671
0.9931376107324811
0.9679111007582477
0.9882899494719701
0.9874209225923815
0.9593026462614186
0.9832678792076247
0.9811188756526905
0.9920752847944527
0.9613783154650667
0.9904011011086669
0.9886337129164281
0.9901651686979436
0.9843768953217036
0.9952218874785528
0.9042861320159441
0.9803589390650643
0.9820253910382012
0.9796534776908166
0.9767997917867663
0.9377050695503489
0.992687753071417
0.9936848953966476
0.9921312305667755
0.9756922533866199
0.9936991787236543
0.977875284983912
0.9889095924149918
0.9851731109055221
0.9936108398731812
0.9857378457171199
0.9880962340373715
0.9929335665300674
0.983031129388738
0.9927968380925654
0.9860467315776562
0.9900933625529105
0.96432843618325
0.9948824519353359
0.9882469703301295
0.9942023296146996
0.9923396525257377
0.9844269807315945
0.9956564292528216
0.9924204352796293
0.9914692240190548
0.9911740204396837
0.9805569518049877
0.9943075557535282
0.9884283279227275
0.9958293164394253
0.9882731702251032
0.9918922049341724
0.9933647626544372
0.9896435149214281
0.9949628894697677
0.9916492634823493
0.9654855765146582
0.9884935507202017
0.995052901198081
0.9821475201824234
0.9909224697304168
0.9852949265069869
0.9975517782469746
0.9894547391390256
0.9958254930029741
0.9503157149320377
0.9917912573873772
0.972750942718621
0.9036853230401618
0.9903659611992945
0.957410994793459
0.9910565262274363
0.9871722285130664
0.9948144006348977
0.9950949693049318
0.9842169991801039
0.9957185206905035
0.9732361892721992
0.9920144170359103
0.9937732108452239
0.9698811914552566
0.9918543363679924
0.978431900675927
0.9901197561458044
0.9899167191896904
0.9755819097772259
0.9888185232401888
0.9813323195956976
0.9900198531319444
0.9759772577877565
0.9932597128912806
0.9887644393509313
0.9980472489183291
0.9862913181050681
0.9860050979190461
0.9930022915364657
0.9971539456662355
0.9865077916258692
0.9908434010819306
0.9825305277738842
0.9749604252915511
0.9239843576030097
0.9496734687998031
0.9812531787932406
0.9859856199295625
0.9825894086010122
0.9886599480915246
0.9673024777497234
0.9885615400192687
0.9964671819799719
0.9854114063564586
0.9765006867300234
0.9913359841701073
0.9871165521248673
0.983958918774254
0.9968420083990028
0.9880499567206628
0.9819087295570951
0.9948162654072111
0.9620817160836912
0.9538635085796437
0.9850152162529313
0.9897515069553319
0.9909140339955398
0.9700501715922499
0.9935049242490303
0.9699783927532618
0.9924517200075651
0.967801868438119
0.9841073008294027
0.9805327619963757
0.9738997361170512
0.9941179137294014
0.9849455681937006
0.9858030095983111
0.9915331115814938
0.9624878615311794
0.9884487094561719
0.6820126881452917
0.9954421606418643
0.9868517436739084
0.951223793760658
0.9756478482184174
0.9821898986559778
0.9867388906430039
0.9749723407112754
0.9939155474035067
0.9935163654791319
0.978955468422395
0.9971614459041925
0.9910575350541792
0.97593527935379
0.9936367686129726
0.9927431486414939
0.9950643362750973
0.9809845703096949
0.9868248857915908
0.9890817940176979
0.9937421961690954
0.989121766532205
0.986441157071516
0.9921872591861945
0.9949152321675043
0.9909495974221119
0.9857243097073873
0.9606818738043983
0.9790390780361664
0.9903606684302213
0.9869369782588754
0.9953624167072166
0.9666584947291003
0.9709053330622756
0.9939027437653056
0.9808655740032058
0.9716869798454032
0.9915641399523011
0.9413776361064786
0.9857748161560095
0.9892892158882124
0.9771874624965432
0.9930958393437792
0.9904453085747339
0.9867865357029328
0.9871678107369652
0.9761838220441459
0.99349278930707
0.9817341246386903
0.9888833032470352
0.9859920495416318
0.9843248923148498
0.9926241175029905
0.9880611686243281
0.9959533401479166
0.9915553162498352
0.9795686970757905
0.991064415117275
0.973637114537445
0.9938710918374484
0.9883677061678595
0.9935989431651004
0.9878356083162548
0.9926492333895123
0.9930087080497958
0.9881059775318125
0.9884232655921513
0.9830927300513045
0.9924488821161326
0.9841268846975401
0.9696338481129704
0.9847873424296302
0.9851287465002065
0.9755471044404445
0.9630577515308595
0.9888718852611014
0.9891334190343497
0.9797370685626436
0.9880159524800594
0.987971355555147
0.9880655076361541
0.9840544894177677
0.9876935400969871
0.993611788820996
0.9838926103585994
0.9887934985811622
0.9946283530223865
0.9816332858277397
0.9931487873483982
0.9736934082812535
0.98483416000508
0.9918184414614319
0.9972566406199213
0.9851089103564953
0.9932388006726288
0.9730448493435999
0.9950909801132223
0.9903974921138178
0.9905590724702777
0.9151806416255639
0.991047808656285
0.9514162943326848
0.9660937132093242
0.9936583547673364
0.9834640539253765
0.9740472153969095
0.9858240835627771
0.9862474566705776
0.9838570641638599
0.987785361916491
0.9944819025396137
0.9798073539760732
0.9913303192564155
0.9923242831768586
0.9871411447763496
0.9793900038253048
0.9588720042337643
0.9829219472980796
0.9949332151419304
0.9949970021607069
0.9262772932516855
0.9957004680994129
0.9926205624841643
0.9855132464611128
0.9751580907550854
0.9864352018633189
0.9887952774806118
0.9811046732502177
0.985078401618614
0.9751877045062659
0.9747716689392575
0.9938526650639414
0.9886392947638339
0.9978842006754283
0.9868102247259071
0.9412488587193839
0.9917585244340001
0.9776475832643444
0.991195634614349
0.9905113626749242
0.9844578682042217
0.990162133010595
0.9853695536580026
0.9896535370790647
0.9887849267252594
0.9920352631378087
0.9839742243899288
0.9163563677898344
0.9936617505188996
0.9937368827096486
0.9871301055998711
0.9889105271042264
0.9884219195014393
0.9442522747794679
0.946761679414516
0.9823660382959775
0.9908144868321979
0.9859345730100437
0.9758309335448181
0.9967682654623434
0.9839386164018553
0.9860192978854445
0.9738952389721196
0.9902831170193096
0.9903896819909347
0.9935455235410512
0.9413010007698229
0.9869094526842167
0.9647880704019252
0.9850656520364313
0.9697418789675158
0.9920423469798118
0.9741226776762018
0.9843670717858265
0.992942667740112
0.9790408953704041
0.9864610854791855
0.9957376775967668
0.9721803074787599
0.9873206775930511
0.9898622508424187
0.9532329097025863
0.9801354798979502
0.9841398087262505
0.9495663653746549
0.9932915622896031
0.9917146604687727
0.9669572382843422
0.9830593716085656
0.992228383102857
0.9824776941837622
0.9913980280228334
0.9823782936624547
0.994302812257477
0.9924191018610187
0.9856834521439103
0.9747369990781412
0.9818905797161281
0.9943552881935769
0.9831179251826938
0.9800209588763318
0.945325191866002
0.9837977556424158
0.9875916732759549
0.9828922156483567
0.9602869863127058
0.9864466302092442
0.9712582698789165
0.9916522094670759
0.9986680274697711
0.9790298546190515
0.9854052976050184
0.9858708202747603
0.9899912563019738
0.9970416542990007
0.9760980658516075
0.9717508373891963
0.9758547916565807
0.9875259501900021
0.9924579557568272
0.9882841547089061
0.9885154198860476
0.9933704085806203
0.9911812205566017
0.9836908152600633
0.9902842807337893
0.9855619045448762
0.9610803667299909
0.9858391055917597
0.9938822744427532
0.9343499629856855
0.9923802641941429
0.9839126572693383
0.9930287890804569
0.9897098745165243
0.9908585378085566
0.986063788474851
0.9944247573940252
0.9874642281503898
0.995562892473371
0.9868203977978386
0.9292120447931603
0.9780505929533437
0.9864094447629255
0.979927802222665
0.9633837343441002
0.9883698704659404
0.9579399076248973
0.9876729898160109
0.9879020359988198
0.9956477558141764
0.9910960351491992
0.9930352892476456
0.9853974204129117
0.9924391524371388
0.9914509301159551
0.9790121433298824
0.9330962013630563
0.992046306711661
0.9805734926228719
0.9788341160990055
0.9947247201074078
0.9941663757918419
0.9905417726022726
0.9719656810414246
0.9935316214220011
0.9682695913010874
0.984449380222577
0.9789027592242848
0.9979690411225022
0.9862786091643927
0.992960296836581
0.9863817164430662
0.9746788929531827
0.9752149907804809
0.9910656633235536
0.989384056982234
0.984683610884577
0.9966269082310394
0.9893314120371263
0.9903880356128457
0.9846529295545782
0.9929419752335785
0.9859573025225675
0.9930835344589921
0.9506091592401291
0.9517202812100554
0.9917379165939627
0.9267225325884544
0.977852180284643
0.9905360614290403
0.9802688921170437
0.9842856379282698
0.9920233201840707
0.9895175826117688
0.9934819081455961
0.9785316455696202
0.9594572673340749
0.9854037839288081
0.9815440433226872
0.9915476612911823
0.9862171656614649
0.9777350800016518
0.9888253983892022
0.9864373910313985
0.9971943389115983
0.9879690078615483
0.9855724452644198
0.8725359589493598
0.8316311839978123
0.9828027718606088
0.9811287398414317
0.9878800564780387
0.98926212611719
