0.9764676113360324
0.859477866061294
0.9965156794425087
0.972082599647831
0.995251606925705
0.9797479171117283
0.9849296677511823
0.9938901392555309
0.9898982123507085
0.971677489352744
0.9892045996755415
0.8667522921497001
0.6746032581058096
0.9901759275387563
0.9887667012931189
0.9659019554365957
0.9916485547550186
0.8473862827740982
0.9949761559699136
0.9924336290169834
0.9789870854934201
0.9951370949088588
0.9859033066615251
0.9905563529668792
0.9833558732166183
0.9590654141157179
0.8386787647520957
0.9932385663397093
0.9951973585472009
0.9930847635957125
0.9391841136268324
0.9189105796640923
0.974804435122244
0.9832184011493584
0.6609983019271065
0.9871548067258386
0.989147355628081
0.968447491308201
0.9902629136263885
0.9737581705386241
0.9862777314759693
0.9938904447979832
0.9778124120613892
0.9925243090649287
0.9904475494371906
0.8570152149494537
0.9788331205186132
0.9901513455810189
0.9950612851104111
0.9840705884625662
0.9799580327189358
0.983620330181606
0.9927877077453747
0.9836047726073301
0.9760588334122463
0.9844916891872257
0.9875304331464334
0.9916936320080092
0.9898135547763551
0.6738054969452234
0.9915293164769606
0.9892633182062361
0.9628434571308528
0.9938389586319737
0.9887130820089667
0.148704294250596
0.9929581267267213
0.9904731491830326
0.9811834758699796
0.9894072661561655
0.9903859575656058
0.9896295038351589
0.9956409748365366
0.9659121898009272
0.9494809436062104
0.9807674827698675
0.9905989830311643
0.9945226340480927
0.9862768235654036
0.9772966820243714
0.8483765938955261
0.9882226766498458
0.9893672091155208
0.9859152245405028
0.9893593135292912
0.9864553982363068
0.9796831997672191
0.9636666284008725
0.9768295662501274
0.9924444935380536
0.9699742600944316
0.99657201675086
0.9836430332551567
0.9686222298927091
0.987232612834584
0.6681903115395362
0.9663121964027832
0.989868215136882
0.9603155932755469
0.9946250474647985
0.9800747066479059
0.9860750592504492
0.9802394769705428
0.9900902939435174
0.9894750502001175
0.9770604539758382
0.9946157611355849
0.9950497444249158
0.984308556031274
0.8512510642145155
0.9673213830434015
0.9078952671068071
0.967043749808652
0.9886486038611318
0.9722452333391248
0.986587653430823
0.9952892363919595
0.6724721212880591
0.9769650936988817
0.9896443759054161
0.9884539256652738
0.963785918363633
0.9871059758842536
0.9914341286641105
0.9635367113684581
0.8579093129148752
0.9815442674014616
0.9840204183543251
0.9685516685691264
0.989337449667379
0.9883349784928418
0.9439462215035103
0.977311140505585
0.8315000138352134
0.9801364799061807
0.9938964000276389
0.9610099800487403
0.9921521490544463
0.9777570084679295
0.9946847920626228
0.704182832344721
0.92654282569788
0.8655241355285279
0.9510443124330905
0.9826429155339252
0.7223567197418456
0.9847543596576902
0.9956109435267437
0.983920135409386
0.9852253514152112
0.9890631374606035
0.9863708462209533
0.9739758930432016
0.8441987650690973
0.669974181843556
0.9931348438072314
0.987940512103779
0.8620144357982746
0.9727889307957349
0.9960768137056996
0.8208621805384417
0.9960080777720378
0.9831930382611169
0.8577766499238698
0.990330178559734
0.9881125100334259
0.9834539668234432
0.9623374219130075
0.9851870018393624
0.9925165835175946
0.9955775154786958
0.9931824092535946
0.11721239551101464
0.9837210067445303
0.9925139309149341
0.9863417867209242
0.8583757722746376
0.9790473412752291
0.9829298083174091
0.9844218612209805
0.9804939887135029
0.9899170673338908
0.9942554111620505
0.9334938268682158
0.9511320153061225
0.9749412267578542
0.6022534813338473
0.851517331046502
0.9852103732229915
0.9703370130994813
0.8583934505957689
0.9520589150988668
0.9877648137586464
0.9805112765785866
0.9452368820564758
0.9881506285982846
0.9884340725048689
0.986342004613004
0.9627102644943268
0.990957908139728
0.9834175001545179
0.9893431021563567
0.9832785042085461
0.14122099627187504
0.616249229592162
0.9458536562641212
0.9947410968992576
0.9575059688876366
0.9905786850839967
0.7216712647246075
0.48701977144930164
0.6659537186265206
0.4554235045324693
0.9701892127665975
0.9913382030394323
0.8586549303459062
0.9949760362142608
0.980561999636099
0.966465807301298
0.9598315662831792
0.9913751280254434
0.9882755000154405
0.9804414286103073
0.9918693220241247
0.6147167818478152
0.9691189374983236
0.9940758771870839
0.9825344414945328
0.9749529971174957
0.9799483078760509
0.495663768082189
0.12276951387823953
0.9830225378754082
0.9744891531280747
0.4803897989813594
0.9898507742075122
0.9926382052193877
0.8110333940618438
0.9898380187368262
0.9804645016781199
0.9751559124444625
0.9644290956183899
0.9880675321181139
0.9869328156576265
0.9886866264326014
0.9882272033990631
0.855202811364584
0.9713233423389588
0.9941313348468374
0.9658028703730335
0.99076391670004
0.6778042836988586
0.960282325425994
0.9441695599222002
0.9969384055538397
0.9898443323650392
0.9886446995380559
0.7440116660338936
0.9921175295906233
0.9932809096614612
0.8271901284554021
0.9893623060426391
0.9699878442385883
0.9112807429605032
0.9861919567368758
0.6565209980184519
0.9830446369087276
0.9508637667367197
0.990017060929418
0.9381352900630818
0.9879957424444517
0.9967278629470667
0.9923414187931742
0.9880196188791509
0.9909023767960252
0.9816133418550086
0.9799419135201398
0.9850447580603815
0.99107613315502
0.9849397590361446
0.9821513520133012
0.8367897114878202
0.9849249016238985
0.9806663897040625
0.9560839819058896
0.9950448733497349
0.9926764463905985
0.9877701062751844
0.9587426266852392
0.9908944899017363
0.9926239984395933
0.6347398542002589
0.7028738933018347
0.9958049528621047
0.959349593495935
0.981976055782134
0.9901184845220812
0.9560504627261663
0.9484897639279531
0.9874436426389661
0.9479098536804141
0.9943412851373877
0.9860961681701564
0.9848376782093715
0.9684935149348539
0.9771347698751616
0.9878504486684853
0.9694921163754697
0.957174297543916
0.9800978152220476
0.9680545542244243
0.9846613461488065
0.9846446442571066
0.9822703253036307
0.8713863073608387
0.9935230376289702
0.9892343266687248
0.9842910319635473
0.8851863988102739
0.9665353231511762
0.9297272611899059
0.9836976914114185
0.9723148439503836
0.9856163376592133
0.9860021814782112
0.9802446737473385
0.98499700910203
0.9803508118427267
0.9935690628541872
0.9966392715601881
0.9903924463549221
0.9735090450373074
0.8612453431436802
0.9890845092015135
0.994243466855916
0.9867778920107755
0.45622383549953294
0.9691783212714961
0.9789481689216323
0.8515697848586751
0.967027768579403
0.8437234811027653
0.9668406509057414
0.9851608882619987
0.6539490576112519
0.9905867499035528
0.984365373681486
0.9893899522556423
0.985181609064834
0.9821780464892889
0.6658931036542991
0.9432304511823589
0.9902993774883967
0.9551664182811723
0.488629317576686
0.9865797618183334
0.9813462787033603
0.9659685604619017
0.9848468177883042
0.9681310825084459
0.9906606863584054
0.9914551083591331
0.9860280027852134
0.9808092430694773
0.9724569106540453
0.9954130903906807
0.9918701929564161
0.9669553470883628
0.9803788297035032
0.9623730226639461
0.9949714241507025
0.8821340890491922
0.9720208275699617
0.9866212205089642
0.9495368891727882
0.9634753918976051
0.9930456411992405
0.9936262288490775
0.9926920422323033
0.9294323963839352
0.6983940407390304
0.9540465708146523
0.979128647242674
0.984535854725401
0.9875327775718757
0.9833860013523962
0.6900674803742338
0.9884681914280223
0.9810159853926048
0.9939777423958686
0.9590991834778632
0.853628614856454
0.9942651083218285
0.9779397681309643
0.9862677031410713
0.9934398034970625
0.9466291218647734
0.9914918916702544
0.9299054357465686
0.9509435827141837
0.9837024087024087
0.9859169771379195
0.9813515150608716
0.992638492579398
0.9495587839125321
0.9892897849189466
0.9877238881062588
0.9866171003717472
0.9789991284524131
0.5917681391836201
0.9875812248523159
0.9700804049075824
0.8556377523329595
0.9941763333604524
0.9918962722852512
0.9682920970454
0.9855907872910552
0.9942111985497095
0.9907870492234798
0.6732967403555169
0.9903297155496117
0.8154124944281131
0.9758427172807588
0.8256093576772908
0.9738619847132227
0.9558762195430928
0.9919818032633645
0.9902054850213151
0.974719352872224
0.9919301865953613
0.9941500377891854
0.9801535116958284
0.9923000977246977
0.9748611338016664
0.9733152221540619
0.8204759517716276
0.9955919257310366
0.9837127047458425
0.989704593639576
0.9855034895314058
0.9934892566409371
0.9980034209677321
0.9810100108753241
0.9476437579761279
0.994593319665439
0.9845222050283698
0.9881133650965175
0.9734295154274757
0.993993331883311
0.9931039110370974
0.991004489751052
0.9935460861573493
0.9578863279203772
0.6909876287234777
0.9978531398760033
0.9847224071362003
0.9922630660496338
0.9629430026300936
0.9925804217892026
0.9917801274250273
0.980689213088295
0.987842278203724
0.9828068009050742
0.9780806431352845
0.8636952845333036
0.9953996245670623
0.9837684350981487
0.9834481946162456
0.9871701249302324
0.9464886230978762
0.9928852452607859
0.9846939795153635
0.9889664724759969
0.9294466049432937
0.826348105889851
0.9917012070143475
0.4104588220934085
0.984743411927878
0.9820383637996513
0.985819411414105
0.9744043056713345
0.9797931446659215
0.9974204841198554
0.8438369885023892
0.7000044407855408
0.9900271359396835
0.9883758394667687
0.9774224540214109
0.9898220671482967
0.991395286398135
0.6903430599369085
0.9897199477052226
0.9956850564583963
0.9943505236794171
0.8381670349234609
0.9704935106553437
0.9872735328869634
0.981105559025609
0.9525748981784563
0.9872337196729708
0.9915735607675906
0.6332565458064955
0.9918058880816171
0.9868151836765201
0.997998897029859
0.6597545672332589
0.9498853381546095
0.9950533185401234
0.990812620653387
0.9397906625173582
0.9838577627548749
0.9896792808789258
0.7330802187467345
0.9864331860942431
0.9817806303885412
0.9835589941972921
0.9929597920807216
0.9248249777057985
0.860731131714514
0.951850373220097
0.8394186730273892
0.9578826906300711
0.9920103932787716
0.9891464544382685
0.6946182130748293
0.8627094545212942
0.9944957847794675
0.9644720828262283
0.9806410547851785
0.9873143467202562
0.9950407036586507
0.9808186755342595
0.9805146759236624
0.9854209937689726
0.9843031979539215
0.9688761218263243
0.9713135476358288
0.9790522820933507
0.9818852459016394
0.9726400680454266
0.9406926448816079
0.8724837133780047
0.9938827384009309
0.9819373514391283
0.9836807436269285
0.9209547079124152
0.691530249684416
0.989856587070881
0.9885115653751457
0.9924193938359573
0.9895634274905774
0.9747984899500051
0.9859509172653134
0.9552777650700703
0.9876789175853224
0.8537594884316131
0.989058003436417
0.9932853688776847
0.9886982845610495
0.7175620778065256
0.9918291275362502
0.9774760072339013
0.9908021192705766
0.9839522082914682
0.9951920352555021
0.9880741359521336
0.9607923969935439
0.9782903212952755
0.9362777642490036
0.9774720150738254
0.9328778786298649
0.9747381870723523
0.9787689907749856
0.9915601211125685
0.9750549051050542
0.9864451061174193
0.9023022799995147
0.9772371313125995
0.8739709624307739
0.8478153203597443
0.9834815580834195
0.9692383658359262
0.9882583170254403
0.9909043227413785
0.9873735737530855
0.9941878356209051
0.16127717332851496
0.9891170958627841
0.6450793083807188
0.980433784928343
0.9878831693961654
0.9731376835505692
0.9917193411189699
0.988501611497375
0.9854653170540791
0.8386531230536183
0.9408773675432788
0.9811501108817007
0.9936042254666976
0.9856876722695037
0.9899509181687399
0.3729984469554972
0.9719410807879992
0.982960769800148
0.9696946318467251
0.9496379303369877
0.9858063371753895
0.9892666877671359
0.986033547584283
0.9877941257508128
0.9789217488836115
0.9819968701939941
0.9926413838988689
0.9814409314249092
0.9850043006533975
0.9524240726332198
0.9625749378564118
0.9955315547903008
0.9928091538946042
0.5370035386287101
0.9863891112890312
0.9800136949613425
0.9931670867544822
0.9958983468024585
0.990181071918546
0.9716352920665564
1
0.9723146471240647
0.9883447808021708
0.971224353751574
0.9540041943624924
0.9957783522028197
0.7091480740454293
0.9769877928076542
0.6734529699849193
0.9829468453546153
0.987992500967536
0.9730015975649372
0.9925677139761647
0.9906171225842592
0.9761621652228073
0.992153972039136
0.9628275755547546
0.9831087730599245
0.9718817991857134
0.9936084987809126
0.9556706906182041
0.9923622902329712
0.9865085861271657
0.9765765106320682
0.9816463325782564
0.9783895532155393
0.9932985493259342
0.9893302970420386
0.9945645798302898
0.9698285248975032
0.8281856939838939
0.9853837324042934
0.9482160894267156
0.9934457028223281
0.8782407920930803
0.9820017770093413
0.942292800628472
0.6850545275333505
0.9795977483931074
0.9879897655763779
0.9917658085000574
0.9653211959336077
0.2783233740365463
0.9426162632580908
0.9806145597030316
0.990301362171051
0.4523420308266069
0.9947931379360365
0.9840331618945267
0.9840211905091027
0.9932182490752158
0.8593421034986791
0.9548353551563031
0.9949571237138298
0.994793379228923
0.9437270364099937
0.9770733601548177
0.9584288588645474
0.9928683357669432
0.9899299462582624
0.9967291081614997
0.8695025117960515
0.9814797545554581
0.674990285113916
0.8615666984435968
0.9829249996821482
0.9621088532149924
0.9731599595257087
0.9728439964660437
0.9726017440156441
0.9887913510221173
0.6257995354072995
0.9679594915731216
0.9849561442367325
0.9406254104990978
0.9583336597901797
0.9491979089945569
0.9844023562988439
0.9898550404694577
0.8906673017146295
0.8665673127305569
0.6500175291131114
0.7138202552267173
0.989642238524632
0.6446535127602219
0.9870174348176289
0.9836920382408622
0.9838111539010127
0.9329412147162907
0.9723968565815324
0.9863630905455286
0.994991947560252
0.9900861155139168
0.6361676958857968
0.9835248689291329
0.9853101069737534
0.9661383056446745
0.9915716498136484
0.9807511254436845
0.9684477525865903
0.9959282053092169
0.9836171231981884
0.9883988852396661
0.9852500201110872
0.9963704867475488
0.9880859968949567
0.9832955552446248
0.9951397057191682
0.48568894219357095
0.964286481262751
0.9850814137671822
0.9700436974926518
0.9824321481169788
0.9902145484407455
0.9913811341756518
0.8539106472468441
0.8497766546319518
0.9838779079981566
0.9850898890378211
0.9148035801220836
0.8709118386733498
0.14170381734500495
0.9305823546392379
0.9885215809770802
0.9890686249226326
0.9789745842221403
0.9828891391391391
0.9001367762258051
0.9918450516174635
0.6971185985738595
0.9853613954324013
0.9710876181323082
0.9898526549902696
0.9934892566409371
0.9950506358029392
0.9911296156346454
0.9646099399907678
0.9807619024204354
0.9911163927879136
0.9800342026507054
0.7421471764200509
0.9889768230638779
0.9897527055994144
0.9976334824862135
0.9899684190971577
0.9934056680901895
0.9950578137386218
0.9541373876128652
0.974599437316679
0.9962599391381172
0.9553891121666058
0.9883399815894446
0.9939384945549188
0.9935632993257154
0.8623915093365637
0.9367592419047199
0.9926797954847477
0.617208518769958
0.9950104977152031
0.9916223593077008
0.97750245317633
0.9771812778673525
0.9923472873866898
0.9866362332072519
0.9287847715202188
0.9859718388891049
0.9927032873290071
0.9874034495169015
0.9890109340455969
0.9897596639962666
0.9769839543678217
0.6557536414689601
0.973579504641366
0.9879167947069112
0.9703209697343459
0.9931792757375267
0.9682080107469863
0.963002961832456
0.981822392411917
0.9783805418421082
0.15881008928839851
0.9895360394386356
0.9856520823526497
0.9764258798663521
0.960813985003162
0.985075186688035
0.9915524343138294
0.9627076351004232
0.9925206385387689
0.6684906557015233
0.9771645433195302
0.9237043268170257
0.9864987192080276
0.8813602259095616
0.9446161112983841
0.9964914412430322
0.9843071680397328
0.9866368023323663
0.9875591881050758
0.9920232338099243
0.9483380281690141
0.7048846717662074
0.9885625609048561
0.9842425335635323
0.9793131999009763
0.9867089651425633
0.988360934839808
0.9955035030848061
0.9819860873767974
0.9894468035380103
0.9453227555504823
0.9771259483822071
0.9490156389413705
0.9915833338070846
0.9898142997764482
0.11411591328540341
0.9818974132140692
0.9912366539000955
0.9883738901959438
0.9908801798788878
0.9106064634709856
0.9895887978693354
0.973150046922248
0.9838079004317164
0.9758139413203574
0.9813824095869891
0.9747012408776686
0.988082464394127
0.981644514351172
0.9753362217589332
0.9902907547665114
0.8429335041756052
0.989062205202209
0.9552101134068666
0.9794453007572784
0.9915243889012333
0.9854301114253257
0.9878027405633031
0.48892825246492144
0.996992407543473
0.9915167304404462
0.9878295039021994
0.9802497945899059
0.9699170835332008
0.9797570400228215
0.9785535285561572
0.867076645146921
0.9891102905315962
0.9784383636181394
0.9898817105100978
0.9671595158451414
0.9885183029413875
0.9517689241301616
0.9711266199053024
0.974182512804763
0.9764420955324894
0.33769756043835014
0.9701965895514283
0.989581939053228
0.982364688492625
0.9935557722474244
0.9885823139326225
0.973409239331043
0.7099697885196374
0.6499864183225424
0.9894912906114312
0.8601814589444593
0.9869608093794514
0.9687761613630185
0.8662560971526158
0.99439585125705
0.9844328004354204
0.9871584699453552
0.990737673084087
0.996332546551272
0.8596945092468298
0.9853476215368531
0.9809601369968841
0.8416748705897298
0.8206964935371978
0.9936467519175202
0.9932774585771265
0.9586506538695206
0.979133548706904
0.9919300963461269
0.9867724867724867
0.657170270629459
0.9877452591772493
0.8313392857142857
0.9796691225766082
0.9901810399633337
0.9903568991370688
0.9476467667962228
0.9938094884808917
0.9778844332781144
0.9619452855103974
0.8636428743742838
0.3895341778299405
0.96748760423422
0.9904766240960381
0.9898208880953878
0.9441502960727068
0.9463586615620877
0.948384478209994
0.9870008471358046
0.9164075198214365
0.9838222355597084
0.9952448707138842
0.9664290206828353
0.9651220687439769
0.9874991046712985
0.9463830226103676
0.9927058735932947
0.9805262225613495
0.9374751976874846
0.9945224703621929
0.9916039315517922
0.9765219145609523
0.9503452811575139
0.9900686897901028
0.9865968982251092
0.961620052839127
0.9829743325164453
0.986934321791603
0.676735447847352
0.9905421310300144
0.9786340664210607
0.9993245732531009
0.9846045283476994
0.9912852469975885
0.974045812079238
0.11217099532328606
0.9413239743512953
0.9817699431938408
0.9845285315334602
0.9772260646494679
0.9817580475427449
0.6716330677792365
0.9957009541784628
0.9826805702574266
0.9893959731543625
0.9901364145687058
0.9932688886253114
0.9718561261148252
0.9946504718360812
0.9883332532705641
0.9830843544837647
0.982628412470163
0.9908450240400448
0.9699957909927245
0.9837959826871929
0.9838045598147789
0.9855378514854553
0.9616841906565445
0.9887338879020349
0.9896582799380547
0.9728371242891958
0.9711662922887769
0.9830940868406788
0.976661462809371
0.8670570562586408
0.938734376418606
0.8411511976928963
0.9689299071982027
0.9902149903334008
0.9689146469968388
0.9910668226827212
0.9890532750387552
0.9908287926942234
0.9860200654211763
0.9766219000923755
0.9371060316181653
0.11233539791580946
0.9809902925349654
0.9602773542265929
0.9617660470259134
0.8485283009205321
0.9840473720246726
0.937402110029619
0.13772355987400567
0.9162404340765663
0.9764415150641128
0.9908624745754405
0.9840029589902446
0.980396263835525
0.9858353822863094
0.8590321702024635
0.980720106418994
0.9807104689972891
0.9929745310617794
0.8592632592895297
0.9874006043810665
0.98899418221076
0.940904557105932
0.7204740402055623
0.9866197529222309
0.9815831804545035
0.8597007574450772
0.9807128376208983
0.977741303542119
0.9915674603174603
0.9510593309507451
0.9791031609899534
0.95157341365165
0.983509168204648
0.9848430808269193
0.9741355723664067
0.9884320495000672
0.994064820035711
0.9501506056268826
0.9786215316398336
0.9708818763391726
0.949122886369209
0.9889493300513201
0.9268532891359872
0.984714313654715
0.9775188416184194
0.9938018564642856
0.9752272264663534
0.9886824284743538
0.9935369804384504
0.9857864850717014
0.6440343520220588
0.9836783973527702
0.9774292272379494
0.9984952708512468
0.8389537475709102
0.9289132718571261
0.9434859908471339
0.9824293596132424
0.9662629853897006
0.9684995416532235
0.8564640304817382
0.9770051140189637
0.9873193721531788
0.9771598774382404
0.8507200770937557
0.9888665401286155
0.6666811501748884
0.9830467760485667
0.6608713075337761
0.9761280036293286
0.6842573298116613
0.9879131498119307
0.986881784726913
0.9846702446681578
0.4986437958435208
0.9891669867448442
0.9874362002282526
0.9764082537446395
0.9907293567823079
0.9955556147844107
0.9913540445486518
0.9809965124685803
0.9950575473794919
0.9933767731209611
0.9731766063055817
0.5140158330920083
0.9841851352188815
0.9445397129186602
0.9751639913293569
0.9837007590425719
0.9889294967372785
0.9761592253899947
0.9509086828326431
0.9523227631737243
0.9443554663267953
0.9906555314681134
0.979738276695642
0.978963458159308
0.9911536351493178
0.974218730210905
0.9874589597982161
0.9859273651648611
0.8346733567754032
0.9648883708419259
0.973970693487023
0.6781330437802116
0.925557190575291
0.9766998170003217
0.981693505962123
0.9849858536826286
0.980934507313993
0.9938734937314886
0.9749915781231506
0.9891031523023697
0.9398992605059328
0.9872361472310417
0.983356884911289
0.9713903252053859
0.44583794616522154
0.9877692797960484
0.978831616179519
0.988471711804499
0.9661315818768785
0.9809982655617653
0.9927964024637156
0.9736985262012641
0.5948291233283803
0.9899325899673147
0.9893878258136907
0.9845713882220025
0.9678309814815355
0.9670241346719158
0.9864795014417748
0.9893221308916866
0.982749046755266
0.9892772953027275
0.9879758585066141
0.9915870631435688
0.5351348286576101
0.9699674580201122
0.9937731369708676
0.9735545861259457
0.9715190664844436
0.944084932828372
0.9900352443013261
0.9461186228958255
0.6672396832819983
0.9824155797210591
0.9830240679396371
0.9873107807621143
0.981065025884816
0.9772494975034111
0.991560291502054
0.9904083940629649
0.9528290041381816
0.9826127409647312
0.6524125366184174
0.987980176874846
0.9854188896473377
0.6813779832249158
0.9847236582257014
0.650934288860571
0.9368048743420053
0.9900353687882556
0.976555929352397
0.9636057301689117
0.9649310664543567
0.9715302854111839
0.992087525642278
0.9926570328952146
0.9921332878044494
0.9821961292557433
0.9880803565791634
0.9861846649781257
0.9704013776326954
0.9303472612077953
0.9899886563075211
0.9815042960041355
0.9858479251619093
0.9504975477440822
0.9823584753024647
0.8409397559689415
0.9914719276960138
0.6637875816083357
0.8588066729582006
0.981200444215804
0.9732458568291797
0.8644731182795699
0.8430935440152775
0.6703980529891461
0.967058685858054
0.8581020492968527
0.9944748338778957
0.8566682585315176
0.9852316686323763
0.9904251010844481
0.8741334051288955
0.6222887386301943
0.8669615225284499
0.9966216668048672
0.9795063648212629
0.9547529424132034
0.9894660062423667
0.9895234744937884
0.8390767207011262
0.964951722309375
0.8501941887737352
0.855689885644284
0.9864464956060678
0.9908384614567058
0.9800812816029488
0.9875182764757816
0.9927074500540899
0.9495590828924162
0.9742864536006788
0.9800375282777326
0.9932987574659011
0.9828667394217666
0.9932031941656513
0.937063882063882
0.9915265590461518
0.9893087912739345
0.9920896270312836
0.6510833030523255
0.5822924935728904
0.9713686433026351
0.9851632305266496
0.9859202589003351
0.9762139198565303
0.8245777487522693
0.9921417249915406
0.9725898498124183
0.946762377356195
0.9904086322309921
0.6621497227752445
0.9941453622905573
0.9854282165470023
0.9939581785373103
0.9424216511394152
0.9793501007844496
0.9718006608752859
0.9938716839057529
0.9776794780980498
0.965329103452048
0.9912403363649872
0.8683681335254885
0.9947357034686666
0.9948846713306089
0.9878698317874548
0.9953232268797301
0.9821553940845326
0.988447554548306
0.9773948758392889
0.982854487159403
0.9704911992359176
0.8429326671701621
0.9949559029444893
0.974516869150377
0.9876219236085146
0.16375455448824114
0.9919451875562202
0.987978915013047
0.9920585222364589
0.9833776031639333
0.9829373072714612
0.9362391353853294
0.5673171012490646
0.8649683685674348
0.8920806935083064
0.9931165037913973
0.9936503601543031
0.993326985714652
0.9931392766497462
0.9894465362265219
0.9833971716936342
0.9811260618888649
0.9901418728939065
0.8370266181895385
0.6941066780622354
0.9679855070459543
0.6803172992323556
0.9726748826976618
0.11526133406986704
0.9947456729070999
0.8463311948676825
0.9662238369909991
0.9862377735600382
0.9966492926284438
0.9929115920896273
0.9791952467043998
0.8440342327651048
0.9807023617572699
0.9923614817495138
0.98843381513483
0.991293323414841
0.9817808802247382
0.84146683645939
0.9859256025277677
0.8828919501944097
0.9882084044865073
0.6289794928454013
0.9367978868981319
0.9892910509712768
0.9380651280429971
0.9892214642134141
0.5988748758732617
0.9943284375257694
0.4961324973017423
0.957346347657025
0.9857052764347277
0.8242921013412817
0.9832033107426702
0.9934863089750213
0.9957489551199125
0.9863850267490759
0.9233309555890201
0.9789605619453605
0.9708296527150556
0.8519651256332393
0.9924369989368121
0.9621376170452705
0.6659984064564217
0.6136582230206682
0.428582077631649
0.963526380745974
0.9853101921271318
0.9890882189754022
0.9737632755729457
0.9909483123255224
0.9881072864606331
0.9837575021014346
0.9829218952492335
0.9899246442904949
0.9643778950021291
0.9712959169739178
0.8196318716645177
0.977898818413772
0.8638222604887088
0.9810475348486433
0.974125739825759
0.9696000142597412
0.996276004062541
0.9909959226059901
0.9881395804744167
0.8971798787063158
0.9701049930031495
0.9810123092463813
0.8304253935741213
0.9594482902570228
0.973520827805784
0.9805337028854421
0.9841129581561459
0.994721450407496
0.4717432430209413
0.9792083738488818
0.37863007948791944
0.9865073606209528
0.9803319453067517
0.9928095051156313
0.9692339765447497
0.9595814968474258
0.9958370281478492
0.9902954459853346
0.9836384483580475
0.9346577659401112
0.9726885158539835
0.98649789898657
0.9856622207909138
0.9916537874406213
0.9823894781803943
0.9824485794235993
0.9886609426331198
0.9758099674891942
0.9851971168331518
0.9805573854486898
0.977837770615485
0.9938417482206405
0.9859396654526702
0.9255490240541436
0.9607523990149177
0.9913402132429704
0.9745336420944294
0.9945838283597735
0.9959457894127186
0.9387231741488647
0.968612785592022
0.9746617435173633
0.9880602724449372
0.9898731523220463
0.9854010202422322
0.9892273730684327
0.834784120670731
0.9921607908175832
0.9929905013984373
0.8623046875
0.11929029392672899
0.9747532321589687
0.9912208758620344
0.9941789648958738
0.9830106160715719
0.9848012316923928
0.9725816598112751
0.8538171193539488
0.9964814543322094
0.9827476794093497
0.9855177915508762
0.9821787570784375
0.9808877897302847
0.9396431214538278
0.9815594653323341
0.9902770133920381
0.9925714617463266
0.9897214388709533
0.9891158807386884
0.9798682195044859
0.9761103783511419
0.9907724482546677
0.9895169761231625
0.9926682663176519
0.9933947795419689
0.9804582639798846
0.9913011440045687
0.7325564571552586
0.9848419782624255
0.9256644796376206
0.9937489362047026
0.9722199360577379
0.9836091181951062
0.9872980276097866
0.9927821919484988
0.6261314048473839
0.9693361418323121
0.42298363137631556
0.9768227909222598
0.8710409808150755
0.6844823288968646
0.9909307478301431
0.9934881669222007
0.8612533793422
0.9890848026868178
0.9912201121691024
0.9773693516362159
0.9700753418483937
0.9506833306774117
0.9526870581393235
0.9862645544915257
0.9910737972253866
0.6860960743876582
0.991275338504586
0.9826789838337182
0.8525565603254109
0.9932863820797819
0.7276342962257969
0.9894748110066051
0.987435281946102
0.6777483335862409
0.6123701892161479
0.9704579365225561
0.9844656889385726
0.9735813766506316
0.9934982470764177
0.9686454751502453
0.6778641425629858
0.9750524198724806
0.9843908524533491
0.9913591669672401
0.9797440643576691
0.9891224937089049
0.9916267541949961
0.9871173856131814
0.99286481370247
0.9798251513113652
0.49136694696790606
0.8500478082250223
0.9521393355300647
0.9909420990789369
0.9901419914985982
0.5294117647058824
0.962250581311957
0.995985939741222
0.9890957782339921
0.9847722884991168
0.9802792968516281
0.9964423222597784
0.986333065649468
0.9637462326431145
0.9682018187151658
0.983721146635576
0.9890689157696149
0.9846264946257606
0.9676067836293342
0.9887462795972315
0.9693007888143715
0.9894830956674597
0.9930923384238676
0.6866028547439127
0.8198726520358633
0.8583701094294979
0.9620766014915146
0.9795666024729577
0.9759437041282578
0.9883315356707616
0.9827351836789268
0.9938055935086301
0.933835073684138
0.9607710478636791
0.9976973263400282
0.6464573260211937
0.8553294889159231
0.9849397042507139
0.9916421035469574
0.9914220547401824
0.6595005808651768
0.9885279607076041
0.9940764346440535
0.9549837248851508
0.9821233878802573
0.9858639202167996
0.8985795023262634
0.9911499779733618
0.9655323574784133
0.8522895496173629
0.9837277801808482
0.9942899244796464
0.9801667793554203
0.9780697779791572
0.5386422885745072
0.8741053468860183
0.994560607426857
0.9944632241519991
0.9889137692242465
0.9901632878845307
0.9833755124300675
0.8706789459438827
0.9829513602638087
0.9953287636455953
0.8722201390291038
0.5321256780872915
0.9874441197136485
0.9832245207178255
0.7004063848506431
0.9825697622252131
0.9775926375809194
0.9877505605362323
0.9904305397576691
0.9900478504568391
0.9846856028011627
0.9793930370323439
0.9912562490457308
0.985997988290821
0.9721158922914467
0.9916796101482118
0.9846661987260645
0.6530177573822825
0.9949651412695917
0.9784189301138346
0.9878588458492668
0.9966813992427557
0.8345494307846384
0.99223845063587
0.993696140562653
0.9768140695714919
0.9918388249208472
0.9870534543754916
0.2843114526064781
0.9761598336471183
0.9712069548252951
0.9834503184665251
0.9766626243960655
0.8587576852030547
0.9838015589477103
0.3617592642488908
0.848222226255513
0.9849972889837988
0.9871921314467055
0.8382669817303051
0.9589465491869803
0.988853127065285
0.9922447797116306
0.9875866974924418
0.44309264191155984
0.9880823433078105
0.9866744301341979
0.983015950152576
0.9808886269965632
0.9855620696677803
0.9924302788844621
0.7095799689527702
0.9850564641744548
0.8356666187820773
0.9768622581304327
0.9944294051365122
0.9054996127033308
0.9721712222795256
0.9969276729245556
0.9880838405252
0.9919056036362801
0.9832228904125331
0.9899175081620841
0.9661025252022938
0.9656803737964691
0.9867571965658493
0.9920444424919426
0.9945113127941854
0.9803342161585837
0.8611162982375933
0.9866210876895389
0.9941192743393318
0.8981655035750591
0.9903847103073141
0.9932123922436286
0.9707576841015981
0.9879836365133937
0.9913927439681228
0.9831918038125298
0.955452263799265
0.9947021522506482
0.9793144003597496
0.9750172850887301
0.9605771254275449
0.9838224552056031
0.6237738055887513
0.893241320501719
0.9898428117903048
0.987611172835026
0.6638900840583056
0.9831049754919197
0.9607213083305357
0.9745891483741262
0.9953192263384466
0.9890800269531095
0.98012768831848
0.9731410800113091
0.6550654209434025
0.9948055437386651
0.9904658691834943
0.9944210656175894
0.6991513593373739
0.9872939044195023
0.9851917100167861
0.6828243693272098
0.9744867122763474
0.6351608273194779
0.608196967422309
0.98862140592544
0.9665119685949561
0.14663666037178041
0.9708881545603828
0.9545959254485921
0.9687109564794891
0.9902102320523982
0.14018360946710082
0.9957365834007682
0.989692907350327
0.8323439621997709
0.9868616872849038
0.9449282177608753
0.9866890439324197
0.9723845254935728
0.9717429903085004
0.9912261325634796
0.9884856324025464
0.9804785796590727
0.9914262367213527
0.9929584949779455
0.9892868538109747
0.9938622719203927
0.8439181016127305
0.9904831948223873
0.9586280925024259
0.7963603127026516
0.9937956924065702
0.9932611503173564
0.9796085948899889
0.6519616705839812
0.9012378902045209
0.9524718732035805
0.9843152096211261
0.994147675864761
0.8713762016982756
0.9946044622692148
0.9854166134021937
0.9934882766170969
0.9499398483416106
0.6686329675560353
0.983405591269248
0.9941175559993188
0.9879332638351371
0.9726862065342998
0.9125548193827844
0.6739208949556875
0.9937750956306873
0.9734471876062535
0.9861894024802705
0.9879241620318759
0.9934264995971439
0.9944161036812353
0.9727644466023837
0.9541450550664341
0.9727759437420059
0.9713639278842728
0.969179616515422
0.6476242550271851
0.9751450763324703
0.9893115870313922
0.9826847981221337
0.9844972234983612
0.983566350535049
0.9963369963369964
0.9788559639524977
0.8799994649402071
0.9662890044576523
0.9809234038442963
0.9887804483699314
0.9786474794548697
0.9903360893374852
0.9896626956642194
0.6479552023121388
0.9898534498671739
0.5040703590638174
0.9507908611599297
0.9674998199951833
0.9859875133951451
0.8260527744597677
0.984774764706352
0.9346864821906175
0.9754548275181226
0.9727835800318769
0.9913719227173574
0.8293902163910006
0.9861628707103878
0.9869844216643797
0.6975044959485946
0.982039323790631
0.9840887050402932
0.9910291967522149
0.9503241677266793
0.9953269373738804
0.9752379952113772
0.6565445412741372
0.9826851137979955
0.9493397415158275
0.964535421419323
0.9894775912757094
0.9902255069742083
0.9728860809011893
0.9834235991139468
0.9662332742082694
0.9890516466510353
0.8520540527434515
0.9468425893345503
0.9924285748326066
0.6553555277577024
0.8467136636947957
0.992022416527367
0.9887233841852967
0.9885337795044853
0.9816565656565657
0.987694668911011
0.6732806214773919
0.9912714361446378
0.8103799713980558
0.6319480997999789
0.9797533026527587
0.9771682566306741
0.9751580933696259
0.9603887450296326
0.9883797674363127
0.8367546067377036
0.9844953992629472
0.9862879713876765
0.14800330629746344
0.9860434263296796
0.992544882848159
0.9819022926143183
0.99445064728613
0.847842152514498
0.9856971463160908
0.9842237581591309
0.9786878301848546
0.9884990398008721
0.9940952566855358
0.92759398044122
0.9680738177623991
0.9883344134802333
0.8670338673220771
0.9925329208530675
0.9839673277079245
0.6660196200148575
0.9875745832564434
0.9702244929786994
0.9897386549633973
0.9824255497019567
0.9940891067162525
0.9905381140181858
0.9957421536851006
0.9932354569807988
0.6989867622420111
0.9847972879249408
0.9817502043661744
0.9799913431084067
0.9898465789773904
0.9924630690382876
0.9938653885415958
0.9874314063240475
0.6803279063177043
0.9755592327446551
0.9760442144577253
0.9915153683181636
0.9900759674958747
0.9745363173480257
0.587639414983165
0.9769998610863051
0.9852379457134794
0.9745698794425169
0.973521122094901
0.6356651932126052
0.665780171688268
0.9943686953274723
0.9885636469406103
0.9821618974738364
0.5449977550531574
0.8392387088807943
0.9857472435706905
0.9872378867469994
0.9846581343104093
0.98215392003842
0.9896369378081025
0.7091955249484942
0.980079860020638
0.9754296939880069
0.9868212077180414
0.9880867005619481
0.991228790103882
0.9741385829153328
0.9898133341157944
0.9903673423987097
0.9932353240247681
0.6243048045990424
0.9228235203283941
0.9528525035568869
0.9661625100563154
0.641561987134011
0.9910730480416934
0.9898412824800276
0.9840569182917063
0.983384468263139
0.9878003159032338
0.6990154816257937
0.9863002938679227
0.9823190139878432
0.9766196521373112
0.9895882832724565
0.9934728813163106
0.9774850509510373
0.9727650162740824
0.986260813248832
0.9902250181466248
0.8613623887151824
0.9837170568039012
0.9823440941891378
0.9926784579965999
0.9709233547101674
0.8188241231390361
0.987042878914261
0.9644367072867446
0.9847498882320799
0.9931430654547927
0.9764170060018913
0.9819226957934515
0.9926656808120599
0.9303979511069492
0.9964270894756383
0.8604566462662656
0.8633236404793514
0.9764551240660456
0.9921241651069883
0.9888249936770364
0.9609197146759751
0.9946044297692516
0.9964401691361838
0.9108102969079339
0.9932783065623972
0.7451255176580667
0.9658519051042416
0.9852917143324073
0.9884347363707601
0.9832386691723798
0.479607349867655
0.9839418335134903
0.9938985475352112
0.9931111920369021
0.9841039159422289
0.9917972898398195
0.9891263711351687
0.6565746143461536
0.9887860448558206
0.9933535389924842
0.980081440416033
0.9947187531901861
0.9928418793758722
0.9895497919371222
0.6505011162304659
0.674518505874655
0.9902112260871333
0.9836971454739735
0.9632242969895307
0.9752279204036566
0.9233916252206
0.9914042718623068
0.7010838442141365
0.9531018699575602
0.6286817057633216
0.7302740599107712
0.9942234767858429
0.978856545143761
0.9509770598692745
0.9629337437852598
0.8851262301838313
0.9926729472589413
0.9882928413603728
0.9906237858316665
0.9910764205308363
0.9735878722945379
0.9913035906701351
0.9958480528656332
0.9721900562312987
0.8523982504262733
0.9830318039026851
0.7743820143115661
0.9730029721498551
0.9893147025583068
0.991747492331924
0.9850924178401962
0.9914003887066101
0.9915185264510602
0.9865924836510623
0.6775535957691733
0.9877560607795223
0.8633382079190753
0.9495431959185638
0.9928242484487485
0.9962135820215264
0.9780812803784953
0.8549477856064419
0.9942241703843774
0.9785306283238133
0.9932053160263176
0.986279030672784
0.8612582558429775
0.9858987925654592
0.8691807356018291
0.9936524634365552
0.9834790946334661
0.9780571418032428
0.9942698856692828
0.6895661598082039
0.9954878019444034
0.9620796596268197
0.9905273368265692
0.9873037388455891
0.9647916911752349
0.9806268307707781
0.8536871553749604
0.9933285184758447
0.8226709332147593
0.9704486980639746
0.8868449616831658
0.9813747717716678
0.9535914761913916
0.9826796267405916
0.9881709217493778
0.9710196442561588
0.9884416965631083
0.9902606000295471
0.8568876515937063
0.9909375719064729
0.9744722958973436
0.9851902586270537
0.9861365441021569
0.9926238936510788
0.6945132774086595
0.8337787840100688
0.9029860911416161
0.9564396655684588
0.8734465938179857
0.43304039919261317
0.9793194034964985
0.9867537746610628
0.7041976185043396
0.9893488959124366
0.9967056338866084
0.9950928728804903
0.9908273956054375
0.9956683391690431
0.9871096291476903
0.850466991494741
0.9923209693895523
0.9833865338853102
0.988863146121275
0.9962076492994454
0.9904575060817704
0.9909591843468506
0.983296657854706
0.8946504559270517
0.9954354372716572
0.9918402727945946
0.9927342784818876
0.990734500439417
0.9807452555755645
0.9850669684550559
0.9175299636371625
0.9463725182106754
0.9664215506299237
0.9924441076165215
0.9043958031837916
0.9912987583092938
0.9896805632692549
0.9805966703434831
0.6335464379987489
0.9833698581300003
0.8612198678905378
0.9887158226647008
0.9671879791475008
0.9868756062075654
0.8550902122393176
0.9896416286124119
0.9891787637709112
0.9843163357881746
0.8391366922527669
0.9885646741894251
0.9905777593704701
0.9563631279235306
0.9971382526158623
0.9473111594653404
0.9882962644500703
0.9925367885967306
0.9693990314297787
0.9859197739629265
0.9813760950586553
0.9930002808816335
0.9329911102199051
0.9922623196042768
0.9903691573600588
0.9260872757532
0.9800733196016553
0.98588677456864
0.971713138152497
0.958199437890983
0.9888923682298099
0.9897587942651207
0.9924093408899318
0.9840477350219191
0.9857736820875609
0.6423647426071789
0.984714329236844
0.987579345703125
0.8599996435700028
0.9617403438696215
0.9858785899006397
0.9235818589094064
0.9768100176183325
0.9728540548844048
0.9840331618945267
0.9885544896866895
0.983326727402231
0.9890213495171825
0.995038882950503
0.42993223931585384
0.8661488534470345
0.6380868412657867
0.9850974989381401
0.9889846529421397
0.989325951793984
0.9725495056078324
0.8566653612017016
0.9571265627086359
0.9945831989136388
0.9295607668507648
0.9422024073817473
0.9755448816500041
0.9621029165892625
0.9479192151654384
0.9936322307490131
0.9879418148285596
0.9635854651677437
0.9833893955681936
0.9829102766351467
0.15714489469263562
0.987860441607684
0.8674623379166608
0.9838085565994629
0.9413727278331537
0.6698507794893672
0.9557038193791674
0.9913312740957622
0.9666947145434066
0.9922968845780374
0.9617527284574034
0.9886962230512419
0.9697943136596826
0.9490374166761276
0.9869159145844358
0.9795671981776766
0.9792415089350891
0.9925463767770819
0.9903260754365926
0.9886356174119956
0.6780112251772561
0.9897332454430491
0.9560486446198789
0.9666151468315302
0.991565376350983
0.9924624351375944
0.9957901943356795
0.9841134674203037
0.8967257451053747
0.9807778812130309
0.944675009073551
0.9921776643781579
0.9456160169624082
0.9905406574734705
0.9705497995666007
0.9803753298172223
0.6195496070355663
0.9807173857146196
0.9844646131433308
0.97589551837627
0.9881960472616664
0.9746425166825549
0.9852366705785771
0.9799330094450647
0.9895238283489158
0.6383594504611922
0.9623486482003649
0.9898175912043978
0.9882407702295499
0.8695334064983871
0.870089640824818
0.7285965734520647
0.9943616625410538
0.7018501066415357
0.9916215211387296
0.9936455802467623
0.9917975158190766
0.9811214536536425
0.9890069208827781
0.9873419797012576
0.9892273357862356
0.9188120784269782
0.9773869534232059
0.9570718795585079
0.9866523861100841
0.31212311557788947
0.7124144771981585
0.989540780897558
0.9843336046769777
0.9896962720926779
0.9977450793975827
0.9852321009157364
0.9833941297320006
0.9895821772482455
0.9853943752167996
0.9924425260253401
0.9467752699557365
0.9884899737152516
0.9580561240417635
0.984386583945105
0.985982644991646
0.8710813226094728
0.9954925756137982
0.5631163891944294
0.994494979146493
0.990448100551331
0.9894879327679424
0.9639888841932716
0.9873239436619718
0.6782849444423845
0.9883557376733312
0.9758557457212714
0.9917605630363326
0.9796528200994751
0.9800404670572862
0.9927618627809475
0.9853337650389016
0.9863502423788737
0.988240712540021
0.8745631709851085
0.9855231374230196
0.9829278520330144
0.9728989476719043
0.9882582249388269
0.983324846011878
0.9751930528372755
0.8491623515077673
0.9778150790320325
0.9636847167996379
0.69623192423993
0.9888564359609887
0.9724139367070876
0.9924683695392695
0.9767637822462636
0.6915257016369251
0.8519041125046312
0.987390462951606
0.9522739529031098
0.9905834864686134
0.9348991869470239
0.9736501850283116
0.9675780951653555
0.988948629405082
0.9707074059787273
0.9752270118731371
0.6342147985136549
0.9726890329397899
0.9763670842942719
0.9875861389181213
0.9943792013747154
0.9043743280346179
0.9360008798944127
0.9903911804315826
0.9797571113131576
0.9757566959425129
0.9742499038589827
0.9727935860201218
0.9956987381944905
0.6759907589316348
0.9844717517782542
0.862093246559266
0.9798421221234622
0.982227909291249
0.8686165631948997
0.833262249181545
0.9915909023628711
0.8402366630198232
0.9890154606720611
0.9757496529749511
0.9674420713735092
0.984023450470252
0.9922974210706365
0.9748977399968008
0.9942333517655423
0.9778561494138684
0.9846934165283517
0.979672131147541
0.9834077164277152
0.981196553544022
0.995025464006682
0.974711174998669
0.6654620028248446
0.9932092647652608
0.9863482130887216
0.7485653445859157
0.9337092939680434
0.9802706092971709
0.391080286292636
0.9834195805779509
0.9760924284653442
0.8374478753613549
0.969866416707839
0.6240558723760962
0.9821352884270059
0.803957318892795
0.9530401825173886
0.6503778387425844
0.9878161339480148
0.9962240348015226
0.986025009697991
0.9812092623845333
0.9841762975850213
0.8942101637838665
0.9703950624379373
0.441980632357988
0.9835231078365707
0.9898672755815613
0.986173450063778
0.9915771518141164
0.9931022914080585
0.9886931442427805
0.9885210155642998
0.9422402353826432
0.9855321445903197
0.6664378430488856
0.9922242085231532
0.14868088648179734
0.9889334657398212
0.9970045887151597
0.991993596376779
0.7180581542351454
0.987913703788929
0.9795116012289083
0.6521055021755066
0.9857885402627956
0.9439399231575271
1
0.9894808220607156
0.982996328392005
0.9837138820281071
0.983362127919951
0.9933164075466282
0.985477957557318
0.9674878009842506
0.9920076865964974
0.949979603606645
0.9950613676212741
0.9785636232591662
0.9926847548675427
0.9662732529488303
0.9918276702635627
0.8113708624834018
0.9894943242742404
0.9690133341942982
0.6362860783023105
0.6373790795387922
0.9894009884972833
0.9855853487556958
0.9861593760028123
0.9764435857954308
0.9725531479812477
0.9916030233416598
0.5651288454820463
0.9908110147114296
0.9840713313303915
0.11711430441557873
0.990933001855555
0.9889017413324163
0.8910987419675989
0.9919225503618228
0.9760917807645606
0.9899057131668765
0.9872104973580127
0.908160172719747
0.9911868185459992
0.9802187411716548
0.9902414171500236
0.9885412808512071
0.9731010125943628
0.9697240490111013
0.978757365626598
0.9761764844332481
0.9865733681309015
0.9922611047184376
0.960586588109613
0.9927543029321053
0.9909450638322453
0.9694926710909066
0.9952280647006814
0.9845930332224775
0.9695118549511855
0.9825618559857915
0.9799647370192455
0.9975034492537069
0.9958474827946854
0.989832438587929
0.8493698192131226
0.9789539203672366
0.9684863696576728
0.9973107329918247
0.9722314928727323
0.6835467669113562
0.6507075393637411
0.9916718043030752
0.9882286012720796
0.9957475380483438
0.8665100840499252
0.40264293419633224
0.9902068116799054
0.9951460237844835
0.9691649464827179
0.9726261832348017
0.8640577172769948
0.9925486826368165
0.9835683977557867
0.6611992277319318
0.9905554961187785
0.9757467350240304
0.9835372078664393
0.7177599286033021
0.9758579315166421
0.9914107623120674
0.9487327369155579
0.9724295519176722
0.8460237086813525
0.9919210243708715
0.9809434908122872
0.9739414773203655
0.986726895826243
0.6541905247596976
0.9892264669636932
0.9892775531727896
0.9667483699506337
0.2980340319283259
0.9838319888355628
0.9902667790531096
0.9898093064217546
0.9766955253105024
0.8671139587964137
0.9775048394633202
0.9436967561117741
0.6164846284336776
0.7045494173925568
0.9949969053022488
0.9872853865170622
0.159432311226164
0.954573940105314
0.9748624694376528
0.981945147482255
0.9949117940185186
0.9882593802905626
0.9859120232798042
0.9935242965401304
0.5688226839148046
0.9782474631384201
0.975920003275571
0.9866535591826623
0.15828543740781095
0.9817749205480371
0.8520303616265982
0.954590470455878
0.9798922633974181
0.9559306955182676
0.981425195896276
0.8817503292843554
0.9081215536234919
0.9815563146177072
0.9877428387400348
0.9585930502073118
0.98140407678854
0.9754823495783908
0.9896560777106852
0.9923763917858927
0.9804722873661968
0.985637307078233
0.9926472749936792
0.8532991565377686
0.9285001855631843
0.9403175662486901
0.9745302653218647
0.9940333608569941
0.9828145081210116
0.9901221617862846
0.9733375499474979
