0.9957052744598041
0.9993784283560984
0.9655491515535572
0.9937847443725508
0.9642674032917935
0.9956247665296974
0.8737130856529145
0.9931239546552686
0.9865814088536455
0.9870914117125323
0.8979920056090844
0.9956215010416218
0.9902161057950758
0.9938273847817677
0.9796854104311278
0.9957035350995598
0.982763664833014
0.9802261048304214
0.9872306037972962
0.9850000460403744
0.9707982532570981
0.989154723479786
0.9969988288112435
0.933082625105216
0.9924868263385432
0.9941400294324314
0.9927530742620508
0.9909905294686189
0.9955218796751443
0.9919518226825962
0.9599089066292951
0.9815777576853526
0.9946831355365521
0.9838931338520935
0.8889627839924453
0.9871578172263897
0.9935288024185636
0.993970893970894
0.9715427657873701
0.9940407728663054
0.9943143956073932
0.9664613582099655
0.9870393521970019
0.9238811593422859
0.9845644246552453
0.9923449639680216
0.9921029860791094
0.9967040122441582
0.9891136462100011
0.9849509613158426
0.9883396300848165
0.993684135298269
0.9871155579475673
0.9969187451855394
0.9855951289512497
0.9697934240078578
0.9850514741695078
0.9949895015683476
0.9933559238000106
0.9747233673247993
0.9902245724976355
0.9915568191608513
0.9781793144573184
0.9836910056565482
0.9840920586747597
0.9941683468414939
0.989556012660093
0.9970890556420784
0.9933371972394177
0.9861111111111112
0.9714455124204219
0.9747256679590641
0.9959251873634635
0.9861492984516407
0.9931202335437995
0.9889105570819952
0.9920263704091528
0.9921544494290496
0.9722627381683665
0.9892450259452878
0.9894808015148994
0.9983907104063325
0.9770732842186894
0.9891427377366048
0.9822669010598898
0.9717722652908649
0.990958923613583
0.9950744278444499
0.9869708418095515
0.996882192058814
0.9844787445028886
0.9933708778123337
0.9811150578462703
0.993289303234301
0.9913021398199315
0.9971768854713041
0.9816942505969987
0.981855140420013
0.9887541646718581
0.9845186129110972
0.9660696848408108
0.9442596027240163
0.986249929708441
0.9469804078008983
0.9945491394469145
0.9875885993959971
0.9805894478221038
0.9948038196292264
0.9914130069966178
0.9879556855065855
0.9956908350773089
0.9831295418283009
0.9757245110231122
0.9887155165364515
0.9849574588769143
0.9944599513919107
0.9867888549822534
0.9772310112752381
0.9945337896396383
0.9944231836223698
0.9937071279451237
0.9755594298936321
0.9733412755142562
0.993355035641715
0.992663018200986
0.9881090673959474
0.9760551282551829
0.989268258002595
0.9974456019385946
0.9934973732899375
0.9941024094786226
0.9980037164619983
0.9901726738202594
0.9897645034047057
0.9915495632358526
0.9938275870734281
0.9927260175366961
0.9933368162952922
0.9911714599820408
0.9929625582911139
0.9956180378320724
0.9940015479876161
0.9979840247583553
0.9936831373966009
0.9924035039693403
0.9840511588790375
0.9840122105960021
0.969968387776607
0.988616213281843
0.9871401836492459
0.9863379076124472
0.9948245188419861
0.983552812827153
0.9826118679306038
0.9808875421405429
0.9958164294311459
0.9964149220414652
0.9771611432579345
0.985042608083809
0.9856224586089852
0.9649234976921711
0.991804160283438
0.9924587658480263
0.9922024865243343
0.9855680351185716
0.945409562738665
0.9844496051572866
0.930922934295915
0.984886348802939
0.9877902636438647
0.9548939322780582
0.9952136256267872
0.9858206162418396
0.9811248838021706
0.9906275727194926
0.9837876544444265
0.9652082673145311
0.9848864565431399
0.9911026888061383
0.9489631663668213
0.9987245112024838
0.9943168272399624
0.9877072392132633
0.9977016097698023
0.9776133646394515
0.9812474940478091
0.9909348593432453
0.995587069193376
0.9915526125328119
0.9963257807715861
0.9747180060108288
0.9895253876861403
0.9929446392243432
0.993035167567097
0.9912272114171344
0.9600579796704907
0.9956259523765811
0.9893314177400957
0.9807508618638362
0.9648185303641312
0.9916439974570468
0.9879059630569152
0.9725200262991935
0.989175597396188
0.9903804411491101
0.9491954629385386
0.9732345583100962
0.995476428024836
0.9836866387238791
0.9736041677209374
0.9766216416802731
0.9689872176025837
0.9863982526222347
0.9904967565939358
0.9887324408246984
0.997278893907145
0.9829976824102933
0.9859674689732982
0.9883798943432572
0.9905045744385916
0.9812803284807764
0.975624078399645
0.9855256320832885
0.9823250155565033
0.9284381949924672
0.9744254233349413
0.9660671308629274
0.7513778221135812
0.9759879869765353
0.9831332447871668
0.931267831882807
0.9924366882281282
0.9764081391919788
0.9804715592879034
0.9814661361638065
0.9906438116261128
0.9931863393079323
0.9801338366274791
0.9956463918053635
0.9861338839294751
0.989783054629471
0.9898011547393721
0.9809667058717091
0.9732882114089125
0.9857625886034456
0.9910506644518272
0.6180745682479436
0.9837052124803259
0.9915446317245418
0.9799698671164233
0.9928157701381374
0.9930819448504336
0.9901517005138243
0.9581921358568134
0.9807032570720162
0.990696918608194
0.9784838659128988
0.9858034258298406
0.9949222174473571
0.9939783142358039
0.9787469936059131
0.9918158681399585
0.9486498645894901
0.9915747127527349
0.9847099816110513
0.9852183206481967
0.9783417122331938
0.9763756083595763
0.9953893850707842
0.9877334713317808
0.9884433631216956
0.9875185454855642
0.9962283746481183
0.9860811683037027
0.9966109444974919
0.9910940706055664
0.9557316820753415
0.9833139176317413
0.986897880539499
0.9949070235698212
0.9970810330604734
0.9935640265462655
0.9702129911740148
0.9934732104720333
0.8588323928193161
0.9972050445537323
0.9931896180969966
0.9906577719987563
0.9879345756313351
0.9948999020781198
0.9970077309985097
0.9949108191278293
0.9883615893564327
0.9939993881729118
0.993629872545065
0.9879529204301416
0.9922782904134976
0.9874672180359195
0.9500523761677747
0.9853474642577709
0.9683469323054846
0.9904638124754866
0.9897143684960282
0.9567728334455046
0.9896026735982176
0.9832092333630595
0.9781675288898589
0.9802987431407261
0.9905899037200903
0.9912412807853178
0.9921311843972628
0.9945587102794282
0.9791532438600897
0.995949540578254
0.9938527662551851
0.9943225321795409
0.9857043196471369
0.9904136806054843
0.9847214997206327
0.9683653494672328
0.9606256784919056
0.9955236498191443
0.98120148771022
0.9944858224459463
0.9916056139621617
0.9574044680296605
0.9832993148536172
0.9469278208674673
0.9753410696743487
0.9906798822542342
0.9811063777495597
0.9933683656625507
0.9851078934768611
0.9655974985698277
0.9912979469585119
0.9941106880345472
0.9995431229622246
0.9793723528816548
0.9929265068260259
0.9927003912714001
0.9826601552563239
0.9899689846004149
0.9599759361448414
0.9926395260790165
0.9947170912926175
0.9868978910801718
0.9833424178633186
0.992165680812363
0.9779571297127214
0.9942409458324059
0.993863031761973
0.9856179527823741
0.9829589589589589
0.9884270166526841
0.9886246682194897
0.9809057282815156
0.9952821365478541
0.9807669655854474
0.9808374406928002
0.9904768789926128
0.9955020175646807
0.9961441515467809
0.9843604929584348
0.9814004161870433
0.9795143334818912
0.9826949168968357
0.9886606571104871
0.9763368374208047
0.982685802740459
0.9725437693928829
0.9570929583100611
0.9195156782591261
0.9908871083329095
0.9775283533788082
0.9927660384542166
0.996886065403041
0.9886225070055927
0.9875022746015092
0.981129210122986
0.9882988638574262
0.9887376938391569
0.9877728631323907
0.9683318745838376
0.9872105200652106
0.9894902559454237
0.9907438917975567
0.9898314720462386
0.9826833485060406
0.98703934736206
0.9953714553550503
0.9922732227864605
0.9820014066805798
0.9402750921230253
0.9511471412835408
0.9860763566168586
0.9949713946548399
0.9842988410663163
0.9760409817264317
0.989404341822645
0.992007827601271
0.9937681674983254
0.9882853748680043
0.985362095531587
0.9899630216587427
0.9950116051134655
0.9884353295767265
0.9757944254649965
0.9874183209080767
0.9608340382395951
0.9937020830451339
0.9362264507167612
0.9888422134380226
0.9841246167868092
0.9926860007363562
0.9958962289059377
0.9950857478949975
0.9886938499155883
0.9942024886877828
0.9939376987398422
0.9900455022751138
0.9934534382136514
0.9332794483525088
0.9815432549847827
0.9975697652929219
0.9904325217413579
0.989041095890411
0.9630994300649799
0.9799139979631096
0.981249745994096
0.989709213973392
0.990200445948379
0.9966609450875108
0.9907072448504828
0.9852203841985542
0.9920789697636784
0.9936450479259157
0.981125473759417
0.9926070498188753
0.9879743408073246
0.9881490990497362
0.9857906508720038
0.9857811793185236
0.9814580775619268
0.9903831487468331
0.9926124701138759
0.9894061292413249
0.9921828908554572
0.995598564151511
0.9815446641764899
0.995181242807825
0.9820751128742686
0.993373260515242
0.9936123407664873
0.9863668335865406
0.9945258860642049
0.9469609162844917
0.9738798327730991
0.9870058632984204
0.990852722186714
0.9859932265752394
0.9931088891407251
0.9876953713529589
0.9937856543968961
0.9847459933327501
0.9826367408940306
0.9936642718762048
0.9748683424878105
0.9897932883138306
0.9950278199537224
0.9846751716268543
0.9480109909751613
0.9955581144587289
0.9421265700148784
0.9954477949927851
0.9322296880069495
0.9886057320551089
0.9953147243796515
0.9868807544883362
0.9934349505537657
0.9777911008002502
0.9931458145092734
0.9845722163967533
0.9959847074266727
0.99361116512842
0.9823973082538816
0.9893584322467224
0.9789055065429415
0.9888849667144546
0.9636112512948551
0.9701332187365707
0.9953800295087138
0.9851115250513445
0.9947128489519692
0.9799598740465516
0.9945886801781798
0.9834201682753837
0.9910168107366831
0.9904929062454293
0.9917743980528707
0.9898049584974581
0.983022748396538
0.9634244491049976
0.973799682511157
0.9833997113596625
0.9825629249363473
0.9950766193588771
0.9888392533395216
0.9851625328797489
0.9899886300934673
0.9780133557350345
0.992750384612079
0.9926948051948052
0.9868202506525162
0.9888251101622407
0.9785112510605752
0.9964903160814234
0.9887180009099835
0.9790675547098002
0.976193499238192
0.9930023069317807
0.9834747567246884
0.9928285142893297
0.9919700842092541
0.980308810471273
0.9806230180936393
0.9889610869083659
0.9958477149456311
0.9873189943470215
0.9816727396948304
0.9901309903315846
0.98615763108753
0.9802635690482766
0.9901099797733411
0.9796330472635787
0.9956773564738065
0.9563239640472397
0.9976566684520621
0.9924292495343388
0.9861146384571129
0.9828245622293353
0.9849263252978039
0.9645995196500478
0.9952407614781635
0.9873432538177247
0.961764844969183
0.9879361465449654
0.9899011926067406
0.9825442852631276
0.9920235950796462
0.9774797982024651
0.9920923239465236
0.9860250554022885
0.9917525191682414
0.9829012383752407
0.9812359181374389
0.9938426345484842
0.991495692004372
0.9851051527886847
0.9929517300299018
0.9768411245116875
0.9948103451547409
0.9877383532620607
0.991544440265764
0.9907378676926896
0.9750552547127795
0.9840667435306175
0.9872612877706884
0.9792641105914102
0.9862624732956543
0.9941888127163859
0.9802197564175558
0.6718566976059184
0.9775559017005445
0.9944407506320867
0.9980220226584369
0.9739776058436254
0.9937390869427363
0.9864741552527836
0.9880975276810929
0.9845485633858571
0.9917246498948848
0.9909621572564011
0.9765050942837018
0.9937520516064309
0.9878003741379172
0.9865731534271517
0.9505252362484675
0.985369660848588
0.9916167341673147
0.9852436262692673
0.9808352829906914
0.9927166563174344
0.9923984726160187
0.9766899587218019
0.9906918728172857
0.9905382803260039
0.9884554100233497
0.9907179124540514
0.972428705348895
0.9883450484505618
0.9791657711424777
0.9960236782838064
0.9948025811692808
0.9926139880338354
0.9483109476886854
0.9869512583625358
0.9892234118424335
0.9781060324953417
0.9746629373354424
0.9874981526737504
0.9584630502266789
0.9876480603858944
0.9900549387780536
0.9900007267455403
0.9793142802796139
0.9893672127129376
0.9715571837988672
0.9481020166073547
0.9803669996122962
0.9886231696181984
0.9937132045319201
0.9834003902956128
0.9611033746017817
0.9911239866055692
0.9065955947676377
0.9784013710124175
0.9952766375550446
0.9904468265252329
0.9836341044415164
0.9769797421731123
0.9899234109215741
0.9857341772151899
0.9636284718377542
0.9940138780928082
0.9909639458437153
0.9934780334307122
0.9483085091846096
0.9941623387162217
0.9917956969562662
0.9867632860841709
0.9544475885826772
0.9767765292832071
0.994553543574632
0.9920473739242339
0.9941341032182982
0.6515623709936401
0.9841485221226004
0.9859423698912084
0.9922130029652181
0.9674361128006101
0.9905189927968971
0.9827412467688285
0.9905807097622941
0.9442345719399651
0.9955885481396886
0.9922689842929125
0.989497212997647
0.9916258615850045
0.6327220125701924
0.9947071643546546
0.9877252029301129
0.9894707289774913
0.9642864720922584
0.9620292435523902
0.9611937033001762
0.988318551253129
0.9757895064999844
0.9879475381162877
0.9831601803880011
0.9887969500441945
0.9860288683859141
0.989520197761212
0.9827018715613963
0.9856036730088323
0.9938821525992968
0.9583701210023184
0.985980032983635
0.9943753356966376
0.9826087748291608
0.995050737015962
0.9902815228556754
0.985124388663689
0.9909396756216455
0.993632559035769
0.9942029435187771
0.9863195755587667
0.9787624687930321
0.9943170971843485
0.9893568639630845
0.7542742564331069
0.9824257644444142
0.9649871724035994
0.9780443711951349
0.9839072680273662
0.9843593027758446
0.9857188029713184
0.9874939638445261
0.9885236289007384
0.9825406290317334
0.9828918369622077
0.9972304013934543
0.9753157223282107
0.9863035439917606
0.994424757133256
0.984894334601937
0.9705732267392414
0.9399618418325674
0.9930257311533844
0.9357989868156883
0.9928349063596383
0.9893080885423917
0.9900916720226581
0.991601838755304
0.9934641908393795
0.9884561563854457
0.9973903423256831
0.974144384649067
0.9851868632689912
0.9908939771782664
0.9930959274221616
0.9879742157284057
0.9829791806715864
0.9931215323682129
0.9914507546017622
0.9911593921412354
0.9857473327234482
0.9553765738518689
0.9954609346683024
0.9861233029905845
0.9934526547773154
0.9935794640160077
0.9868064044245837
0.9921303354026706
0.9960007119859225
0.9763983833142059
0.9904617381239588
0.9802214629414682
0.9787910743458631
0.9847628552529273
0.9927152415047832
0.9882853739386581
0.9627575083697857
0.9627524014899039
0.9862062893450922
0.9347331257216385
0.9936852608709524
0.992406914976043
0.9931899213490104
0.9917423247950186
0.9906238406716782
0.9908877921379602
0.8517296731101468
0.9827938461538461
0.9738815296175956
0.9857167130386764
0.9858888199902797
0.972972439736586
0.9576930798318913
0.9671472111591032
0.942792532717475
0.9948543893068156
0.9927725710256485
0.9810820934180221
0.9812292611409833
0.9758355255170181
0.983620356726396
0.9590465798267749
0.9874395598288224
0.9666388418114824
0.9664367970379816
0.9741236290756583
0.9825258768760259
0.9912955749376646
0.988657710984298
0.9347865227881073
0.9741769984421871
0.9845070012941125
0.9597224119006793
0.9690371242238263
0.990232186169849
0.9892771671912236
0.992906908859547
0.9897837096924078
0.9834545142268277
0.977413245697098
0.9963860259670727
0.976999469871002
0.9843333662291522
0.9968102520405417
0.9835527059545536
0.9906996156505598
0.994857019764123
0.9904761904761905
0.9813317239991953
0.9942073398609762
0.9820273083300991
0.9918072181425969
0.9915438127607646
0.9946779148862239
0.9827892763822832
0.9919803248385197
0.9872109926290084
0.9920232073269178
0.9835809348686497
0.9933485085878144
0.9906767465899188
0.9958364539795286
0.9688396758162959
0.9877363829812855
0.9697059276366435
0.9917886437166343
0.9970906680415409
0.9789847039146956
0.984900245968844
0.9587640977443609
0.9942173594530063
0.9901343136076827
0.9898007270768816
0.9942158449535192
0.9899847328244274
0.9910246525884278
0.9788815823615322
0.9941083119703424
0.9922009275486456
0.9823082296587053
0.9908724957095414
0.984642871218192
0.9912118005378363
0.9969891569639499
0.9845571934289797
0.9792353367058274
0.9863831667648661
0.9805543937798248
0.9907291251153801
0.9750870194376002
0.9910805592879122
0.9805006845296304
0.9845284309948625
0.992124673791635
0.9909235775713118
0.9932740347012722
0.9987770615106087
0.9920208978905471
0.9819982099112616
0.9982611016977432
0.9831296834529529
0.994429571180311
0.9834275818812893
0.9830741408322504
0.9660077569337848
0.9952493516221812
0.9826195464629036
0.9815761135584924
0.9938440722793462
0.9889656252735557
0.9935755735474542
0.9844520694831653
0.9976268282142072
0.9940407464409847
0.993528949567846
0.9912659199017954
0.9724942798488998
0.8653905035211056
0.9898693623298589
0.9960226596844245
0.9674641279973586
0.9906514364726932
0.9572189668609244
0.9847485965174603
0.9901143551292255
0.946281384431168
0.9915016436946036
0.9900977894650341
0.9744829108599132
0.9889158065907808
0.9965064406678622
0.9957712634666203
0.986483921181518
0.9933744290127023
0.9717114604591512
0.997338763894965
0.9910584478849557
0.8633673901477725
0.984869209855278
0.998558723239709
0.9855096361949912
0.9965033800659363
0.9933019480404296
0.9795487649982445
0.9931323671733562
0.9769047118080753
0.9925939802672662
0.9859844932056354
0.9890032756200281
0.9937317467415826
0.9831868522265643
0.9943024909399514
0.9896481673582296
0.989678345730338
0.9795494384210868
0.9959174926921471
0.9803122313104622
0.9467147405740265
0.9912763653555796
0.9870335131746849
0.9751968602773199
0.9919867195291027
0.9948005006492063
0.9858805410949375
0.9902734230133846
0.8473286631426847
0.9802190616315187
0.9964512556226125
0.9965390338213824
0.9782504690908967
0.9918812858351349
0.9972276581865623
0.9875563851298802
0.9875054043818225
0.9932727839661384
0.9908815929874688
0.9853074194385673
0.9917687220839202
0.9824091219179417
0.967791965866549
0.9955654263807263
0.9939328965178539
0.9665125922312336
0.990947615887433
0.9834668003325735
0.9947173828602667
0.9945687100686413
0.9966841725179607
0.9655775731511717
0.9903801595947294
0.9815667089865312
0.9899691050795968
0.9933017945277139
0.9896344555099542
0.9817040803085888
0.9719037821703854
0.9848708956864923
0.9968842795448097
0.9933884061828622
0.9945663899806164
0.9642573400893346
0.9744072944246621
0.9933780506495731
0.9865962054077608
0.9903707270101108
0.9514537885939847
0.9955619845019597
0.9909567835729824
0.9865465141538761
0.9889542768426414
0.9863695996896996
0.9844899605054136
0.9876217698961977
0.6734958742795538
0.9536022391928926
0.9946955588014293
0.9896714850917875
0.9874476395335673
0.9865394309062347
0.9884336819582503
0.9589622147845198
0.9952300387491131
0.9301498030350577
0.9882612827823586
0.9916175343344067
0.9899569223460191
0.9932349242940222
0.988440836135925
0.9726523405397929
0.994961962994212
0.9508000688779903
0.9896097028611289
0.9843722557227329
0.9953565282216812
0.9905122606326447
0.9194938932824958
0.9059965905216502
0.9811972904471123
0.9859793893815532
0.981990350130299
0.9819131832797428
0.9452141556488006
0.759939984996249
0.9876360846425533
0.9898879503947372
0.9715085976523727
0.9818883978356945
0.9728629145165807
0.9890664465538589
0.9807775674063425
0.9828234945325979
0.997143167862939
0.9837656371475015
0.9945968529487905
0.9613498510343791
0.9786946111940039
0.9789896987619017
0.9660411715127835
0.9908287970886621
0.9959472190457004
0.9994318894078047
0.992628281884637
0.9848449876507036
0.9891194109474203
0.9825006671549673
0.9878535669284876
0.9962155578257049
0.9953124100881302
0.9457574938296369
0.9872646816170404
0.9957236332698346
0.993631755909068
0.9922325954671516
0.9736528953783326
0.9776553584979903
0.9805005980951046
0.9927493495229835
0.9849175162325461
0.9633551534727055
0.9879152595617686
0.9895492712424208
0.9913480070217651
0.9913941599275007
0.9759899589279811
0.9679248804720815
0.9821210401254461
0.9739374388031664
0.9721591495510372
0.9169408138466554
0.9893032005981525
0.9899123302202115
0.9854737314773238
0.9817183549511542
0.9932424330666849
0.9953540075247976
0.9852307599280434
0.9818938982437081
0.9858462092887067
0.992767323250088
0.9966302316361783
0.9761100227460984
0.9673010456315352
0.9757567944673623
0.989714930416928
0.9950813721434153
0.995666394392287
0.9694317352960679
0.9949020029552451
0.990641026106994
0.9926464247356084
0.9760070383330682
0.9833950201205213
0.9827742398722328
0.9354605810431152
0.9929192321622601
0.9977215654379004
0.99150078696417
0.994988972496108
0.9859773974490691
0.9519243082810417
0.974291195405275
0.9965138167306679
0.9948051948051948
0.9715544486320606
0.974880152694345
0.9842745561736003
0.9933127504118784
0.9903089249879155
0.993633416100634
0.42764242393399166
0.9750276064196342
0.9770217439257337
0.9952395372781782
0.9975180415453929
0.9703800942017767
0.9868970066371455
0.9943530476532813
0.9945696614937386
0.8699058298742334
0.9762778930356794
0.9864821572833384
0.9963589279585661
0.9589956617142091
0.9980072486330971
0.9907219246966783
0.9881112906712232
0.9845445366888141
0.9939805872917145
0.987839745795691
0.9883957136928905
0.9960791083053857
0.9917339314124186
0.9894479667457435
0.9836332748643012
0.9923876922107717
0.9936143443087565
0.9970739239529048
0.9773880223766113
0.9568985550831818
0.9894448068449677
0.9929659048377227
0.985484463380592
0.9806868754723318
0.9964276759505725
0.9950980790483
0.9921061489322085
0.9759110218303533
0.9889064470113998
0.9749009681289962
0.987655421966755
0.9849732942150004
0.9793336762387458
1
0.9828360701553479
0.9912054339058922
0.9873431984833247
0.986587667397177
0.9952295684741453
0.9659963081706013
0.9919289614743172
0.988299207989956
0.9808514382710092
0.9861836075778948
0.985287610985633
0.9960826760370878
0.9928510003701043
0.9764119149786004
0.8809198781896461
0.9921849421344076
0.9735866436384571
0.9940125763237037
0.9649427470559505
0.9873812194958241
0.9766769773123013
0.992637684854666
0.9875824619466121
0.995539179562761
0.9936859757208997
0.9907524186131345
0.9841991827632393
0.9750563409137472
0.9922603423439856
0.9889795464426178
0.9862640005986893
0.994847814188144
0.9763614767343894
0.990375392447233
0.9956931633206728
0.9800337411756997
0.9753192053126363
0.9952653627822811
0.965438604192038
0.9970996922015688
0.9832705186952632
0.9914906646538587
0.9953481963402616
0.9958435253778553
0.9754580097545801
0.989083239270678
0.939939193732277
0.9944288493397992
0.9563357321060264
0.9876731878225095
0.9766664109841221
0.9888478904122509
0.9726516583094023
0.9925804938228702
0.9914169638940281
0.9846704260763619
0.9817137443003494
0.9731908437051499
0.9793584958326922
0.9894088197485716
0.983169709019988
0.9956854896301504
0.971690005782928
0.9881057209449045
0.9970614425645592
0.9858046217192028
0.9946974230442052
0.9905874200580346
0.9788007916679003
0.9893432317547746
0.984627869777945
0.9928899230818952
0.9838301319920332
0.9809193490977957
0.9908317382407077
0.9627906976744186
0.9936562172211719
0.9954305367890922
0.9974722772199744
0.9714446881855218
0.9936296975252062
0.9944657386410511
0.9898107714701602
0.9948985459245868
0.996160257173473
0.9910009074398775
0.9928008652853854
0.9890923646552586
0.977954203292325
0.9957498447818479
0.9790794463493002
0.9861779042758531
0.9725920084667503
0.9874769331731825
0.9894940318819726
0.983822617324788
0.9845107315638949
0.9926381960165674
0.973950366525406
0.9910253524414543
0.9803085715354685
0.9946719751284817
0.9866656023337917
0.9868741676972652
0.9883398023924262
0.9922681535043778
0.9865901858125449
0.994130164283267
0.9937337043643886
0.9844969573566206
0.9813509344060615
0.9706541675157938
0.9730560043692966
0.9254984766449822
0.9921614747456559
0.996790428545597
0.9765192744434137
0.9938102631760022
0.9827289140379538
0.962739155320766
0.9972343260974591
0.9534393182236441
0.9874794701704243
0.9816741599598273
0.9774951666919688
0.9907632204561858
0.9830230506480874
0.9936550983075998
0.994496283729197
0.9960418102121297
0.9800377505857849
0.9938213298777536
0.9879591447397384
0.9743529381551408
0.9840146902483812
0.9913881649163073
0.9171389454915945
0.9949149969641773
0.9923454011818675
0.9701308524569406
0.9804852300279584
0.9792541015812077
0.9782677286544307
0.9943134910204248
0.9901574949045766
0.9961020839897375
0.9611289758980188
0.9880851546352786
0.9931565386392843
0.9402569580602577
0.9942747164875864
0.9855373883718416
0.9919879707347726
0.9896098375401221
0.9669603524229075
0.9890179418809599
0.9915405484087371
0.9943039092662985
0.9901299212114507
0.9920643917923138
0.9509787714730477
0.9876748271787359
0.9958345683025627
0.9927894585712919
0.9885974914481186
0.9963220471631739
0.973040914594135
0.9366382097538882
0.9919332607907145
0.970315204888987
0.9946883953813789
0.9944694869107847
0.9875994611411015
0.9940784603997039
0.9885484957448222
0.9891802947151669
0.9748806169141735
0.964915684603899
0.9342676130171474
0.9884824808210028
0.9923930777573443
0.9884086557985728
0.9959235265213231
0.9964219739999655
0.9662906777104613
0.9916059296274276
0.9768988561881506
0.9963565001388357
0.9877353395061729
0.9920726494449061
0.9666947544025398
0.9859291643769665
0.986518320486142
0.9937571320951434
0.9935240453633676
0.9932942712979681
0.9853691387842782
0.9946826319002698
0.9725125705907194
0.9972626702732471
0.9694492058917221
0.9832442090649665
0.9844610964973003
0.9909649439826527
0.9876920791516841
0.988859403437265
0.9880952380952381
0.9889801620811467
0.9920701926879054
0.9686916798974959
0.9879689317326079
0.9956165610801817
0.9843726556098011
0.9851533124006667
0.9895818590908172
0.9931913729260858
0.977041106270127
0.9953718944663676
0.9632893620303942
0.9816083529684588
0.9757967217110475
0.9821267630362264
0.9796102490075785
0.9834284247670523
0.9909111222102468
0.9907779572517937
0.9962709284627093
0.9957698756946273
0.9898379177790223
0.9789670205265196
0.9917697709665537
0.9628923591163107
0.9783022786420306
0.979834913473643
0.9880289339280349
0.9841874421059177
0.9608649121953593
0.9810346004080994
0.9949539242796792
0.9942386247211343
0.9882104057486615
0.9908068002049866
0.9763311639058575
0.9924414210128496
0.9359436324265801
0.989417457451633
0.9854457036770207
0.9980887402710455
0.993763487268019
0.9926238856444276
0.9916400726292333
0.9764349031462755
0.9749034941996566
0.9911574578335771
0.988883553770716
0.9891851201898798
0.9836502800065015
0.9320768585547081
0.811389308528178
0.9964080544097588
0.9570411655350497
0.9869247724580528
0.9873304161555503
0.9864129006698549
0.9766456279029125
0.9894740819556549
0.9919388641058651
0.991969555261715
0.9877323364929613
0.9909737395559702
0.9917748717711751
0.9963226683725012
0.9879188985789543
0.9905646544772071
0.9879534809875368
0.9817822665040157
0.9929506456487092
0.9901889144404565
0.9868416036250947
0.9909716186651482
0.9860056114418668
0.9973122997937601
0.9921529179338433
0.9828701941377997
0.9916290371506663
0.9905518475942099
0.9848808781364506
0.9933310237311623
0.9869074216420859
0.9399121592213033
0.9845452084461288
0.9919603850602732
0.9869725933989688
0.9938328314812211
0.993114550294066
0.9935762853909091
0.9540772965422024
0.9910509912449726
0.9923580498593287
0.9834996342944567
0.9958976980324545
0.9605068591018093
0.969398604967676
0.9829663654458991
0.9891380275435196
0.9878110318767334
0.9738699817503617
0.9849408596980479
0.9797614313145189
0.9890023160783041
0.981816434446987
0.9791650201107348
0.9855133872334578
0.9925456014978573
0.992344402465699
0.9865645095819001
0.9936967619294386
0.9963914579761294
0.9739470233133525
0.9895286957945583
0.9944173219127549
0.9740842585866971
0.9884757866324133
0.9912876073594865
0.9894106193364787
0.9877168278801072
0.9914043501756282
0.9846112918738618
0.9925878004968995
0.9959121813373265
0.9861367944489209
0.9938790275790491
0.9901023901935416
0.9529250661122991
0.992843197214904
0.9951358412141657
0.9901019352932486
0.9914468640160906
0.984153110916872
0.9926858644476075
0.9580556408277556
0.9969195790091312
0.9881563218390804
0.9879432778337526
0.9807138064351216
0.970079969615766
0.9978447047608192
0.9928787146653781
0.9897711912909
0.9811246858647287
0.9833928932410069
0.9862901397647253
0.9502774023537544
0.9794718362187355
0.9841917450028562
0.9895646744719713
0.9909014196673757
0.9605305159473996
0.9887308042107904
0.9956004053369363
0.98975799592794
0.9724947345416469
0.981854353861962
0.9863441237261594
0.9937782708150594
0.9981144804442215
0.9782460700581755
0.9845765216768557
0.9870111928466828
0.9929100584307179
0.9939058186615347
0.9748419462862137
0.9888642111050028
0.9898890538126746
0.9905384156590576
0.9870818807123339
0.9931407337040038
0.9803146355059149
0.9729224427258135
0.9879736992879165
0.9830149867763738
0.9760879436636494
0.9862927504948505
0.9812413767472975
0.9928907115275242
0.9899421070479765
0.9918196850767353
0.9886743582098385
0.964722899631808
0.9893260885290731
0.9695280963990248
0.9933571432179715
0.9757453243135694
0.9856662510861763
0.9869995824339981
0.9895779843274761
0.9664790156520076
0.9796530862440481
0.9788373632946001
0.9867426942266572
0.9907667963556578
0.9883888714224708
0.9853893769295967
0.9934916430028016
0.9733327029007778
0.9954963863960378
0.9882894159125015
0.9588909675253035
0.9723271745071675
0.9779774304750831
0.9152227983643185
0.9839954159353906
0.9906116977801026
0.9916227281654606
0.9314789528204163
0.9942255379717081
0.9866346717263317
0.988433057899906
0.994342990014026
0.9924876418995391
0.9916457174779716
0.861904282115869
0.9973020723904116
0.9748066646910937
0.9484346005614502
0.997386133437888
0.9910365165471293
0.9946430325422551
0.9620392923665602
0.9910196958611007
0.9945415643077898
0.9893844024137483
0.9962220440851018
0.9863049101126236
0.9891545247865936
0.9475610494394514
0.9822593661519101
0.9951330491878816
0.9914158507176692
0.9882749743921505
0.9908040166364117
0.9871725402746806
0.996118393899491
0.9864426725587204
0.9939526958196736
0.9870081846501798
0.995048351071542
0.9853170551424759
0.9935863814649275
0.9515326124195526
0.9937569979303091
0.973340026101797
0.9440938456307378
0.99479636855507
0.954702706585106
0.9967202687391918
0.95478981763589
0.9876106854821016
0.9893237625786521
0.9776760553699809
0.9936416815027431
0.9963422217345185
0.9936719625638364
0.9882764618064933
0.9832981810530025
0.9851112278857943
0.9610691164237405
0.9895639778091595
0.9810695212721473
0.987875728995366
0.992749103073983
0.9778437411104103
0.9832282826416505
0.9957564360092409
0.9882525203660061
0.9782948701602278
0.9814525181471226
0.9831121870783065
0.9832659750197504
0.9820621477227979
0.976792735591825
0.9904818706006191
0.9861087863734754
0.9958932620456247
0.937061623246493
0.989191891454201
0.9841824984375134
0.9951705849354888
0.9818880586614638
0.9960310163050141
0.9967228956158225
0.9923961287595418
0.9888080324244657
0.9893383093544249
0.9867953795639405
0.9779513392142695
0.9890472969457308
0.9960891669925694
0.9929571591607409
0.9694193944510534
0.9952350698856417
0.9777954772949876
0.9007072528082097
0.9853537332802241
0.9854843726599312
0.969631799991845
0.9881505345499079
0.9871534718436409
0.988773163803598
0.9736262418893201
0.986220862463365
0.9759316848833558
0.987515138673364
0.996745650869826
0.981953228703053
0.9929386154289004
0.8689823306361977
0.992464051488859
0.9601388556380177
0.9920713764653161
0.9912680794771317
0.9923547188643673
0.9845646574974739
0.9934352696562277
0.9707197207465131
0.9763893933890302
0.9877338915514424
0.9770399267718595
0.9909877007653041
0.9740345815707908
0.9941462347159282
0.9882140443890015
0.9797367247776443
0.9967569885556539
0.9458322654254132
0.9811260069297233
0.9820536855981816
0.9929771854819037
0.992843968822941
0.9898635772311627
0.9912170639899623
0.9916749488895523
0.985021103483346
0.996211958159356
0.9836401454978386
0.9891644074893314
0.9802920948144046
0.9889316405918945
0.9229851615925796
0.9449161640413031
0.9896272505421678
0.9895448766844648
0.9915764812839835
0.9958268284719498
0.9843521977446497
0.9910548052373357
0.9592879092932076
0.9911109737121423
0.9661769880365939
0.9953515567615002
0.9434076449880486
0.9933237245730447
0.9189728621862626
0.9868805024208597
0.9851594392927627
0.95374286040166
0.9945024514994054
0.9810429642559606
0.9414274939462507
0.9866921838759966
0.99947263564983
0.9932718208024195
0.9793373122041572
0.9906742057789066
0.9769367730069752
0.9884450085588532
0.9655239299415221
0.9918647514935808
0.9964306988720432
0.9894748991125141
0.9919699720025844
0.995677262810187
0.9820896699713838
0.9660021154239292
0.9483085222208653
0.989149377187118
0.9914781334184906
0.9905181509681467
0.9934921064000182
0.9922135200572904
0.9831517608310109
0.9869491266708825
0.8885524459078081
0.9899523141004073
0.9691510846717134
0.9876208384793127
0.99182183546574
0.9843238328934709
0.9465345660010669
0.9921097475154304
0.990897567990275
0.9873157624372704
0.924975849165547
0.996632289542579
0.9905938066200202
0.9960628832553284
0.9955363359930441
0.9983281502092735
0.9847449956483899
0.98608545406086
0.9879791467388829
0.9787372160913017
0.987142275180772
0.971417030437397
0.9864878946819966
0.9865231901488661
0.9886194240832313
0.9941141969415801
0.9905023237917802
0.9737567164669692
0.9767091447315154
0.9887828488950826
0.796559868186151
0.9970773263836601
0.9946070299069262
0.9694948674824566
0.9969353297053918
0.9718082568549858
0.9863013698630136
0.9901826102666716
0.9897062695099478
0.9921070535937759
0.9932224664622844
0.9948657551388455
0.9869058469691127
0.9907115242658926
0.9441487871827908
0.9955113176535372
0.9918578962371721
0.9679123568012457
0.9909075105014413
0.9854881049230435
0.9806244388884716
0.9863656088581547
0.9697294321126558
0.960760184357477
0.9724490006212076
0.9963851248971817
0.9858493073496423
0.9866788107971494
0.9804740450032919
0.9899469254308461
0.9944762907077759
0.9615817618913595
0.9824633230979188
0.995524557764239
0.9661809323110493
0.9875864559933845
0.9874424319170266
0.9801962177809364
0.997387525433947
0.9868950950911204
0.9778888208075387
0.9894594670932523
0.9891260173013807
0.9882785763175906
0.9611525259768087
0.9914065949756344
0.9883744099895229
0.9861353331008023
0.9581812824406718
0.9681534263278687
0.985847486264252
0.9299341592350601
0.9888954285606948
0.9916641043073026
0.9821721830496842
0.9727772502717803
0.96950381132588
0.9716343628657166
0.9944845693394029
0.9946049925274856
0.992436784064511
0.992737742941694
0.990778369775583
0.990500349754368
0.990472070466845
0.8245631738780472
0.9738723105727998
0.9822137506149995
0.9931766214197915
0.9889778356331742
0.9926647121514371
0.9965815570209068
0.9960848060740021
0.9922036078202587
0.9907393409043075
0.9790388426003295
0.9966240748809237
0.969637900162007
0.9876846135813081
0.9896119370107911
0.9930748219230919
0.9925780258817559
0.9938335887174757
0.9894514387457147
0.8842341463414635
0.9907594010778211
0.9936911933592569
0.9963555928008341
0.9070561985776042
0.9735121104757669
0.9861963622570716
0.9886632269434548
0.9860208837447701
0.9878543790656729
0.9929967944484475
0.9563446118960572
0.9462696728838785
0.990382454838558
0.9931047109441673
0.9859891137241866
0.9897456754441377
0.9945066189855556
0.9834351175507923
0.9956266067787595
0.9858936968037617
0.9623297953970289
0.9752476412665817
0.9645595756386136
0.9893154586332699
0.9888905569734274
0.9936011218566222
0.9712825937721559
0.9909438283650981
0.9966851129315571
0.9961535816618912
0.9956220093529801
0.9923399228454879
0.9722570406743408
0.980500858729081
0.9891048699501936
0.8689024390243902
0.9794411641638384
0.9510481612879357
0.9842855334055514
0.975708041867722
0.9880090139136787
0.9827681938692363
0.9916704408535074
0.9922544046255386
0.9898252381327246
0.9932708837818327
0.9543037610006142
0.9957853900291468
0.9936250756087781
0.9947091497140714
0.9863730074923317
0.9929199545861629
0.9699549933098163
0.9938512236359598
0.987814443897189
0.9939279219416661
0.9838830948338588
0.9821375443414578
0.992398784206725
0.987728335589585
0.9908933640652351
0.9922663488898076
0.9906947730188435
0.831530161772111
0.9959935536728759
0.9867419468669658
0.9849781640459909
0.9885847679250429
0.9893016492051426
0.991795781277521
0.9671072097840023
0.9883485699907741
0.9730995588513538
0.9838451764245919
0.9906756698956546
0.9906534744038806
0.9916418372479975
0.9768995281233268
0.9852377385096726
0.9928544515017763
0.9586636922574677
0.9936148664760852
0.9862922195539746
0.9934965252976484
0.9891650230111768
0.9989902426313046
0.9731375100799208
0.960610871701822
0.9839140634352721
0.9857874630463503
0.9907500104283986
0.9818633628750305
0.980958418711014
0.9916304776944335
0.9761851974391071
0.9848250869932259
0.9852635939181371
0.9919954187774868
0.9923925490583054
0.9935970585393789
0.9946815095797205
0.9533778470152254
0.9947174794830677
0.9824937557256584
0.9970231201475571
0.9906072033246114
0.9631721702968666
0.9977786681055513
0.9909167384381197
0.9925092394445153
0.9894592377116431
0.9955699772478087
0.9944589470116212
0.9907909719486164
0.9966537658234955
0.9927202802005357
0.9945910861099091
0.9657906609005528
0.9925886691464026
0.9550257096569698
0.989382822615451
0.9909593838620198
0.9955650115369632
0.9828973796818481
0.9858167476068832
0.9886110157858614
0.9763474832344763
0.9335104560783806
0.9937007638384941
0.9933377711108103
0.9812813531766579
0.9853774350363006
0.9911791739555845
0.9892171302401019
0.9863142243016199
0.9921228406103156
0.9865573345049662
0.9610963482659721
0.9766442001354355
0.9589145775418558
0.9857049423118849
0.977164479869644
0.9810281178005384
0.9691264116836397
0.9955018695756578
0.9932514593607696
0.9821271763315484
0.9943162709356292
0.9867162615432709
0.9928891318991344
0.9833203105592867
0.9885640631856077
0.9951732177334159
0.9598633442434957
0.9825361732812214
0.9904114041604755
0.9837504528438594
0.9902655455040582
0.993516909504077
0.9884957856633286
0.9715404801433322
0.9894775480239814
0.9873609947768767
0.9929097977782945
0.9884501487091532
0.9959947320543631
0.9877495095936835
0.9744795556385362
0.9939089931924041
0.9647347263498912
0.9968140110690358
0.9949027472097778
0.9930982978113396
0.9903664701295743
0.9904034691537285
0.9578719227810554
0.9792144042351454
0.9831368103679985
0.9880176238839372
0.9853255396173004
0.9866447560822761
0.9932198074930114
0.9860493827160494
0.9885167074638495
0.9859763711459034
0.9474804912474245
0.9964222300858352
0.9866145178826088
0.9889076598698254
0.9911985127519898
0.9836863279729733
0.984888587883481
0.9911926972684564
0.9404520840396192
0.9640483482345057
0.9945987654320988
0.9897770404662434
0.9817951329273885
0.9888004833971925
0.9918842788971368
0.9848663429352694
0.9932600266569732
0.9973474285603241
0.990766941422427
0.9934990244525082
0.9929984026113832
0.9899654983631012
0.9992169590776004
0.9829868138607789
0.9815075396944203
0.982417802088965
0.9857232252159212
0.9906163230851724
0.9930813282737723
0.984103242452429
0.9973513403382135
0.9946140274736147
0.9778823272660122
0.9939388900918736
0.8839954397965448
0.8077775519487432
0.9936846061435829
0.9818666666666667
0.950176820806661
0.9855853126338268
0.980656778747839
0.9878790873854356
0.9908817538073528
0.9867122714633726
0.9554843726229314
0.9887544837526312
0.9955811671154282
0.9931602663692682
0.9537725028674013
0.9578128091814524
0.9610920993899718
0.9882400048268637
0.9929008095614413
0.9795708952213772
0.9944956159375851
0.9833889827644474
0.990856223254453
0.997385851240199
0.9940905849066956
0.9906108232319575
0.9893152314349583
0.9943411843028591
0.980490659435537
0.9847892461339456
0.9711737444985281
0.9737834357578514
0.986553955450446
0.9870900550489915
0.9960352422907489
0.9953121580311064
0.9760952251579161
0.9765673387929255
0.994595918367347
0.9944927676620331
0.9905299094552471
0.9722436064198606
0.9924521292762825
0.9855220679707236
0.9876662889183199
0.9905855802751907
0.9874529051882064
0.9742279036460317
0.98777054060328
0.9782282725480241
0.9780254222531778
0.960901237140746
0.9928366702232264
0.99505816757221
0.9943231666408628
0.9966912390823054
0.9951380089611119
0.9868398983317636
0.9951966223382557
0.9884755615227716
0.9775595820134192
0.995711396759722
0.9926771629059173
0.9950851065765414
0.9948468022210681
0.9824912525876764
0.9819198707374667
0.9925127810850719
0.9892468258207667
0.994915524230908
0.9897391134275273
0.9829704876400353
0.9930320432081634
0.9961191916591582
0.9924066704707419
0.9913061679824363
0.9937122835188522
0.9944408451587285
0.9721528676349984
0.99442163758029
0.9911154622081755
0.984044170890659
0.9914396487006243
0.9739921642092229
0.9829724196865404
0.9811391542366974
0.974995571047579
0.9818723432946058
0.9836684398336977
0.9849986726479998
0.9864664512450104
0.9957124101144272
0.9585359374568568
0.9864170039877512
0.991963320212812
0.9873611769160833
0.9826065091668398
0.9913314460025896
0.9812146814533769
0.9930433106652741
0.9860865647849741
0.9851141654864641
0.9860225319839603
0.9797409617051654
0.9952275209507689
0.9761274428028133
0.9828127737062732
0.8636547560384441
0.9834561497674932
0.9903885355512068
0.9926761378013954
0.9886643729128062
0.9920496594626481
0.9974654602062658
0.972084723240891
0.9928971147438159
0.9963938169363753
0.9955356264873051
0.97855972588385
0.9896271518591725
0.9883084823227631
0.9958395283097127
0.9837511149484028
0.9767224068220908
0.9938621441861459
0.994277898732764
0.9778988368709702
0.9901155248038549
0.9737063842708876
0.9913383765999078
0.9900109685782493
0.9944132045858496
0.9215236346948141
0.9741885214982283
0.990093879310997
0.9370523732842574
0.9883221054287137
0.9828562496062864
0.9729823863070952
0.9907124764564526
0.9923108798747641
0.9910216080590196
0.9813011803591213
0.9915510052885033
0.9378437081195988
0.98313938966843
0.9808335439338524
0.9912636788811697
0.9647091321746402
0.9963362552286976
0.9934843716581625
0.9951833021139952
0.9932833168066755
0.9772870790980017
0.9703356972662033
0.9909241026532412
0.9941007824529099
0.9742357102960343
0.990626695419744
0.986016487536788
0.9769326943113149
0.9894761439068085
0.9761518594405049
0.9850985599509118
0.9961956269593515
0.9856664884876561
0.9959557311464785
0.9933579313582684
0.9874629688458101
0.989152809209879
0.9868736113208362
0.9796576021740205
0.9859522625559424
0.9925461411392412
0.9842324079232497
0.9951545592889619
0.9959255238612178
0.9910697239880578
0.9786522582652973
0.992448010661632
0.9907502569373073
0.9909050280058589
0.9956386949521528
0.9733814076921737
0.9868939454852457
0.9782459639718257
0.9878448419996656
0.9938033088282364
0.9880935642615197
0.9599294443942471
0.9830008143322475
0.9808636684617085
0.9859314738658882
0.9836170182256191
0.9716614147560578
0.9250971310948154
0.9756784497676932
0.9983094195673848
0.9900110627585779
0.9804497335250694
0.9906295942460858
0.9862536468869639
0.9917321249254515
0.9900935980765166
0.9921905505661851
0.9841653938205828
0.9839409382351006
0.995994738650772
0.9911404969198607
0.9913901038592853
0.9608802818972769
0.9937849831550306
0.99027072135993
0.9912811928535976
0.9918385984153012
0.9656138058685829
0.9587329476146245
0.985140266727044
0.9926444494628512
0.9933158375502037
0.9953572453371593
0.965946881621987
0.996121520698934
0.9921792956800229
0.9951545253863134
0.9971246877013547
0.9941485606714252
0.9889463802676538
0.9910517837826976
0.978977244070299
0.9849087674065886
0.9942888531197905
0.9850105979567816
0.9920215367698637
0.9906111797829968
0.9946078802424005
0.9816768812788274
0.9619703930576825
0.950528441070643
0.9857642357642358
0.9475832353695415
0.9700507350985512
0.9921833416516008
0.9900902975863556
0.9817509742739878
0.9759284856862246
0.9983178086319013
0.9888341814136503
0.9925708317012665
0.9805780369802525
0.9320395761443796
0.9771107863802713
0.9927095473454075
0.9858239427662132
0.9849962829070609
0.9945399719715937
0.9962470910020114
0.9957560290195854
0.9282208229853917
0.9829685920003788
0.8802188642144185
0.990063745990499
0.9919713391596382
0.9682367631501362
0.9967863687334191
0.8818591304991418
0.9821872601688412
0.9892805074791939
0.9928458647869486
0.9726014826789748
0.9840145910997204
0.9727633885652887
0.9826847896715916
0.9960978807349095
0.987505526841391
0.9930416490312636
0.9935204211726237
0.994962076969706
0.9897145168263531
0.9879634346724835
0.9925636163262874
0.9844078450875676
0.9941550311237175
0.9842902891164134
0.9873412608245601
0.9908238898082733
0.9932234816680661
0.9861845359924727
0.991637094572797
0.8970337055186354
0.996023183581844
0.9894301884272179
0.9871715824742021
0.9930348454172769
0.9667832028351638
0.915274938268327
0.9868358685506079
0.9954016406395458
0.9864141855894949
0.9758948186856404
0.9749451734235062
0.985350365776672
0.9893224296209371
0.992432966433453
0.992800112553199
0.9955324733344502
0.9953167552768446
0.9958956655159187
0.9902306063437477
0.9865874746562725
0.9910024446751055
0.9908305617147081
0.993515350972156
0.9794061247021907
0.9910735571232226
0.9897400465078269
0.9968456128614314
0.9900976830067306
0.9923257294074297
0.9915165020066167
0.9904116874178815
0.9951886072508246
0.9893898388485669
0.9871553304652472
0.9885011586023356
0.9607898435477309
0.9879933697597819
0.9847295715699179
0.9909389914802297
0.9836576162440541
0.9772494733674391
0.98982807220594
0.9802765653797754
0.9957937450514648
0.983986258882375
0.9922958607885253
0.9857673941109677
0.9929890399773891
0.9913232490601671
0.9828671156776952
0.9705225358115522
0.9904622376367876
0.9944018404907975
0.9915387837649147
0.9876542616277206
0.9905795195908633
0.9932827301058348
0.9971222081637143
0.990829174583951
0.9827205386248873
0.9432967284374285
0.991119207704198
0.9937480537523654
0.9889783232387631
0.9945650167010759
0.9868226778156084
0.9927174142263303
0.9858106410338524
0.9887104715777204
0.9930866179450166
0.9916080332929252
0.9846921911152966
0.9916780472515487
0.9862674139972297
0.9739174417443355
0.9909367384342712
0.9880898056037236
0.9704728623069023
0.9886888949028229
0.9922441670585967
0.9884012019567925
0.9966970799183824
0.9960954094992391
0.9926687444178653
0.9938317930996367
0.9836464670349749
0.985453984513204
0.9858368910116652
0.9875212981744422
0.9239370281315246
0.9835819989770176
0.9893183038110575
0.9680709490717956
0.929526046528376
0.9812298019112567
0.9968353487817955
0.9858686524641866
0.991746641074856
0.9908508733464884
0.989592886128243
0.9885370657182738
0.9831188036880235
0.9867910421191298
0.9832575276860442
0.9494229657325676
0.9920561688813531
