0
0.2760334780029938
0.27665558894683534
0.43071543629434644
0.3478094792160825
0.5127371426955809
0.567061228844916
0.6155023239930449
0.5752102434632945
0.7180886231373376
0.6977987271875191
0.6566074704419067
0.7733823319116482
0.6730480089318943
0.7875698515267897
0.7586153589140696
0.7964529251660862
0.7535378242615085
0.7144360283007244
0.7594572468903497
0.791819179448228
0.8400102363670203
0.8382642861109568
0.7950100464013645
0.8641199877997744
0.43736796402141087
0.8619936684851954
0.8622131866696575
0.8860757108491247
0.7784551461072134
0.8442497076939767
0.8948103734319062
0.8699230151713014
0.7599467255717256
0.8940626791472083
0.7586809450157621
0.8631888249920959
0.9086924125153556
0.8609733038333707
0.7844021523848157
0.8365645257767554
0.8831136566300071
0.9145649674204677
0.8787964050147987
0.8852258298567024
0.8737171889547927
0.8546061211548356
0.8502901064968914
0.8459630434904744
0.8875192901234568
0.9012577752487099
0.8665238027061021
0.9181725086937043
0.8515327507758873
0.8924078231819607
0.9093250840720408
0.9036619779523843
0.816769065360896
0.862807383965407
0.9397403283887806
0.687989417989418
0.6599932134373939
0.8378625422573016
0.9180185754185062
0.8325671835269483
0.9147206600579705
0.88072285137682
0.9198114090067167
0.754709998955489
0.8692039222203756
0.9266013020629069
0.8840473962434231
0.9163318298320033
0.8526745652198607
0.8849200842678911
0.9170585627166937
0.9431195901784137
0.9135542984168602
0.9337851628586638
0.9274995462282987
0.9441549716496593
0.9295964781042295
0.9384668868416478
0.8379190182999829
0.9467301862278042
0.9091795762049271
0.9310373648212553
0.909019876592243
0.930873931060171
0.9340513301120782
0.8855709227987061
0.9419452819319653
0.7423164106069874
0.9113280114487601
0.905835386627914
0.8972124972974613
0.3753410558510403
0.8941647647450515
0.909285156338872
0.9180607798054815
0.8791925327140369
0.9074890482435336
0.884372643790722
0.9267307021889507
0.907804992382515
0.9533048094494931
0.8963189789825414
0.9329372615545737
0.937908389156805
0.870928153498119
0.8695481164233896
0.9618087957907276
0.955466059650966
0.8988085655767101
0.8316790104604108
0.8849436902827876
0.9148638122988281
0.9034053242021908
0.9157059250963157
0.88589707300779
0.9358841994389346
0.9352042229290276
0.9261799043973155
0.9307734818373117
0.9348136555332595
0.9541829387056474
0.9086155628069629
0.8930562246232193
0.8972375429110763
0.9498716302005991
0.9071136131013307
0.8642424081616408
0.9305702785331306
0.9346080637486188
0.9427034847150585
0.9730942100011479
0.9249574938449516
0.7997060873824821
0.8780271698708558
0.9324634833513311
0.9419648320076615
0.9501657762804162
0.9525505620972002
0.8906121907415568
0.9517187415905243
0.6730462704820639
0.9306716390936519
0.9467812661588134
0.9315582151403047
0.9265728566771705
0.9464219824795045
0.9432744365366245
0.8990912574192289
0.9229752190994258
0.9148846223348083
0.9481447963800905
0.9571532552992555
0.9713075331085611
0.9009781624571018
0.9386355296707846
0.9091182986264954
0.9385440820073946
0.880208572197685
0.9489488214058186
0.958927055344203
0.8285377913821521
0.8869726852344268
0.9168979543885928
0.9603598541498392
0.9428655249550771
0.9371528937084707
0.9602782327944354
0.8930900343900926
0.9485514273544708
0.9169913069738347
0.8671624745828806
0.9722074226364713
0.5327209294130085
0.9255946481377796
0.9022130705572531
0.9456063708525244
0.9197941990732013
0.8680333300435659
0.9581944348721892
0.8899858368741148
0.9545348296012826
0.9454998560582049
0.9507522999956279
0.9243517765769212
0.9226261508071519
0.9398586123942914
0.9335427228885866
0.9361982275097768
0.8705285571142285
0.9583394607843138
0.9420658451248471
0.9343322489376809
0.9540193740822039
0.9501626864947517
0.9680745063749314
0.9564566420138031
0.9651197175526004
0.9536736997991232
0.944631417506315
0.951867825313087
0.9642909618474987
0.9576796893573183
0.8900372604684174
0.9275914321988779
0.9426998178862875
0.9602416523797861
0.927305568982624
0.8639554508561346
0.9629011564592859
0.9316297817324511
0.8749814559711773
0.9336861312248332
0.9454106208446577
0.9048974764232408
0.9701214092458562
0.9659805009464696
0.896278209172531
0.9500753048985427
0.9368574125570834
0.9605349230095392
0.9518495908035914
0.9647082652219902
0.9106754559663515
0.8493185525385843
0.9382940940596896
0.9481791480953011
0.9419621685079651
0.8617795082239207
0.9355323531599091
0.9563849426117665
0.953375726482286
0.9707578253706755
0.8263581147088389
0.9730542340627973
0.9499862829698618
0.9365645218100588
0.9452064634020204
0.9523120450962183
0.9498914269180118
0.8549560883653383
0.967673772994383
0.9363506635781882
0.9245247167641041
0.9413305963021569
0.9396693103911816
0.9527959626259146
0.9377643086417229
0.9061993035153937
0.9259865910263022
0.9583313818244267
0.9499948517756289
0.44900179969028586
0.9594823176145685
0.9516585123094089
0.4373300249530378
0.9193442284154103
0.9579986487500939
0.970965747945604
0.9248320331875366
0.9474052789463774
0.9714533476929101
0.9339155666818388
0.9642516146339635
0.9617266193110623
0.9427354158492985
0.9668012183947896
0.909687404209529
0.8363628695542153
0.9395456600361664
0.9486072715404418
0.9329497313184217
0.9508782711344353
0.9687735597252204
0.9602634988830188
0.8492813141683778
0.9597956346970209
0.9265732690661741
0.955135149143494
0.9422705724733682
0.8757249184099927
0.9724700471621726
0.9195643712684786
0.9289225306046164
0.9816631536460669
0.729168047485437
0.9606112596257431
0.9557484957396115
0.960803700266734
0.9247456780877489
0.943453505575232
0.965988909426987
0.9498886522783644
0.9683213518262175
0.9545922581667176
0.9345500580229982
0.9056454588582573
0.8809504901571503
0.884245865923783
0.9641565810892732
0.9708082846987581
0.9607057509481012
0.8904475897007365
0.9590542039868624
0.9498377624488373
0.9711513561106987
0.9329625356777028
0.9843023410211934
0.9606613268060276
0.9021708297875891
0.926960553794188
0.6091804546005457
0.9634099148641493
0.9673273399051622
0.9519425354144543
0.9114231486842952
0.9697937500494083
0.8341573409926807
0.8312991903669635
0.9279282834461303
0.8998567401451084
0.9699521979781346
0.9571213252042765
0.9536751617244823
0.9475181207297683
0.9638629793268969
0.9296852443215244
0.9207325708428308
0.8804743093980186
0.9489999817348262
0.9364244406115616
0.970453643271519
0.9559750190346735
0.9278042103798486
0.9034285647895343
0.8678624872017012
0.9723707664884136
0.9104489323303806
0.9142063050571639
0.9597169089517981
0.9337901880075647
0.9340518035941497
0.9286213312611835
0.9634223240146628
0.96204140716232
0.9692830373717208
0.9156474099754021
0.9657360926835273
0.9746349876594605
0.9609361347474829
0.9643409180775728
0.917184482900625
0.9699164007425652
0.9760339364593215
0.975105782454728
0.9505813039306606
0.9644133783393574
0.9523350694004229
0.9831746370798794
0.9410999408633944
0.9635434342187805
0.9337365739718974
0.9692002287131664
0.9248742724755609
0.9532226831568286
0.9323070434415859
0.9621574514643393
0.948585852933679
0.9477260974796293
0.9540234892628292
0.9756535369788267
0.9494444526857635
0.9465118511171872
0.9638924130931236
0.9443470783919409
0.954429897902307
0.952151706947533
0.9596659950198414
0.9452532005556292
0.87606107181806
0.9691683430568369
0.9726954338201282
0.9745672870387051
0.9505629498984844
0.9337463285749099
0.8973614794089603
0.9831559619276025
0.9101985498407535
0.9575994071739016
0.974980425184727
0.9616165166854144
0.9688952260245036
0.9599614982491661
0.9141488505408643
0.9362762962036286
0.8940903113026885
0.9626469617328153
0.8881401670734369
0.973198626487939
0.9170623541567503
0.9528698577335483
0.9190606829771955
0.9459496513840908
0.9467353039043255
0.9461031988863812
0.9437974530385069
0.9606456409303279
0.9732480842027513
0.9522675554022401
0.9221430450216095
0.9536145492342921
0.8749442047314387
0.9550726765526354
0.9696292773260609
0.9448753198210541
0.9230720085385767
0.9664852433882714
0.9709073256287387
0.9498808501205354
0.9722245270494524
0.9450744323248954
0.96736198345453
0.9426658944721058
0.9624913252346398
0.9795341357128035
0.976205341540299
0.8572004508012717
0.897083230003243
0.9636576193444295
0.9756840144370706
0.9280959903799787
0.9692678388870809
0.9228798305333791
0.9454364130657522
0.9206553651163618
0.9437075606711123
0.9644986314728012
0.9455403758736161
0.8992902526094964
0.9556529416913726
0.9765837104072398
0.9009725602834259
0.976659965918996
0.9638886205453049
0.9765352630737246
0.9255157542230529
0.9494743774238396
0.9732070792733568
0.9825975028961256
0.9613928123121064
0.9679601967495524
0.9233470511411149
0.9366537799475125
0.9765283327565051
0.9696676914068219
0.9727326736087707
0.956469616821357
0.9752402353154637
0.9718941654864729
0.9651694983848537
0.9647204325254441
0.9689994167856187
0.9656632781262274
0.977804969589158
0.9411488728139676
0.8981131160716117
0.953855325470668
0.9742479576514901
0.911876844739256
0.942842269068437
0.9823980616032626
0.9708494795796739
0.9769529892885397
0.9647008531460899
0.9793715014936628
0.9798045731466097
0.9730337818982358
0.9324030711613042
0.9605987990965681
0.8539804018513177
0.972405946412273
0.9649345350392062
0.9694204966893847
0.9820572347230732
0.9737750624514656
0.9799903085789696
0.9208345255202597
0.9488038746921261
0.9529115214068107
0.9507229093247933
0.959658667737813
0.9089308653314964
0.936962367893664
0.9624863257003086
0.9710022176940891
0.9445583000755042
0.9328052301662104
0.9349673848586677
0.8932844361799961
0.9551451546335645
0.9826228935970863
0.961842704820924
0.9718838615326996
0.957447417452054
0.967646814423614
0.8883083723729128
0.9340368835123932
0.9334177594532281
0.9790511044736928
0.9643565433352066
0.9727094455423233
0.9670108802031863
0.956606793220875
0.8670268063635058
0.9672994133113823
0.8615591397849462
0.9547304170905392
0.9743480444664194
0.9580592726469016
0.9580444280462729
0.9791917454858126
0.9619440368581585
0.9777812454382088
0.9454209337128436
0.9744490866331509
0.9633111733906885
0.956793522024592
0.9523295142639585
0.9702778869711757
0.9720366550301491
0.9557356720521899
0.9399642644431209
0.9714234815443981
0.9804238847642617
0.9670011423300314
0.9513142920587337
0.9782766614658673
0.9607024505487122
0.9455302010766308
0.958739390454761
0.9666112041938535
0.7218233071061273
0.972012077520068
0.9545137433465206
0.9773496343193975
0.9784995266248049
0.9733002807043126
0.9637644207092387
0.9770455637725559
0.9565971721876063
0.9633288686130161
0.9854086570565553
0.9422864871384021
0.9750587466259432
0.9163991940321163
0.982673967083137
0.974159598293734
0.949293098700069
0.9854262512736592
0.9730952445892246
0.9766548045822915
0.9637979545806281
0.9631573799354439
0.9788267022098208
0.8756642623322516
0.9791089580104699
0.9654521959986335
0.9638714377186551
0.9826277799453765
0.9806859239480539
0.9622888691339541
0.9789526104870497
0.9679488748052626
0.9791747002875947
0.9801114740343412
0.9455047294154132
0.9648802225014864
0.9724340952736423
0.9383432519870591
0.9754630141449876
0.9568772486985186
0.9174821804975578
0.9409974155688998
0.9758103911290424
0.9012429453335761
0.9451148416098897
0.9774078396532153
0.9732473230332412
0.9820114978055263
0.9704874071745707
0.9620187816510153
0.9734490550534101
0.9579984322822088
0.934050132278019
0.9466658883505535
0.9784995213894965
0.9900860619496581
0.9536073843309365
0.7735308188376677
0.9350111178492015
0.9794057362259848
0.8023214647493027
0.9751944229001279
0.9267406579367614
0.9685913402503838
0.9602647889225093
0.9831609111932879
0.9773638941563766
0.8865932258145817
0.939157359549885
0.9676022679349608
0.9728742554926006
0.9847235634958957
0.9760352251756402
0.9272634190524948
0.9771717139534514
0.9715788273331589
0.9614985161093896
0.9663435517411174
0.9697866810305713
0.9744244878676795
0.9269037227826668
0.9188335614275187
0.9571890487553478
0.9751651867268943
0.9884469603147932
0.9651858254105445
0.9302354997843171
0.9714438570560658
0.9452131709905932
0.9634182563207313
0.81125
0.9863261713279718
0.970247808342244
0.9868392796883149
0.6149215763627213
0.9792930784234626
0.9851109824358232
0.8997266107318509
0.9736774463506486
0.9410869466456391
0.969388494575527
0.974877570214698
0.9561808721556314
0.9694406501550648
0.9823888001165226
0.9616801690200787
0.9731891298650243
0.9692136442815954
0.9836887583074038
0.956621794389712
0.9930241365324155
0.9328540859326657
0.9737260495835841
0.965070706275169
0.7959136504414552
0.9861158728826767
0.9585425388462135
0.9499428505007846
0.9473950895941775
0.9347146886526362
0.9692424906589852
0.9554276344079856
0.977038998229552
0.9483015593116256
0.9156907584632964
0.9653278146647122
0.9666307857911733
0.9628879059180141
0.9797358731306921
0.9490980613933683
0.9589445632560315
0.9560008477358388
0.7907259478045542
0.9778527077126027
0.9728625503991153
0.9663821581551204
0.9724505107518137
0.9657629621959228
0.9798415023974427
0.962415071293461
0.8659868382543545
0.9762851750991353
0.9165515950693718
0.991887313606443
0.9732558920512878
0.9450356778797145
0.9461830974459086
0.9768302642324613
0.9682879116401336
0.9855137204850032
0.8977075229661508
0.9911097006241405
0.9750526926067473
0.9471533613166847
0.9680212478665234
0.9595529536987759
0.9875826416029374
0.9024343276049829
0.9811020561288368
0.9581504584306847
0.9542965194499523
0.9757459148469614
0.9739779322660884
0.9759050750290115
0.9703969217379355
0.9269560473896901
0.9551687388987566
0.9610181730653509
0.9563649159848685
0.976430944679674
0.9226786992535024
0.9461690758571818
0.9840227554694828
0.938826350389044
0.9608136425532515
0.9083833773720874
0.9462586269524156
0.9939716479065606
0.9603693540375705
0.9237263134006581
0.9740341845178896
0.9821345216194058
0.9747728607188109
0.9418161115855395
0.9840786598107019
0.9719521811566563
0.9718611464547758
0.9534336104570138
0.9723296065712702
0.9426221469024489
0.9508275881318559
0.8643481899414195
0.9832049552411516
0.9602028414139661
0.9843853089949417
0.9318145987702979
0.9589235268372259
0.9683406414605223
0.9552596950228346
0.967926775176457
0.9588520947076737
0.9452444353407073
0.9353671302527292
0.9691359579946687
0.9316894202802437
0.9480366593245032
0.9790135692790082
0.9713327333715127
0.9738336548650925
0.9634272742678558
0.8995771456318536
0.9693234980831585
0.9796345155854531
0.970980012251934
0.9072047994180906
0.928921673133501
0.9767374539204379
0.9472297147266844
0.966333817070475
0.9599352903048574
0.9889850732300781
0.9697089211136074
0.96660607902387
0.977343570782787
0.979179103747272
0.9733133712955115
0.9660933264814647
0.8890349404464537
0.9703252979575802
0.9417583552869466
0.9681803834924643
0.9130441078933116
0.9669845149581406
0.9397639755190489
0.9722078601451347
0.9257364440519593
0.9498957728189181
0.9785970611304305
0.9796099290780141
0.9512011267382119
0.9507753388917248
0.9236745240102965
0.884461701148683
0.9855592334042289
0.9646049880299403
0.9451041715897905
0.9833417296389588
0.9525294131033384
0.9731229528848576
0.9736999942189849
0.9620039158405072
0.9700975174754768
0.9484186951653059
0.9477694754753274
0.9683757724953201
0.9872876495696251
0.963439591767429
0.9771969875882337
0.9790943144421359
0.9761800617368809
0.9388757684472409
0.9115175545181301
0.9866540610712875
0.9195638440518392
0.9525187871089327
0.9753227371929017
0.96719441164108
0.9533696353571146
0.9795605359923274
0.9522115526138558
0.975266048214452
0.9532767754144337
0.9832034336892015
0.9774432315750136
0.9871515917500641
0.9546086983710096
0.9612368043621516
0.970366210844027
0.9623617674282652
0.9601356678890126
0.9931338617840795
0.9506910526862725
0.9581889176501558
0.9023256249941414
0.9867758824522884
0.9647224137315642
0.9632147370839876
0.8675204647478215
0.9585919662218755
0.6546612597763382
0.9726829723783346
0.9479254778775732
0.979971066546942
0.961209268405874
0.9623249845694052
0.9883318857710065
0.8793037278918645
0.9785190749105676
0.9293023968686261
0.7149738219895287
0.9713341920472016
0.9767502332996345
0.9780218769261907
0.9813280666973218
0.975383122815941
0.9764731583384126
0.9209959665893861
0.9293322616641566
0.9689186449305685
0.9029621217498285
0.9797138579588619
0.9850473509796037
0.9057932878789651
0.9513382418352463
0.979905107451856
0.9538295388990998
0.981649688412629
0.9663914939896127
0.9370002889895
0.9439916083053096
0.9829188182324187
0.9756413205359653
0.9747366452457494
0.9793201509090564
0.9692703995485225
0.9648934378789744
0.9793894865940975
0.9774569294481215
0.8971105697658682
0.9823142566350896
0.9868462853936989
0.9772682576173716
0.9847563264999625
0.9404308447604537
0.9597152783129328
0.983544996400288
0.9819594109195402
0.9867752227967873
0.981741112550936
0.9796158069582864
0.9699744159166764
0.9770281491421542
0.9735490887446439
0.9643929470489621
0.9885102225746163
0.9831456320710854
0.9723695450756314
0.9504451185171279
0.9392053981224874
0.9665907596154212
0.9666009307247387
0.974634902969412
0.9852551549360673
0.9607770981904931
0.9493775346024351
0.9781801695545018
0.9812412764740049
0.9788185826800407
0.9758285379490137
0.9794619259526983
0.984204786057894
0.9868878967905227
0.9799712700662143
0.9876074472365485
0.9714986787466968
0.9868503692204327
0.8156833934285189
0.9659527732015376
0.9795915586424169
0.957583017020209
0.9588251940491591
0.9702418725617685
0.9786260134217775
0.991148101069245
0.9749430632678103
0.9859663166320846
0.977050297013834
0.9737962177490141
0.9359651010861954
0.9810627158293417
0.9631750837405548
0.9900568913617864
0.9608995827775098
0.9606974830963828
0.9686267757210504
0.969306090837006
0.984909623987426
0.9760699155462841
0.9771823104334951
0.9712629767091604
0.9757980279100861
0.9836218557901406
0.9737869052780953
0.977560530449445
0.9785830346403476
0.9763161487009145
0.9628238187804975
0.9870315309586783
0.9751886078262458
0.9714895254555397
0.9174823195523376
0.9752621381827857
0.9731179225986365
0.9568255631220535
0.9787019533711405
0.9783067371252988
0.9739617782543863
0.9477342922500422
0.9766325416161592
0.9780717522532314
0.9803618137002336
0.9670260258514904
0.9675415232607603
0.9768563866369339
0.7686442458271265
0.9649924599144432
0.9640345256101263
0.9900841658378732
0.9172682724404547
0.9831587341863921
0.979054860087286
0.9723378010543362
0.9340472485862175
0.9731016007483664
0.9807408229658535
0.9194394766181582
0.9650453584145434
0.9803797621391586
0.9784441775509183
0.9750463272348359
0.9565198992869687
0.9842639544503382
0.9483873734927701
0.9629789530491095
0.9715275444226689
0.983284528026413
0.9358205095287798
0.9752849851857921
0.9482488393686165
0.9859244551092848
0.9816708625660463
0.9818204422342598
0.9886896839367751
0.9847685092360936
0.9447660230688991
0.9699268891258818
0.9430665841481309
0.9868932819943536
0.9787700426872813
0.9666387863458417
0.9814020130338789
0.9882762136067884
0.9764874046660988
0.9835633316447616
0.9677319467919027
0.9832049571551109
0.9727647166258353
0.9806700069690273
0.9385254422103517
0.9121027721433401
0.9674493145038496
0.9624082856120257
0.9491369635596749
0.9746584038746012
0.9874891486483758
0.97602640155511
0.9774325796102206
0.9686599270617791
0.98050918196995
0.9829958450599482
0.9661757658794706
0.9661209869103813
0.979054636820029
0.9592486107480936
0.9706264745805572
0.9408690742319836
0.9777942253307746
0.9320598001242313
0.9688972577389605
0.9772948733343702
0.9866968801034501
0.9750835098618236
0.9594850057800848
0.9844189731709906
0.9734258353444734
0.9683568160185579
0.9510852382145101
0.9713002875097724
0.9874350526500365
0.9913553610821556
0.9669725315836816
0.9932198982611139
0.986579754601227
0.9782973527654378
0.9837627262906341
0.9580468468957654
0.9777483245907148
0.9029833099903597
0.9688122299506413
0.9851844774022607
0.9775888707456696
0.9780005466359846
0.9846365215985776
0.970706925897231
0.9748220500408175
0.9824787203693998
0.9879844992894827
0.9674844916335479
0.9377622042814481
0.9784924711442688
0.8288601531560869
0.966767812513302
0.9580878948732359
0.9723542895332341
0.9651231853315811
0.9554444611210987
0.9848178822545158
0.9839819502884425
0.9464276039987101
0.9919515263211783
0.9594099433020927
0.9544907300095831
0.9744464081093864
0.9686288769477327
0.9475046633526526
0.966419461951066
0.9675742037986568
0.9890628412710841
0.9714942127331829
0.9445833333333333
0.971980563093317
0.9653182314658899
0.9749369884738467
0.9788079697845993
0.8498215021282438
0.9803567143885468
0.9483758240012707
0.9857424652506995
0.9746282082034061
0.9603491376593912
0.9597918300420617
0.97601978463996
0.9592034058003187
0.4090344300581494
0.9507808301621038
0.9608905700314561
0.9777537169647487
0.9716725885842814
0.9784506038997127
0.9757318555447971
0.9375696502667457
0.9799981647061522
0.935813953488372
0.9638925861078642
0.973727477668356
0.9780599293091651
0.9842250423409861
0.9729850797698218
0.9590207812461321
0.9835047700261152
0.9725312303297342
0.9823399033019118
0.9866246012143666
0.9699070083459249
0.8280380555270074
0.9640713987645686
0.9737064929372622
0.9917646987002997
0.8648266893861262
0.9659552676281518
0.9756435084321795
0.986992678557886
0.985448961538692
0.9799668783845381
0.998218298191062
0.9688123713489147
0.9786582226341263
0.9860646566953245
0.9890274460671078
0.9805290580827389
0.9335452618831366
0.977719848885493
0.981472956734362
0.9874503755886818
0.9801038454095141
0.9709708174839541
0.988651676961077
0.9708319522704674
0.9768197296460633
0.9845151586539332
0.8057242963183596
0.9723199894740304
0.9641752862854899
0.9808472745956961
0.9732819170913097
0.9878218629627521
0.9689595978453398
0.9726683680975317
0.987062317138125
0.9655268563980159
0.9569122229916898
0.9650540417658895
0.9806991119122282
0.9765307839048281
0.9773512720780463
0.9826342662014005
0.950590023600944
0.9800215899748758
0.9771259040797696
0.9805779906658938
0.9679419118402576
0.9601485465488538
0.9594485998640044
0.9814179686791151
0.9884070184028284
0.9790006131207848
0.9835253069074738
0.9878649542768813
0.9419809139661106
0.9822861764627459
0.9549240168175775
0.9725764757805201
0.9617656426158334
0.9867196173883338
0.968626582278481
0.9794391289435125
0.9758524759558064
0.9896078507321897
0.9806201798457551
0.9834202069407125
0.9770850278420822
0.9780827859506386
0.9422556305842632
0.9831269954470288
0.9801331934336385
0.9548714250556596
0.9790052796237254
0.9469424234097031
0.9727590582521612
0.9796967443016759
0.9802983667910302
0.9501282700893302
0.9758155931895985
0.9775692753781765
0.9628926411047702
0.9733152127016999
0.9828927645197364
0.9756833570881777
0.9630075078848245
0.8388449674994627
0.9720905801217353
0.9902117847235292
0.9717972982436609
0.9916301873577307
0.9608312365812997
0.9839812685637636
0.9747780235279033
0.9513765195297664
0.9573900983805492
0.9825720691041954
0.9458610809467115
0.9807761978717608
0.9810456147574442
0.9796379500185252
0.8793938990655628
0.9744812545811578
0.9858354819038653
0.9723549967124462
0.967664424301577
0.9775016627099309
0.9401369086101186
0.9834046289708078
0.9886665295287353
0.9755657907123506
0.9857959466481898
0.9721809602605583
0.9840602825210885
0.9715802142813481
0.9873325306760253
0.9723600856261255
0.9704063348939368
0.850280599815941
0.9566390402342786
0.8803116337899297
0.9780958278859607
0.9898502471435486
0.939715055472467
0.8902040030792918
0.982792019310092
0.9708617731868453
0.9947323281228385
0.982510928694025
0.9863623471574436
0.9425447597570977
0.897894155971305
0.9863069959649249
0.9635423559826005
0.9760128711423138
0.9847625885472389
0.9821178465960974
0.9830536433017353
0.9670771570253831
0.9775449811407637
0.9814395459496646
0.9686525388438988
0.9575126055097253
0.9419456730020394
0.9369478387064245
0.9765464691263266
0.9858096441004583
0.9594914535388033
0.9880338409071227
0.9840483383685801
0.9820444939738113
0.981825986471538
0.9841741212637699
0.9902914360434915
0.9703871801138149
0.9624728555917481
0.9476938304190037
0.9792997726807399
0.9868500705431202
0.9335837683185183
0.9814419548964856
0.970875634690331
0.95361545370982
0.9695206686303584
0.9858751243732298
0.9817590826725721
0.9720310761009368
0.9853832119539814
0.9771950499234423
0.9818814752380162
0.9890941021797242
0.9423721709974854
0.9758558193178793
0.971942369748663
0.9870922002437423
0.9454100220987876
0.9843245754659724
0.9174459851660755
0.9718664430812337
0.9654990294385984
0.9797045382736219
0.9625070627169263
0.9785247093023256
0.9835107311114989
0.9723906215762179
0.9854737234417011
0.9841940537146482
0.9874494777946661
0.7227759798462828
0.9521136294344541
0.9495281213648554
0.9730082582156029
0.9852522182725966
0.9707754138672434
0.9791230396285252
0.9843070929998822
0.9924122829352753
0.9780933062880325
0.9805048844826397
0.9738912161991992
0.949506410983774
0.9790804141665786
0.9745247404343985
0.986134595038217
0.9785783059613216
0.9846835898820776
0.8331457076911623
0.9845793700598634
0.9643410582766005
0.9841850103998442
0.9625097187163839
0.9779248710613685
0.9771263752988495
0.9431802162406927
0.9835449195212909
0.9374225603740212
0.9557585010800048
0.9835770916432757
0.9507117640359868
0.9855212807497071
0.9861617778951597
0.9808198263444717
0.9893186801978683
0.9854689974765488
0.9794489366139061
0.9784442965934399
0.9888856023605289
0.9635183787971623
0.9925504860379126
0.9694054320554079
0.9661996878808116
0.9948068486750435
0.982941863948391
0.988689120238369
0.9814647675991497
0.9793592651890461
0.9800065011619614
0.9884761155282986
0.9741743300627458
0.9605363083436943
0.9835309349784954
0.9714926268419324
0.9678429519794544
0.9127689503872148
0.9525941455275285
0.988197951654377
0.9728073689070345
0.9342042885274597
0.9345305850196118
0.965042832277176
0.9123910537932489
0.9850479867517431
0.9647536183189721
0.9881912693353634
0.9694869147698408
0.9412455491903855
0.9858811605219815
0.9825944573016252
0.9614360926722557
0.9742261981249949
0.9789966868328687
0.9868652359945603
0.988274622573688
0.9733402122812408
0.9827652525868581
0.9868343509463652
0.9853759304630078
0.9866536470260625
0.9686450967788015
0.8584040531535693
0.936561471317084
0.9788170764057058
0.9708899294560659
0.9843257026963321
0.9268442747858949
0.9761363337050142
0.9255533324773888
0.9818457386344751
0.968512731988978
0.9715083731236656
0.9817013165369349
0.9857513645151298
0.939758224472722
0.9198274347512054
0.980539836702296
0.9494032819492789
0.9747036733330909
0.8559183003855303
0.9659106000139553
0.9910850915835845
0.9769554403184526
0.9616567009655813
0.9902708767152313
0.9502397516901369
0.9678805937097766
0.9486984551757693
0.9862082399922081
0.9756566303651505
0.9881698763629215
0.9703236005036441
0.9856937465301997
0.9258788199282817
0.9262113729067707
0.9853328755772502
0.9045276040349631
0.976907802231901
0.9658466134840793
0.9769306754600166
0.9362759279990943
0.9824770771408876
0.9734101908272524
0.973536744787806
0.9822900471628464
0.9874876708468366
0.9229217457412636
0.9841747741919431
0.9668806919511652
0.9848860487623795
0.9599326645894377
0.9598353682166226
0.9868791059980359
0.9839004516236947
0.98898060063421
0.9660268478568115
0.9717089242228907
0.8966439490618806
0.918114758935421
0.9727818089383926
0.9888479826330668
0.9938779731127197
0.9876635483482306
0.9913066591987317
0.9483185653946601
0.9639256748708731
0.9772317059474723
0.9824533897751473
0.9565681971363286
0.8865254999500327
0.9683168408035243
0.9911690227112746
0.956802045190676
0.9001231334871057
0.9696063580147597
0.9725706365381371
0.9790290946040682
0.9928884283897706
0.9809212883116115
0.9739752020152452
0.9823967252761618
0.9777997672777915
0.974053285436312
0.9844541709315531
0.8570514720232459
0.97822764842171
0.9554252231977614
0.9871872754029912
0.9771672424709231
0.9812212928681724
0.9901561375276529
0.9769165806512151
0.9909997287032013
0.9693897541385053
0.9602609540262697
0.9768720205193636
0.9864344861887131
0.9811441395133081
0.978227180781987
0.9236451274667835
0.9886120343839542
0.9789845061458733
0.9436184614650612
0.9881800344848088
0.955457552370452
0.9783743559098443
0.9873779987229773
0.9641691792986659
0.9776378353900147
0.9819601565661449
0.9869762570572659
0.9623801552275149
0.9834162109431513
0.9640436493373161
0.9829669096154829
0.9776932309713069
0.9730191616201566
0.9647882671599393
0.9874218003603542
0.9395009935968205
0.9667755521128168
0.9666687433804747
0.9741722638912939
0.9528955709891502
0.9873276391447552
0.9784008201575365
0.9567163581359384
0.9819928919310255
0.9566585244203445
0.9844003187674326
0.9891609857602062
0.9751781878100801
0.9611238484508872
0.9801370792812725
0.9522948919047943
0.9741490340386385
0.7352241419985845
0.939013392443257
0.9733494537760697
0.9764579716065774
0.9577875350247126
0.9711036406551748
0.9676693007052426
0.985125143902156
0.9820414330641111
0.9745656556368884
0.966630706819421
0.9684293752747882
0.9759540052551647
0.9776716969510317
0.9836635092988333
0.9911676529372575
0.9790631868316519
0.891657081512154
0.9905526300041888
0.948043068152798
0.9725673401174029
0.9893306317339314
0.9773714485139692
0.9768772089878939
0.9693548895041069
0.9848982680168742
0.9694294294294294
0.9664033864506492
0.9664078354339843
0.9738216505524862
0.9864097959183673
0.9946274072006698
0.9786631284515528
0.9765623703211885
0.978480037434242
0.986327423140736
0.9697224406424265
0.9816954816094873
0.9728617870160575
0.9558189524060593
0.9752177203293115
0.9836912910077885
0.9580255232886783
0.989371974668274
0.9858208747318541
0.9886929914031765
0.9365003487269508
0.9854664107892617
0.9889293617171038
0.9872778593535518
0.9865413216719572
0.9836251989993177
0.9819332976636348
0.988180531975099
0.9677923438561288
0.9809775338114842
0.9724889156870727
0.9865186772943632
0.9638192774200223
0.9864083269251895
0.9781843534821412
0.9893917350791507
0.9770845059097854
0.9825343325584461
0.8581776725423135
0.9822748534549115
0.9720538051985833
0.9869719672188808
0.985766798272213
0.991107369517639
0.9075121841913618
0.9868665211664375
0.9823820510327722
0.9727660365006767
0.9872677264831289
0.9822112652145351
0.9413595188290125
0.966269618926455
0.9835274593564646
0.9812148155306966
0.9148120952685972
0.9875174303986152
0.9712787730815655
0.9843399752223976
0.9757579659773288
0.982118857885139
0.9855873598815148
0.9704213562457161
0.9821316260892573
0.9591386953768207
0.9875699263415194
0.9608488121449391
0.9576333822809594
0.9684660049643444
0.988594511108471
0.9817935544632511
0.9427346427988466
0.5832003288009042
0.9811447221598072
0.9797864053556712
0.9840510766149224
0.9446322608099482
0.9818102277789486
0.9640329805881971
0.9743435971438745
0.9913275761124122
0.9751517707176816
0.9556840542999556
0.9829787531093153
0.9446696716720454
0.9413704117397835
0.9878906741997588
0.9532312779920538
0.9864555981020833
0.972375656176839
0.9740501758395613
0.9523099366048623
0.9809229039442267
0.9861351048104151
0.9737297294324379
0.9837136037552326
0.9828958158731875
0.9865812147368312
0.9827318211945779
0.9871558445760135
0.9814718795453321
0.949914903963044
0.9710739709917082
0.9075002198188693
0.9623855034788592
0.988140652833473
0.9568258785646871
0.9654398530213523
0.9634608502555538
0.9489264801561483
0.9707288848045472
0.870345797093833
0.9799941100089689
0.9863118883639298
0.9892167620379477
0.987180831358734
0.936021605513131
0.9831327948113014
0.9769304664764219
0.9928880345987506
0.9893348354691828
0.9766419685835936
0.9924022684964717
0.9913486646500685
0.9415481754493444
0.9930529328748335
0.9565618127721961
0.9820944274346258
0.9956174564909218
0.9879115793185524
0.9901094516018698
0.98473826720012
0.9489330894820484
0.9722587588186058
0.9808567567648548
0.9888929259165062
0.9867309016136464
0.9722801234946046
0.9760497634991772
0.9232813501388593
0.9604847409003043
0.9746279815739334
0.9015009507369898
0.9217211115789984
0.9833165850576949
0.9952123258873472
0.9558884362268881
0.9918028598002842
0.9901594644298997
0.9824595924104006
0.9887820140555396
0.9462957658317154
0.9645119031220968
0.9785475774027214
0.98615694263965
0.9801986941298367
0.9896272424535396
0.9409693802418485
0.9906416285113229
0.9774256389676954
0.9411061588330633
0.9373130251340295
0.9798157179030291
0.9688020102470385
0.9899940906581624
0.9889349338798092
0.9651093618139811
0.9553110419133082
0.9605013438981757
0.8313008130081301
0.9791509335885933
0.9805555069734723
0.9645848546024656
0.9523778569385579
0.9917480761883971
0.9400386032308751
0.9742533511323154
0.9782973199556481
0.967219727472657
0.973422839481776
0.9867514538691255
0.9660638856074175
0.9050997118244958
0.958376404107229
0.9843692125342618
0.9816293027045997
0.9727600440118905
0.9704392016601635
0.9866536039420646
0.9841081981764527
0.9455476094026252
0.9481185860889396
0.9853073261279602
0.9882495948136143
0.9775351060429227
0.9796631857962206
0.989319930257565
0.9582112883997442
0.9759290830453786
0.9768469271387363
0.9761001599576653
0.9803165374677003
0.9876044391931809
0.9913795086227914
0.9876225065833447
0.989688496483419
0.9870034330554194
0.9861288178556531
0.9556712626440388
0.9884981970146671
0.9891852505804953
0.9894274193404944
0.9897527914481262
0.9690142024951026
0.9784074123808245
0.9847703356866762
0.9937887337263185
0.9838499300400787
0.9871405080809029
0.981487882930304
0.9836455057302316
0.9178793849506782
0.9603352499756359
0.9848728066726189
0.9758017846956071
0.9959110192788153
0.9816731726176372
0.9865934537125061
0.9722753777262331
0.9831987899052623
0.9832454836375526
0.9838207662733711
0.9595813785636954
0.9852315174834919
0.9837916193269268
0.9858032114309967
0.9834264157022796
0.9735833471006112
0.975664192057191
0.9738602288340908
0.9838984395662523
0.9365159702345356
0.9820379544494546
0.9841707783707583
0.9909431757316064
0.890024352061228
0.9789434296888415
0.9948365346012644
0.9836375221550044
0.9844043109752085
0.9784244247038536
0.9811073736513741
0.9923206983000591
0.9847811372193057
0.9873299906926472
0.9445064727360512
0.9842928418499115
0.9761330191112508
0.9846391442888394
0.986983758953258
0.988253995864015
0.9849409197896472
0.97568103099394
0.9599078871617732
0.9758023870904436
0.9846976532369391
0.9865817670771406
0.9843018023496217
0.9621847694620593
0.9473999913425802
0.980559502097545
0.969675301840347
0.9813662192632256
0.9735669158896069
0.9888228397960057
0.9797175469976798
0.9630818103222952
0.9815829930661695
0.9367557823647397
0.9918845558551069
0.98554973937627
0.9786556726855234
0.9828609929675327
0.9646709769865894
0.9781186696293916
0.9660192810365665
0.9911763854305403
0.9421085554231893
0.9906095098834908
0.9468227465068898
0.9869526812332078
0.9795629929049948
0.8811160462665121
0.9950344917115317
0.9797013468226973
0.9922455746296593
0.986408066657323
0.9711920017865425
0.970405675678365
0.9686913151902852
0.9839093860869783
0.6698044679764061
0.9729172827353585
0.9815416089223256
0.9404561366288321
0.9788326524097687
0.9585209428572828
0.9805574480271947
0.9865132123054352
0.9857682714836369
0.9795603857714281
0.9721704559572618
0.9874477282503684
0.9869985683150801
0.9880043133236422
0.9665955630324903
0.9757064682997734
0.9794103896595242
0.9788799747954947
0.9573144490477566
0.9676428045905676
0.9614158437391971
0.9833466147591324
0.9858961604452326
0.9714115861102559
0.8617764805120034
0.9835949539476042
0.9612230814991076
0.982880466815985
0.9377317215714447
0.9790077418831827
0.9671003884410715
0.9801453010935574
0.9783746981863103
0.9905378226269207
0.9799836332901268
0.9743794680520403
0.9680095779706674
0.9841323492132306
0.982498585683506
0.9335163855507613
0.9935840946851087
0.9551171083836792
0.9593094588926174
0.9624863940289224
0.9806048256041134
0.9753274003328268
0.9869779749470654
0.9768570136150205
0.9590535054554387
0.9775813696176188
0.9748301674143294
0.9926086661693904
0.9875426184111536
0.8324836272040302
0.9759939727020926
0.9931177878283483
0.9870947039969904
0.9852418455774579
0.9935401012114706
0.9836740593589706
0.986022908095245
0.9903473858453018
0.9686094538779256
0.9888719813216555
0.9889691541978063
0.9819934846397181
0.9743275566533927
0.9724809198350202
0.9258388585574607
0.988919416292994
0.961851872697823
0.962240911832515
0.9809044404475485
0.7977603414897765
0.9844772293442807
0.9877146896831444
0.9777030765907456
0.978984213124018
0.9586446474512039
0.9754291170390119
0.973647703846175
0.9918413822375962
0.9329662554290145
0.9834794396746498
0.96602161087515
0.9719371667717709
0.9890762977152736
0.9735495248399196
0.9672250923656488
0.9673050462693528
0.9534248764700398
0.9876097435803443
0.9668663177437562
0.9891173739358059
0.9870724680505282
0.9592871963194015
0.9925125762232786
0.9828405345067214
0.9717387101814262
0.9792626391725759
0.9858273391877381
0.9729166244964881
0.9710092679063507
0.9632353904683698
0.994350229551204
0.9796322046425395
0.9872982593911017
0.9752225348675116
0.9640778875075057
0.942562549982863
0.9811509318327437
0.9933743068350436
0.9637600953336061
0.9895761630967324
0.7990803057230818
0.9293810813521918
0.9903419093302324
0.9857371893151573
0.9715263220194661
0.9867352728268738
0.9789193396419646
0.9395761192009655
0.9591560402934218
0.9873403966313502
0.9788371682725415
0.945131543687637
0.9818969887285705
0.9525489208028891
0.9581382440622734
0.9616645721466925
0.9883769662764382
0.9669263391576894
0.9908509700176367
0.9785811409253645
0.9554095590484654
0.9829225982461183
0.9728668143662892
0.9898198582070014
0.9653426525275765
0.983604157517201
0.9876691981003787
0.9885688141012517
0.9796839536146149
0.9752751893441147
0.9750140725957408
0.9498735494488209
0.9477346024230272
0.9903588347077008
0.9861618179770085
0.9845903317620853
0.9663964200378438
0.9698459174434594
0.9926883621562885
0.9601686340640809
0.9713068068929891
0.989512838388957
0.9775063150036305
0.9766834545793696
0.9774357297775391
0.9916259982253771
0.9520384312408797
0.9347067680809422
0.9725287797390637
0.9749237087266959
0.9848115300770822
0.989977482797172
0.9918350790649595
0.9824172682438711
0.9755013065007435
0.9835824428513459
0.9854704270381366
0.9874472287649241
0.9722610735917885
0.9856863043018709
0.9835341147604602
0.975577048596689
0.953262715290693
0.9463366821857387
0.9759453705893847
0.9333418252908957
0.9913373610902282
0.987797428991865
0.9884855631172079
0.9857508264281992
0.980021879648131
0.9856145226023085
0.985730830029502
0.9664342328247048
0.9736200325719435
0.9881970628799404
0.9932504290379455
0.9516013349097233
0.9145254397941411
0.9911935472408769
0.9686245471134266
0.9671513643818728
0.9794615618442111
0.9878456983888484
0.9310285617137029
0.9731035427944905
0.9883651531853552
0.9799724175287674
0.9081747579481128
0.9842577424136048
0.9235967796802359
0.978320928879937
0.9753513644780378
0.9138379024881178
0.9839858103188445
0.9868681744768435
0.9861631199922404
0.9933210351802312
0.9761881197192134
0.9344738592102346
0.9821314109120863
0.9814839691921906
0.9902761603726501
0.9899309827144018
0.98627246225471
0.9008613297587507
0.9765721480979248
0.9684564267437739
0.9772356952219092
0.9878539952300476
0.8438040640181814
0.982934021056676
0.9812644869097085
0.9762892910600082
0.9881588319088319
0.9866341859305545
0.9816990869392617
0.9691411026982021
0.984566230070121
0.9909437570329078
0.9889269569355222
0.9857740445939699
0.9877041347236085
0.980990486024043
0.8837774402871739
0.9949625413504573
0.9791791778358557
0.9332843365181264
0.9801027267399772
0.9869974589067161
0.9645716832714397
0.9922885946433945
0.994504617093661
0.9587029883359107
0.9671868291112066
0.9756633265118905
0.9889614271974094
0.9850551995221204
0.9849903976728599
0.9787631746971786
0.9729904195105055
0.9764319520911813
0.9836958447152273
0.9910278260647816
0.9886956398336784
0.998497620439969
0.9590131073799509
0.9867842254323544
0.9852611856891458
0.9567723377594778
0.9819165394506316
0.9913745521222157
0.9949683408526517
0.9918485048023433
0.9824409240439576
0.9697241115496217
0.9833521456029499
0.9892256096635659
0.9830261475709241
0.9924860101585784
0.9901879145256326
0.9832646334110986
0.982215058766187
0.988763049107058
0.9715338487103533
0.9897613873856417
0.9821172488957723
0.9767657914780004
0.9695200034888654
0.9838549003296131
0.9741152033234801
0.9779044115799577
0.9496005318975007
0.9931271168119911
0.91742962683019
0.9860341055533911
0.9619056763083804
0.9797557840616966
0.9608031485301181
0.9720175705649545
0.9653447879113293
0.9398202824133505
0.9918366387818404
0.9789717491229952
0.978470506240892
0.96148815121062
0.9826027773701167
0.990872048895458
0.9934301729853535
0.9742970901851701
0.9923971272050183
0.9939091148924943
0.9962750512624788
0.978838797308541
0.9663485159679432
0.9836081721225273
0.9808186776655272
0.9822289851784338
0.9441399816271396
0.9806547973633077
0.9826179877246586
0.9890381216161672
0.9843772245159453
0.9926711580480699
0.9932964589856221
0.9540468222637338
0.8951913102753327
0.9928316304996132
0.9845788486627528
0.9867221655370935
0.954671575971135
0.9897056281569727
0.9748034302982674
0.9681486447366416
0.974446427042936
0.9881064094450385
0.9905751195577914
0.9827857632398173
0.9701744381342229
0.8593471995745496
0.9889430638026678
0.9775329503210544
0.9895244429664117
0.9902848854711146
0.9831606630538732
0.9829112418887853
0.973806736082014
0.9946387210677206
0.9795198079231693
0.9583720116618076
0.9841632273675596
0.9873650616982493
0.9355880344215272
0.985268696934262
0.9753322446221422
0.9860030135285743
0.9745171717390481
0.9884758932274047
0.993464171278765
0.9868107674343239
0.9813337240641331
0.9700536077392322
0.9910124421933495
0.9776122304185983
0.9892196771702921
0.9627940698937373
0.9758756205072673
0.969783085722508
0.9919793725827245
0.988201293508607
0.9346669445023269
0.9735004558937248
0.9781452551105202
0.9653608953172664
0.9898219621513944
0.9808276060854448
0.9888923349223707
0.9337677969226098
0.9873596466896971
0.9927689071809299
0.9600417560749289
0.9791039957738419
0.9870908183525854
0.9957135791614002
0.9703714537941986
0.9746954076850984
0.976630550244317
0.9784869213560489
0.9607711456150719
0.9848792585545234
0.990959791508269
0.9934670608252097
0.9804480914064039
0.9905317401144109
0.9799127440015462
0.9330800969469064
0.9940817709509826
0.9870331753554502
0.9867289216126426
0.9941549711230001
0.9842351764420945
0.9803447571322572
0.9796914774462886
0.9598685415580573
0.9900602517877891
0.963304437874764
0.9890700736880446
0.9756094217945819
0.9512822196991734
0.9861747772195534
0.9844440775897647
0.9060745761428287
0.9666095263211874
0.981909365897664
0.9529308766474375
0.9835780835639572
0.9929335691477869
0.9713428115737667
0.9892379120772383
0.9770655856833922
0.9842410448700701
0.9888058760746611
0.9892173982657774
0.9712368168744008
0.9917537757709175
0.980247883137042
0.9779676635670604
0.9890584509069968
0.9873066093433044
0.9686945327686307
0.9881261368048885
0.9863323140143345
0.9882332744069079
0.9701267873661471
0.9816608879556135
0.9970207131372364
0.955718347507581
0.9829148157097451
0.9788262704101026
0.9674669054805979
0.9889397665281664
0.9828951453169339
0.9500111190439963
0.9899042986176467
0.9877883965633748
0.9422343111559442
0.987267700253252
0.9745325808299449
0.9753962335617816
0.9854214666771814
0.9575654868214537
0.9856032343034451
0.9564919061926979
0.9569238621015878
0.9826957915127376
0.9074032250779168
0.9916221209855997
0.9890500542300794
0.8980493733197481
0.9863371712649923
0.9831779348023024
0.9799352856051121
0.9909712288195354
0.9861080850358989
0.9908382027509799
0.9930372429560541
0.9791698739031252
0.9994046753750199
0.9857314455706901
0.9863941782471308
0.9891872230672575
0.9906787216532553
0.9585570084881854
0.8989917545141426
0.9861407562408531
0.9710577703813557
0.9866536647843046
0.9679347083731731
0.9857493603336913
0.9724450256708321
0.9901303955939219
0.9831452890947858
0.9784077542955376
0.948029044381469
0.9707394522261282
0.9708525169206897
0.990533080472655
0.9661284255654704
0.991798586672149
0.9752556793963244
0.980932381805815
0.9874323765182655
0.9659801601289089
0.9759068333755356
0.9868857603776282
0.9587350607612735
0.9838168769420645
0.9735075736782886
0.9875892761009224
0.7438124391922356
0.9647563815094378
0.992244394348427
0.9894214232404193
0.9807469536688141
0.9883290370146341
0.9881955415130771
0.9897777014146274
0.9714863853495829
0.9681648382360466
0.9829705230937686
0.9671526435974003
0.9881520514350103
0.9857044993343416
0.9976583633853837
0.9743443029421222
0.9790978771566724
0.9837988670926696
0.9894022564847299
0.9275266565276289
0.9866658667002979
0.3852941632019967
0.9788050215882697
0.9744077516534005
0.9851741485712183
0.9089905881836731
0.9838196134982903
0.9873367213758885
0.9886133935368703
0.9722584164116239
0.9977189781021898
0.9845359722994058
0.9920970115825174
0.991677720176222
0.9857685237311334
0.9788801017529823
0.9810095763674728
0.9832241153342071
0.9721520397566537
0.9799641148325359
0.9819799852159442
0.9931395285921387
0.9856825327670862
0.9873277308972223
0.9356403361885748
0.9715345546554975
0.9734383158463501
0.9834669393971723
0.991655530918222
0.9750138446628824
0.9763988765778834
0.9787320426471487
0.9294702447163515
0.9905998438570148
0.9859538869095776
0.986850344395742
0.9930978453573113
0.8939680973000509
0.9704411323397019
0.969233353866831
0.9901190104391625
0.9839670919683964
0.9932921037386009
0.9856890705219754
0.9806437692356101
0.9753610915868839
0.9893077258116602
0.9764642794768419
0.9872975943058633
0.9802992467660062
0.8918082686647043
0.9756975518564922
0.9685860893291093
0.9881293116955444
0.9848045238257223
0.9818378405801237
0.9702024353249218
0.9816057380842202
0.9798345154676243
0.8225543935794062
0.9893084817472342
0.9807476155303638
0.9740117117823804
0.9853650129828351
0.9727509540556719
0.9867450045413261
0.9732369254672621
0.9790441670022821
0.9859467480565908
0.9474736897835768
0.9749358921333444
0.9864921110504332
0.9835114222549742
0.9664966913769473
0.9888963095828722
0.965267644340678
0.9887641609426404
0.9844325908289645
0.9507921154141059
0.9745420953963073
0.9691060451580333
0.9202216460057543
0.987201660325147
0.9851834233896227
0.9805614004714406
0.9834624697336561
0.9756922954972973
0.9947438252704633
0.9785927900319753
0.9656572688246896
0.9445898516538723
0.9895629172643301
0.9797026038979971
0.9789092901129623
0.9919827646064191
0.9823623649000524
0.9408354898183592
0.977479418216808
0.9900695134061569
0.9807069637900403
0.9918323244562507
0.9854539492176521
0.9782737865751051
0.9761011011011012
0.9785822472477912
0.9882246130224809
0.9748281360273937
0.9935423325294903
0.9692638477131927
0.9887159593937214
0.9550974038625825
0.9761011875390638
0.9946627935976996
0.9674630693962856
0.9804185524737922
0.9240971397075727
0.9783656486570798
0.9809992707157577
0.9794205473906156
0.9828251438417279
0.9917006727693835
0.9863487413358301
0.9869805543537634
0.9813235457000233
0.9828686038001486
0.987660726941379
0.991585955561415
0.9924200438549688
0.9895378127590397
0.8326887938182912
0.9856196647818722
0.9825546955216807
0.9960806297824223
0.9926131964152485
0.9918240608501693
0.9834992313241204
0.9913252642784235
0.982502844972967
0.9770319269805546
0.9857692804785732
0.9463791104061421
0.9883623320106489
0.9786873611680387
0.9829947651156216
0.9896364750477384
0.9490721878588095
0.9862515754869392
0.9810398850331001
0.9903906959840088
0.9713346924364771
0.9858770353893974
0.9800818737586846
0.9819154874084776
0.9812610301518123
0.9713103343122501
0.9918120677621979
0.9915080379363691
0.9898936073474583
0.9834784502345746
0.9818742164646886
0.9670640668523677
0.968544290145266
0.9732686971733963
0.9817652649085293
0.9744915213295329
0.9906451372790881
0.9782946878534318
0.9870010746607434
0.9922507338406686
0.9730665061691243
0.9653447035166417
0.9942961504751678
0.8026517132981662
0.9869526141955198
0.9837373870823907
0.9864088466053006
0.9646455714410355
0.989615672840167
0.9778669158160697
0.9517669195497689
0.9484267122255163
0.9766287009368729
0.9785978455724414
0.9846799562036184
0.9741383423727196
0.9879680214912111
0.9900052222620758
0.9855023708829938
0.9864164698443398
0.9884564083909301
0.9826770693184027
0.9871832626611522
0.9864804861552123
0.9570153566592464
0.991509415778416
0.9857933191551513
0.9924400451737195
0.9843206008394756
0.987020129798702
0.9782779319264655
0.9803130200419651
0.9878916200747676
0.9887611487241605
0.9673153986215554
0.9846314411426172
0.9792750959164699
0.9859148101775776
0.9747441223570915
0.9885583869895106
0.9775926927225045
0.9752034025877827
0.9310718152291592
0.976677824533433
0.9957359609958293
0.9764224556075752
0.9872225614432971
0.9736115041981698
0.9870175691930868
0.9898607378451014
0.9888669420003592
0.9843563631989897
0.9760793492835484
0.9805093126751278
0.9898697327020908
0.979394210266581
0.9863286498852681
0.9632085430765299
0.9904209265911393
0.962976521616913
0.9864813983461979
0.9583643185774617
0.966539972668261
0.9828394993861433
0.9576759854749092
0.97030936821847
0.987027826320742
0.980441496053986
0.9943304027198208
0.9970795601904824
0.9856191459516827
0.9649372426490248
0.9837705079084389
0.9444114831245534
0.9811067846995793
0.9889416133690943
0.98570340918704
0.9846104738903793
0.965146407377483
0.9684457254440403
0.982560132706663
0.9774082892524454
0.9851563076468997
0.9922650170907817
0.9900039328788673
0.9763896969864886
0.9929244639331883
0.9469621536690752
0.9794765980571972
0.9853804176376163
0.9677906791792588
0.9868269773322189
0.9534021305472191
0.9868446053940471
0.9908853551344454
0.9891708231513406
0.9720325108957002
0.9873927280374113
0.964305485818753
0.979611328618338
0.9924703257629895
0.9692183660187856
0.9640896112453328
0.9800244133383529
0.9874172739343628
0.9963713569617391
0.9537047200878156
0.9885711159999248
0.9554517512189199
0.9785350229264224
0.9775527143522833
0.9864564696350808
0.9903761558488194
0.9904724578681872
0.9908799266727772
0.990673803047855
0.9946093330291501
0.9165875392593674
0.9876629354784792
0.9747107060585506
0.9880000774188553
0.9894954335521061
0.9853691726408675
0.9351503476507239
0.991145954371364
0.9919696490673411
0.9834517783443849
0.9848767750734827
0.9885295223768334
0.9807421629029669
0.989402458318121
0.9870367248431718
0.9875498793193368
0.9891790470748538
0.9083304551686604
0.9683165350181587
0.9913951701527809
0.9950412709269248
0.9929468318760101
0.9842153495128079
0.9773855466833552
0.9781182478884306
0.9283090518694657
0.9826384044785733
0.9825505581560123
0.9735463593504453
0.9894764346016272
0.9905521309772716
0.9760373148757655
0.982363301512751
0.9910591967697743
0.9845637766929392
0.9561152558852677
0.9636091888129069
0.9451441297751497
0.976178880725009
0.9652040000779742
0.988045448834162
0.9723290833150143
0.9858857810925853
0.984094013022074
0.9878615654745403
0.9968729138118829
0.9864067949439007
0.9827122775024092
0.9822636707839364
0.9873330174058942
0.971692373466636
0.9750558451228593
0.9904675546518471
0.9670257530590501
0.9858992394601486
0.9855519343860113
0.9934183107358393
0.9780432903472092
0.9834161423273519
0.978931939653258
0.9744222641672324
0.9884991689924425
0.9873924397036009
0.9829351206537785
0.9677808727948004
0.9857251479043413
0.9638635864236399
0.991669456643756
0.9937802230123098
0.9801695939002675
0.9872306593105523
0.9908678154989166
0.9239219802326598
0.9676084552716526
0.9902627552227662
0.9939463104708403
0.9702670842471278
0.9780283843671291
0.9859661233097485
0.9887886031303502
0.994127738189496
0.9932333717800845
0.9921573720138446
0.9839484064522899
0.9744479400472021
0.990847490768525
0.9883487232818128
0.9840076435522938
0.9882546094771065
0.9938659328193601
0.9761839583903641
0.957560649054794
0.970455997396367
0.9880614041126201
0.9870046856603365
0.9887606024446093
0.9918608362591765
0.979703255185528
0.9870081360529551
0.9885827374808185
0.9561851332398317
0.9888158948886396
0.9335817419655333
0.9330614783840757
0.9934429380368733
0.9885280007195147
0.9889959407248007
0.9882053244987659
0.975078932952443
0.9921164618030384
0.9854886032629481
0.984053862508859
0.9880275504005385
0.9627594108827165
0.9732249356519556
0.993000698199108
0.9931577008106116
0.9870979381443299
0.9924838342369446
0.9909290633887294
0.9946915967417262
0.9357924552762911
0.988193687345441
0.9899519479823512
0.9884656456927794
0.9672461846216088
0.9882866830321948
0.9758846389854776
0.9829030971764205
0.9762061364252433
0.9859621811478869
0.9721809676800129
0.9918278503445879
0.9897540774068204
0.9920687021878056
0.9908738443185208
0.9795637649832973
0.9856331413893491
0.9803702333052495
0.9767982379970038
0.9952162111317154
0.9862209391517789
0.9776760392188639
0.9873662747559742
0.9892067571142436
0.9881799690486515
0.9895154614494911
0.9887107340669812
0.9733004109943496
0.9697484413129968
0.9829192593328456
0.9434465301291955
0.9836216748768473
0.9762580866777352
0.9921144677395849
0.9779920003328242
0.9921622960255947
0.9974981729315459
0.9845309273916035
0.9822144725370532
0.9704496356433399
0.9920948616600791
0.9961500974658869
0.9862639136476566
0.9899073823601396
0.9946168437168855
0.9735261336305508
0.9782365532787118
0.9844659641848029
0.9928244620170802
0.9651791653411227
0.9886594604582409
0.9880986684715233
0.9940176996984129
0.9892599061136985
0.9964650584624947
0.9584611115715732
0.9516774919280162
0.9749408932716692
0.9899512489942147
0.9890961973855993
0.9723269601633665
0.9800381058106684
0.9910985646407321
0.9938324014633809
0.9783625546675481
0.9888710951049055
0.9898281836996037
0.9907834243574316
0.9898684956779458
0.9318763659069622
0.9582973034873775
0.9772508743567798
0.9014273707500341
0.9255628536959221
0.9942419117429303
0.9419673041200795
0.9532558687798839
0.9863155954442434
0.9847433180721401
0.9919474519621634
0.8026963986721253
0.9778958938761989
0.9748640454304827
0.9863906863675006
0.9842171333896051
0.979805516776585
0.979530938343884
0.9322822860053965
0.9665955610531368
0.9914758156470284
0.9894238033102122
0.9905803029176272
0.9917394762966031
0.9669891536834231
0.964559388915475
0.9839217655063756
0.9592170285735337
0.9890424416061648
0.9942027086312695
0.9857598995715416
0.9815900670196722
0.992209244584653
0.9854893140453824
0.9914793863102049
0.985120085559508
0.9930039655109688
0.9778868535573323
0.9875187213616021
0.9893354669706369
0.9929008670719601
0.9921532109828567
0.9747931801089266
0.9946294653223998
0.9737632717263075
0.9892976353253439
0.952581286892998
0.9820099149274741
0.9910876601782468
0.9800537124476794
0.9620485981308411
0.9660136754619878
0.9664237709031176
0.974120411893598
0.9838087270960952
0.9716191747519767
0.9854400166443843
0.9872724189495429
0.9890011494948273
0.9838079948783114
0.9616106148099524
0.990222904484202
0.9913188125012231
0.9732176268287033
0.9892176228913305
0.9925421105416525
0.9912904834670402
0.9849231466338155
0.9875736710599096
0.9829102519048011
0.9903284140774182
0.9525589324940166
0.970388898266505
0.9734425818724814
0.9895119981599407
0.9911308671104744
0.9882526822638892
0.9947803867188109
0.9776576368209546
0.9879981378378481
0.9860313711896354
0.9900177245196438
0.9751416589774529
0.986618018650924
0.9906705667449048
0.9825531118574623
0.9922484234316739
0.9843201815400776
0.9914432067474601
0.9780743068934341
0.987989652623799
0.9748899324919283
0.9933813016004797
0.9892921224749667
0.9881028776006485
0.9492774804505072
0.9703734809122987
0.9417833550676614
0.9795832945772486
0.9908488005362697
0.9901367936335138
0.9777819731913076
0.9749564661445408
0.9360675164022082
0.9896055062131264
0.9872397918961837
0.9845705859642104
0.9983660900849948
0.9941380684081725
0.9981433345711103
0.9644400189744401
0.9889213676936689
0.9779226420199661
0.9543313142967023
0.9696460166387756
0.9934775992959426
0.9903380342340402
0.9869941571088509
0.9723357525476432
0.9873843891490267
0.9769139371556578
0.9903321941360765
0.9334297337836817
0.9831491848267166
0.9823397893326655
0.9844815047436448
0.9846652406026035
0.9266383975190658
0.9880499197263876
0.9827397508172988
0.9687418598593384
0.9858441579947153
0.9878763295475032
0.9779784555172659
0.9928135093744991
0.9712775923382659
0.9942824820754285
0.9742833070307121
0.988293138446734
0.97870513149252
0.9858173255864066
0.9683956178274746
0.9896127158971024
0.9918474727930436
0.9830626445541177
0.984277258259947
0.9848039993651801
0.9442633610377051
0.9733138787326452
0.9896939151719708
1
0.9759538221821048
0.9843993071262288
0.9869562239402735
0.9943832534481072
0.9723006296721363
0.9803877037878174
0.9818521448991931
0.9895340700240693
0.9908073644336317
0.9927228071771315
0.9910873356048183
0.9900666890831652
0.9861621363798968
0.9908707865168539
0.993125278665487
0.9904945407835581
0.9882951556229719
0.996465510370493
0.9853470510213524
0.9841650410313975
0.9970273483947681
0.965143428952635
0.9856064236499367
0.983976427065858
0.9988213431934946
0.9939529827422204
0.9779450248503905
0.9875589117715751
0.9901903197078751
0.9920338852625205
0.988394628554633
0.9889251528868415
0.9931183760311739
0.9903629835169052
0.9752141247804911
0.992869033665797
0.993495454709426
0.9795800838167134
0.9862820825855343
0.991409511925901
0.9803857130502465
0.9457784178067182
0.98487695925536
0.9927609926709272
0.9973846391819722
0.7873430270984798
0.9852350109336415
0.9860331364611675
0.9635470092012799
0.9909544484723695
0.984894328808102
0.9902962445815272
0.9970987937089631
0.9939193184139963
0.9837189374464439
0.9786514320078178
0.9862524696162366
0.9754894933027486
0.982927046015537
0.9912957249889819
0.9931201210257525
0.9809914167229241
0.9820620715957866
0.9813126260296199
0.9548826335850289
0.9793155766170943
0.9916907338324223
0.9774837701181045
0.9911754377543724
0.8679668756288212
0.972071670417779
0.9104974539757148
0.983457627118644
0.9771872919038516
0.9853582509973262
0.9779556416944756
0.9815212646515555
0.9706158870337152
0.9867565456862181
0.9880754883675272
0.9931945011569348
0.9959010295780515
0.965898266336445
0.9792002989536622
0.9803224431054467
0.9775424121627886
0.9900961030318451
0.9795930341719865
0.9798914182742698
0.9897105275151362
0.9797404400915449
0.9672307849961477
0.9877438906056399
0.9834554353112841
0.9817321423908699
0.9879752468952655
0.985347275431559
0.9850591297346636
0.9935051692394845
0.9775747098048901
0.9811165509410078
0.9931219140730551
0.9946153239998949
0.9907364105829792
0.975829330105534
0.9872393493131842
0.9619993494421585
0.9922768128145377
0.9839652532507607
0.9802419275009404
0.9827682451488529
0.9720881657111017
0.9952391171489753
0.9884387936132466
0.9630004991427765
0.9841836915341855
0.9932350244855829
0.9912732369847451
0.9877158811975019
0.9452013269274766
0.9749670619235836
0.9617375005093517
0.9905402067769512
0.9945660429130714
0.9909434701195706
0.9942057703679881
0.9878591012518795
0.9934862811528641
0.9909444657487848
0.993058568329718
0.9824642542229292
0.9934706029743393
0.982759956609329
0.9914889346113314
0.9451253481894151
0.9913882693458718
0.979616945577724
0.9585330258766264
0.9844010847793119
0.9152548581475851
0.9770612044097587
0.980381249498205
0.9740025692448453
0.9633688175728514
0.9755836443540135
0.9355557807275307
0.9928398746673743
0.9576241573420599
0.9735249788221834
0.9888320073040303
0.9936787011532277
0.9532431982540182
0.9913330629743352
0.9745129134571817
0.9665799127700149
0.9913052807567312
0.9910319090462001
0.9881602998043556
0.9836339677527629
0.9869041831658254
0.9947661105659142
0.9679535163392277
0.9528171543255519
0.9825705400608932
0.9862337463307673
0.9928924580606442
0.9874907665012116
0.9199251325412636
0.9906519166664518
0.9836725555302089
0.9699643971572711
0.937344143795095
0.982251489712162
0.9781599781599781
0.9673872233622893
0.962067489040677
0.9836095595641425
0.8763317073170732
0.919180674842738
0.9645925091134903
0.9903401317254765
0.9749875724416533
0.9258972478061238
0.9837128444013953
0.9873196788517896
0.9832095233572014
0.9812921305763842
0.9535239914485926
0.9898616170402004
0.9921191822136005
0.990537353391127
0.9730651779749976
0.8570992207404597
0.9882474881467392
0.9907718740142684
0.9813100456603644
0.9590106543617084
0.9867634944374685
0.9433091830412191
0.9904929138633071
0.9746632833964896
0.9865655267395632
0.990690052800874
0.987154391168232
0.9960333413738576
0.9903653948822368
0.983251498389414
0.978894478247375
0.9926364743660724
0.9792061166886992
0.9857246684859372
0.9949203545612142
0.9711781140619644
0.9878743509442659
0.9869986650414998
0.985448460405469
0.9934306569343065
0.9909541318073386
0.988661442037017
0.9882581988033029
0.9737430459459858
0.9789228814387645
0.9712332878815165
0.9730512364423126
0.991518329363972
0.9938114787167193
0.9908023736237521
0.9920397253679917
0.9813049790127747
0.978870684525969
0.9823850837094942
0.9839574239987748
0.9932023637358293
0.9819565524716083
0.9894746476295075
0.9727895043598506
0.9880109937270013
0.9931373153341964
0.9948193545425331
0.9936103602187716
0.9864574145655254
0.9897572262319991
0.9854155684413987
0.965680931967352
0.9611519841617645
0.9811387085156192
0.9860768149527029
0.98910062250711
0.9920003126913606
0.9781048143181654
0.9900086502213034
0.9911823286259045
0.9946971082260129
0.9857721226142279
0.9878386626045155
0.9717418324594401
0.9823813103208501
0.9920487089989708
0.985386645574661
0.9763314896486252
0.9835466403380205
0.9883569422135144
0.9865525484083614
0.9351100764126609
0.9226474944269704
0.9686783534972312
0.9822574997081825
0.9529833949686954
0.9911299235475748
0.9913930963511289
0.9789149416360713
0.9863358756103677
0.9905752108881116
0.9804847580018586
0.9924271653692229
0.9834795044439251
0.9905654401621576
0.9888799436449632
0.9908544134444116
0.9941659544424213
0.9890317336063106
0.9783938753283362
0.9828517897832526
0.9872088326376733
0.9817282199368425
0.989806674368363
0.9802364831778325
0.9810632847736237
0.9931009859535985
0.9899462277985986
0.9905962048624596
0.9760499609679938
0.9867477839111171
0.9732680108033415
0.9930190741458943
0.9709971431825737
0.9802693888080191
0.985949980579901
0.9791030440767158
0.9772988696225187
0.9739246442432082
0.9902201960126356
0.9991702863085771
0.9628183475192722
0.9747419368490711
0.9867977922260162
0.9840431758710921
0.9949976471212031
0.9759115826802854
0.9897599462816854
0.9878870744820789
0.9757425279714105
0.9849361306999272
0.9896493681592456
0.9913939716820688
0.9822635135135135
0.9805577879995212
0.9916092072585316
0.9903597990076356
0.9909987120649258
0.9869315022013683
0.9874921229018275
0.9925891242292464
0.9870558754788152
0.9520256624192043
0.9936889506969968
0.99164961952647
0.9922514329258192
0.978835494533435
0.9534951990703933
0.9879359206486656
0.9844904963041182
0.9691421722144367
0.9755959018574379
0.9644434115733209
0.9821449043756189
0.991972170189992
0.9774817449097084
0.9738364670199979
0.971948627164173
0.9868491680085884
0.9856753788983256
0.9785159594885877
0.9917057504547421
0.9704385724166568
0.9803208243550399
0.9873889677054141
0.980262162366649
0.9949287024769627
0.9876914202779897
0.9860527732902531
0.9923650713725306
0.990551878699161
0.9795746412456764
0.9889604694903008
0.9774961194223202
0.9786410163313415
0.9922262897075695
0.963452867145721
0.9892182099582201
0.9867166049613026
0.9912655166384987
0.9952702271958258
0.9775174151156768
0.9896125983573912
0.9798210145727534
0.9839334011032331
0.9911739089431435
0.9831143865609147
0.9747151587981293
0.9714086305957903
0.9753786180983677
0.9955830633325026
0.9898971129235989
0.9818460700671628
0.9902961195276198
0.9487588248690503
0.9829844534214714
0.9921831521168775
0.9798692467536054
0.9807154490992687
0.9723678405827029
0.9885311768096294
0.9753119639988841
0.9895018088099685
0.9718244265921527
0.987080080422172
0.99362620277163
0.9903370356485933
0.9868974275368537
0.9810372693667888
0.9828534261054127
0.9820574249783364
0.9893407935374967
0.991281587728368
0.9164761937251958
0.9403878774722423
0.9853484521440775
0.9870749167527179
0.972207530565352
0.9843757950066732
0.9880375858920606
0.9954619359436946
0.9572525017001846
0.9800080352367314
0.9887571892973244
0.9927044740421141
0.9859591380488107
0.9942687116999044
0.9872705045814968
0.981557136517843
0.9924379999813744
0.9789262257031103
0.9861498908990985
0.9573447340125953
0.993713471833407
0.9839508638971112
0.984176698746968
0.9887869520897044
0.9906951329294803
0.9790478603895715
0.9552740560292327
0.986135382977097
0.9802232600220865
0.9784955045364245
0.9699844775921176
0.9592431608437706
0.9879157241328347
0.986781976679595
0.9896791963707064
0.9648410048278644
0.9889252361001107
0.9385482725565584
0.9760620793026588
0.9914341554283799
0.9826221562035806
0.9897461631505821
0.9780413527808943
0.9858579247148607
0.991399652260308
0.9661676026303158
0.9891532658232727
0.9902611017449573
0.9894481224405267
0.9917140572240981
0.954374065947003
0.986790067504711
0.9787256164640854
0.9875085330283607
0.9679043423536816
0.9916618780826509
0.9712753715683715
0.977939529675252
0.9876082319342591
0.98499936355002
0.9939854335471867
0.9486476691523601
0.9759068061404701
0.9902647840646253
0.981526742290043
0.9891537236658914
0.9407093975041374
0.9953318579023022
0.9752160572216998
0.937534637004196
0.9970174727822841
0.9847563353359942
0.9889719386231255
0.9949136743784007
0.9910844256595915
0.9813709039419913
0.9891302270164194
0.9887142332391797
0.9857751731486415
0.9498134970414858
0.9903014511316294
0.9878625976364006
0.9946398438275486
0.9881485407262559
0.9624401386579037
0.948977420530321
0.9868625315693135
0.985877363491783
0.9819795296167247
0.9809982265011401
0.9542270503663214
0.9681514423268849
0.9872454791180509
0.9558155583720856
0.982260621486687
0.9685722996169294
0.9875441767019432
0.9920962098268106
0.9843289192158677
0.9854152802122096
0.9899032632855123
0.9906228966995886
0.9850909975453882
0.979079990528186
0.9622087410248005
0.9935259455790708
0.9823597006118202
0.985406078238322
0.9860105413526428
0.977675744141862
0.8974035391352074
0.9816025802251779
0.9777794816366608
0.9953411489459095
0.9855369796440991
0.9809328349259755
0.9922218989428765
0.9871352940411307
0.9909353730062369
0.9924017044090944
0.9950771768705773
0.9885197572637238
0.9861629926827769
0.9873933925252102
0.9807669074830261
0.9947342230364256
0.9874066555659486
0.9876910591099689
0.967699575079082
0.9852558637724879
0.9909471737841831
0.996231324267053
0.9894782413742452
0.979931588332917
0.986470472052143
0.9903774435682369
0.9839298962722399
0.994527386220567
0.9835047776523522
0.9799948137044697
0.977131218847629
0.9721162714241242
0.9852950177500306
0.9912206539169662
0.9929085158248887
0.881490414023314
0.9950979196644149
0.9456295224115349
0.957915425182201
0.981218977142915
0.9985546891524133
0.9896636018680677
0.9895576549653643
0.9369424762350921
0.9851622382850523
0.9676127448926777
0.9765908318389067
0.9884119202824838
0.9907495188026085
0.9913892153022588
0.9921006654027731
0.9712989214292772
0.9772619892227268
0.9507222720276053
0.977249210508634
0.988270301146402
0.9833846080748809
0.9825775774066358
0.9959256923897755
0.9937123395336652
0.9877246021548262
0.9943051324115304
0.9927733913153812
0.9896048632218845
0.9894444129164066
0.998041627959527
0.9677117855148017
0.9950157262430607
0.9934303748550818
0.9842498693938802
0.9905087518746526
0.964001816711711
0.9783329174164116
0.9788728918140683
0.9822212116151908
0.970558882235529
0.9367123345506745
0.975951929319805
0.9871678411948633
0.9427428296540518
0.9722527568907652
0.9919602689991501
0.9957389780419916
0.9718209292285211
0.9871707433964351
0.9903863231843038
0.9784477814736062
0.9521639717902693
0.9905800820808583
0.9965738117504676
0.965281173594132
0.97910271294364
0.9932805401329401
0.9770898406479962
0.9325110793497373
0.9843706440433255
0.9923423739019619
0.9890602941024927
0.9788372560852947
0.9793937466629686
0.9899280770062729
0.9774719725875599
0.9696258745653358
0.9973253215110102
0.9908369439515423
0.9841265154125038
0.9717643141908331
0.9768179832328612
0.9945054339135757
0.9899935769581826
0.9869030471482607
0.9938696547912165
0.9803783652680087
0.9575312639119349
0.9962113096326799
0.9822706683724629
0.9837686567164179
0.9596717160195282
0.983321084784644
0.9836811996523499
0.9859919087592386
0.9475913973691851
0.9884571730287106
0.9851477933675159
0.9876539294963268
0.972526506825915
0.9849166128654436
0.9629571135263967
0.968648442846977
0.9882026504480446
0.984730786399742
0.9815950650407398
0.9888871765894419
0.9583175471830492
0.972306381014769
0.9897599443787385
0.9897105259064537
0.9916221236589712
0.982892424727107
0.9685989941159068
0.9865259164640997
0.9356554181980176
0.9785544925860828
0.9554133998692728
0.979125239160579
0.9896785223607817
0.9908417027288153
0.9964580873671782
0.9922045714536023
0.9943037471382712
0.9911359503177102
0.9910508994184212
0.9910740763144344
0.98073155254589
0.9693662328571561
0.993735898893923
0.9941755324593788
0.9930611616247451
0.9380364516896201
0.98914027475718
0.9728870221920695
0.9791845890383425
0.994205045285451
0.9911972855387776
0.9885889269257991
0.98864092495637
0.9903321807641362
0.9897406061982064
0.9791887049839543
0.9819758849771418
0.9590713646726113
0.9905923065915556
0.9923338348637321
0.927128227051968
0.9628795534704422
0.9946463445699244
0.9936767453009538
0.9825934833157661
0.9813485669645037
0.9844264698808828
0.9719928272851034
0.9221438780371606
0.9922968594888686
0.9924463119048932
0.9606352865647251
0.9935969127039742
0.9822303816435896
0.9605499614912856
0.984657878545902
0.988921503837437
0.9923420912821416
0.9768759243355243
0.9900472251653399
0.9827842804522344
0.9686037309214245
0.9931305258259656
0.9926933736457546
0.9799529182173974
0.9384594438204159
0.9239728720267348
0.9895674141533856
0.9939251485607402
0.9277608470949051
0.9772190914084593
0.985019910751806
0.9934198930732624
0.9860930632041631
0.9729313812815462
0.9897481847934914
0.9250612943464314
0.9890140221026981
0.9907089549266832
0.9881954152655357
0.9882212268246047
0.9860831413739773
0.9930427564786263
0.9788728272956049
0.9725377600575073
0.9856781550710106
0.9867156140725666
0.9848037769253467
0.9887259874068226
0.991740296927504
0.9742560938840829
0.9905902177914979
0.9964853964455082
0.9773008300459312
0.9924054944411626
0.985699481865285
0.9749597348415773
0.9916890957189554
0.9947828525717637
0.9803328290468987
0.9916073991909174
0.9900089449506512
0.99215124918874
0.9866479374725353
0.9191721211249371
0.9866437282803383
0.9928150046045973
0.9758525748359429
0.9931857788654757
0.9897222076077234
0.9932754213468249
0.9942428329974647
0.9898666687153563
0.9917246874309789
0.9943388596845936
0.9896393281546799
0.9905512513735267
0.9923728813559322
0.9895434175488732
0.9885787014122351
0.9913301187816065
0.9844274238744629
0.9863201837593744
0.991390791692614
0.9834631828569954
0.9842248661206153
0.9672243940578577
0.9863419107430668
0.9346591429565982
0.9656595267054575
0.992892706472578
0.9747789480969885
0.9957228441521868
0.996690014408792
0.9711462679647659
0.9678896925717241
0.9758417585885013
0.9846281450930005
0.9934423758197031
0.9726055375657289
0.9616556558334642
0.9914136638411402
0.9956214323487359
0.9904054849330769
0.9616907107670655
0.972802614998546
0.9817609480603647
0.9853746632563858
0.9911685321902041
0.9826752144527509
0.9873854917213969
0.9870800479945149
0.9612943484130161
0.9899226058882789
0.9726617680455425
0.9959845810692497
0.9942158652263682
0.9811182536658514
0.9924826346208538
0.9940363552956019
0.9775614455671813
0.9969779604238506
0.9855713124661359
0.9834516377319764
0.9706800740936756
0.9712240993352823
0.963877946184149
0.9912841101603604
0.9812846231870237
0.9875773279961854
0.9919605564802312
0.9486291507601882
0.9889748132045022
0.9879682179341657
0.9891827599797308
0.9115887907216808
0.9951980993173605
0.9934857948379009
0.9749856316276909
0.9783359699347141
0.9509850659142871
0.9921959214060266
0.9818778006155352
0.7854231993609385
0.9910499574585345
0.9930868662148838
0.9891847664385599
0.9389945462173123
0.9906670967885469
0.9785427210479309
0.9828101569529141
0.9878805288989222
0.9918757068105777
0.9875541911261383
0.9893468710338768
0.9949323204289057
0.9290374856070621
0.9906966015685068
0.977954045051657
0.9920517587756927
0.9921519934887092
0.9393804765354804
0.9866532311728806
0.9875992949754931
0.9913878435062135
0.9859169142460281
0.9860911794396093
0.9948329019174649
0.9171968699579249
0.9852562871433093
0.9926253641362766
0.9767005333253881
0.992004750211678
0.981126610617945
0.9958678909952606
0.9734869196604671
0.9912044182457185
0.9788330948649815
0.987258302975253
0.9872326341097866
0.9940506480376269
0.9924891473503153
0.9896945552333293
0.9886523609300526
0.9818918978797568
0.9920668392145988
0.9702901251638191
0.9873576934240655
0.9822760107188628
0.9810832208023783
0.9690550546346288
0.9948080630006684
0.9917627677100495
0.9889404960797035
0.9949811794228356
0.9923164197992997
0.9482490994838279
0.99393143744684
0.9821569597860309
0.9712705019444763
0.9913727726300784
0.983588222675328
0.9950206099810862
0.9796406654105153
0.9893090046051843
0.801736022466173
0.9937847107366076
0.9929954331623633
0.9887481328723013
0.9934025217868012
0.9830865201236979
0.9869886902800511
0.991173304628633
0.9814745729186749
0.9902907213049138
0.9935173629389532
0.9744969034909863
0.9588372164410474
0.9890545303298964
0.9862112405314465
0.9750032129546331
0.9869431982761666
0.9914803530893601
0.9749446753958805
0.9880214184078484
0.9773113005939728
0.993962062089662
0.9929612130019991
0.9917794545913405
0.9896734169362343
0.9769762752236463
0.9953921946443637
0.993552080232638
0.9432004802754638
0.9907782793382629
0.9563451661802304
0.9532808993857522
0.9819075774951166
0.9976576748670787
0.9779983209402735
0.9849003368432379
0.9913344452665505
0.9926180861777331
0.963998007938065
0.9926798931549864
0.9801971220542766
0.9888472557107931
0.986685863519796
0.9912786472212801
0.9875997961610328
0.9895515953485874
0.996107517445399
0.9755668194372781
0.9836713675179019
0.9865736195505082
0.9033147488041922
0.983332303827702
0.9219381284120362
0.9634722819080361
0.9904406933343919
0.9527485335422359
0.9787096322731885
0.9896422241076603
0.9896213645939997
0.9839591828846413
0.9692145761871798
0.9927781812313403
0.9949910828641814
0.9916531825918843
0.9731317604702658
0.9848959603730041
0.9819634637691258
0.9762994312319057
0.9829837490551776
0.9909273314141149
0.9920070386308728
0.989716501727579
0.9946515430386398
0.9647835997153397
0.9871558551389049
0.9975844010280789
0.9890375485541648
0.9920185740090691
0.9862848098185907
0.9942382801592059
0.9951317539837536
0.9919593593588755
0.962751493487075
0.984290245131458
0.9678434089238251
0.991862751058957
0.9780578913272591
0.9904058338068878
0.9883649724433557
0.9794246380606786
0.9929637565701518
0.9935117599351176
0.9877602442136546
0.9890578309017402
0.8687189826302729
0.9907928621095702
0.9824767603376429
0.9843081151587508
0.9947905535370806
0.9856606444691453
0.9789158976614202
0.9889505750027038
0.9913243057149415
0.9915249993740768
0.9818447449534092
0.9833317513051733
0.9783865315085509
0.9857402896520249
0.9843256780105221
0.9839989637524849
0.9753092762906255
0.9906947352172193
0.980559309699553
0.9877573034050476
0.993848095451515
0.9935471198475171
0.977579180218235
0.9603353230337078
0.9800812233888954
0.9892659399421655
0.9888579661892825
0.9926873758742768
0.9914720642519746
0.9928179868830691
0.9783466598180688
0.983926287640972
0.9911381285785839
0.9845909171231666
0.992045179995168
0.9939208211874331
0.9837772135285586
0.9839337464078282
0.9903308897662891
0.9655487010165957
0.9953648816580726
0.9753281912448282
0.9842664781738706
0.9926139402372968
0.9688241168393459
0.9503836837424068
0.9900457547912268
0.9856947771385077
0.9898605373915182
0.9859247592655356
0.9949082255302116
0.906997900629811
0.9904805038325799
0.9910235126056909
0.9907920261371178
0.9366457908030864
0.9922958497205547
0.9886368681775224
0.9921432421812524
0.9801569480621006
0.9693305809495724
0.9866736223086408
0.9753585071075208
0.9872418884473273
0.9925115766514214
0.9966732531788294
0.9730044695494804
0.9609518033884809
0.9779986186510734
0.9762473788478343
0.9962764734038255
0.9807039987594736
0.9841862375567797
0.9669352998402614
0.9398318662296048
0.9950246038076714
0.9899601231499109
0.9761495466805317
0.9860198417940457
0.9860814818669026
0.9795364746122546
0.907824100513992
0.9665610700457585
0.9796108348659265
0.9949623543645355
0.9880959499747994
0.9956862574993157
0.9965815403177156
0.9905430685851055
0.9892170504318608
0.9853582249340508
0.9772797530254589
0.9835615147159319
0.9926102905257175
0.9894160008166523
0.9895025155663361
0.9756612805787305
0.9810983169029716
0.9863910509398935
0.9791206025022621
0.9919837159876672
0.993425691828767
0.9901532389202906
0.9639923602404415
0.9801565391115963
0.9837544055346569
0.924227705459491
0.9736833436729674
0.9854794945917771
0.9876404049389637
0.9607120257517815
0.9956396808354511
0.9405265619707632
0.992114900719998
0.9927264385833282
0.985128565034409
0.9907268462828935
0.980029696899555
0.9839790442671236
0.9689419767451322
0.9723176314359195
0.9897829024994972
0.9768048575382557
0.9788321167883212
0.9673903002309469
0.991296060100635
0.9854299914532338
0.9917285390453037
0.975242331257176
0.9806411761730179
0.9936276083165811
0.9821763419492784
0.9881807096444285
0.9878765850427075
0.9651507740728139
0.9896743798545344
0.9782387890946712
0.9972857180872295
0.9788825956226838
0.9874884151992586
0.991054256920862
0.993838899158731
0.9832730367405657
0.9856542895794214
0.9881789710631912
0.9938677843735974
0.9887384843742437
0.8719943574069721
0.9830179469424358
0.9920016267877719
0.9961004579278764
0.9929668128933816
0.9376337511464384
0.983987702110048
0.9866608373719803
0.9904752600986665
0.9918401655561591
0.9801558262666265
0.8900500411985771
0.9705274432849934
0.9885469929641079
0.9922542901023588
0.9964258457605275
0.9834864519130131
0.9897420382617246
0.9682908783426699
0.9895604768695011
0.9625280186312558
0.9910995175382981
0.994710589213343
0.9945305408948801
0.992591668042308
0.9915489744502507
0.9917208410794084
0.9941660161401977
0.9850344463753724
0.9932169213315303
0.9817755792762302
0.9965624366853515
0.9901305951550194
0.9966408526254698
0.9945099796576384
0.9590924607517781
0.9835636149712215
0.9959983474568129
0.9924909272733055
0.9929952847636736
0.9770573099929627
0.9939631720506962
0.9895419583670976
0.9901560190295449
0.9923300909579457
0.9842810488194111
0.9739160265127847
0.9923267304775168
0.9833994930180934
0.9952748042032351
0.9835691621644799
0.9921206588560701
0.9925476527293675
0.9762148345646678
0.9595858925164436
0.995704407951599
0.9916521906967767
0.9811060998257602
0.9840342124019957
0.9852928040018887
0.9939046029897953
0.987338255421262
0.9731085782843432
0.9887142926427082
0.9922331762205336
0.9818665099000928
0.9764539504923921
0.997286673813374
0.9927633500325748
0.9164569656337923
0.9678663605456279
0.9877126481460707
0.97170985628607
0.9981759626072334
0.9949935550032403
0.9990094193087037
0.9813537216730321
0.9694888370144251
0.9881168042105577
0.9943579303025709
0.9853712839168353
0.9819388016024093
0.9691770250634303
0.9944205632422484
0.954168363618105
0.9919237685016813
0.912169630114496
0.979191607443135
0.9894068098063488
0.972729080809062
0.9877643079701296
0.994761699271193
0.9001268805510241
0.9843700711159937
0.9894489530446121
0.9954791346957156
0.9899389499389499
0.9810220938822107
0.9760287511230907
0.9804839810516215
0.9886561026622709
0.9893098802173559
0.9865264715206594
0.9918898043254377
0.9943194649526622
0.9941670648660991
0.971108885817616
0.9914747388945733
0.9988896521110444
0.8805005213764338
0.9880486046572226
0.9923383711167086
0.9953105528956516
0.9314812656880376
0.9926114494847866
0.9950182575794282
0.9350063188301138
0.989265472084961
0.9785734974656046
0.988258190835175
0.9851244541634391
0.9944748939179632
0.9935308975087235
0.9829185438600718
0.9762263587362361
0.9861043860442595
0.9935360395582464
0.9875614936582638
0.9908356681471339
0.9862688551049714
0.9683727257269172
0.9937148411148259
0.9841858455521066
0.9539010448213204
0.9910683887284835
0.9718484446275192
0.9957531495176332
0.9852434773143023
0.9800232351286101
0.9661967561012581
0.9849515737225664
0.9809206541490006
0.9553162172042406
0.9865833423221421
0.9826699219601517
0.9851814409821341
0.9688685245824401
0.9849198868991518
0.9873775235697715
0.995826658367601
0.9914837864395677
0.9973654623865219
0.9763204802421
0.9831366405570061
0.9890312472770327
0.985346362992923
0.9920061506313268
0.98571375224723
0.9824232740095873
0.9889466931181538
0.9765988578432269
0.9856902697300389
0.9925463948889565
0.9842829567531437
0.9950750738217219
0.9810508439862777
0.9875712979403045
0.9916647621294447
0.983213585343014
0.987366837876839
0.9794659729550642
0.984364764234816
0.9637541607587168
0.974205383103423
0.9942133940869203
0.9864244793787842
0.9908159621479267
0.9832528959764338
0.9794242906254811
0.9886981081520331
0.9875535915186038
0.9921174695342057
0.9855268386776002
0.9628488724598564
0.9712835269209624
0.9811075356826514
0.94969489004209
0.9637165972051973
0.9832165196449307
0.9900727344210734
0.9919941591698503
0.9908104435707211
0.9885917279878204
0.9848947619938083
0.9907493711914341
0.9909799322989475
0.9600346324691946
0.9914884066228138
0.9829910156683273
0.9920802561322395
0.7510484203921034
0.9703035403570395
0.994541013061999
0.9854795432180051
0.9613670041410247
0.992194099552127
0.9923620892444858
0.9909933958414078
0.9907974641469882
0.9911993732001841
0.9846355874219574
0.984524076172528
0.9714872657312326
0.9951535150645624
0.9891027304793043
0.961981234964232
0.9882656207602556
0.9970524419699512
0.9921823965160216
0.9905362563691802
0.9886428288725078
0.9781628090679241
0.9856427908240676
0.9915019014176853
0.9910449051019196
0.9934714686141898
0.9691005364732111
0.9810303650631184
0.9943148170081725
0.9907452711749334
0.9854132901134521
0.9885925333204242
0.9857757105384137
0.9913978398722831
0.9771230663443732
0.9885283513602098
0.9724921718267588
0.9684356376619463
0.9783413264152515
0.9884616951085408
0.9812965052989174
0.9901191301320161
0.973273512516248
0.9797940857263779
0.994173425286318
0.9829570049031567
0.96856877454554
0.9746163997205475
0.9834178492341156
0.9834290803437192
0.9877777708206801
0.9715755036188854
0.9835734543391945
0.991519404712069
0.9892566974367302
0.9917522280366015
0.9868652612661855
0.9339484827279739
0.9864928026694908
0.9846314206487188
0.9831897758419761
0.9706916850897039
0.9733086680761099
0.9939551875706122
0.9889489411612158
0.9969418094294209
0.9933119046712868
0.9790264165511585
0.9922019471336887
0.9915608131297401
0.9681251171537238
0.9197392923649906
0.9906998810366736
0.9923314362882223
0.9855280641748074
0.9686815409322648
0.9906396849937928
0.9696090531072589
0.9769263124161276
0.9940141901186302
0.9907631011329354
0.983262784128178
0.9925006041613071
0.9749614184565831
0.9680472502842878
0.9933414359792303
0.9687049619106445
0.996877077935478
0.9933140839388431
0.9834344967121902
0.992644629191504
0.9893876920010009
0.9809139708597233
0.9790840153068722
0.9948299799581248
0.9846881422520978
0.9950742330143668
0.9756258621195668
0.9873585339948253
0.9912453223846028
0.9892719303983777
0.9829301997737011
0.9766361563656876
0.9877391572712293
0.9329672090421725
0.9709500694227685
0.984642572441149
0.9878036868724495
0.9939731965848114
0.9797373876129685
0.9880868955851436
0.9881203778152805
0.9783045948954285
0.9940042319586866
0.9929650888179303
0.9795720293940935
0.9500153533356711
0.9553172851314257
0.9934808022922637
0.9928041046735999
0.9902819651961453
0.9629790436494153
0.9920323828555325
0.9600506429774722
0.9942628559397862
0.9922475276248252
0.978200787539309
0.9940053893965579
0.9792294152161157
0.9372643026281171
0.9698045510338967
0.9894330061080481
0.9917830755317113
0.9336549953521314
0.9918649439780065
0.9763570638359277
0.9668796321821214
0.983374217462295
0.9809564822124931
0.9974002762206515
0.9941033389843001
0.9871601942561057
0.9942266946395198
0.9828457370972341
0.9685783094565548
0.959407758256687
0.9422431595250387
0.9566933138056589
0.9879833695284179
0.9906374201921183
0.9825035023672936
0.9899922134623674
0.9938764529139228
0.994987697872593
0.9765145152640473
0.973001942788236
0.9842544623668077
0.9859778235698166
0.9929104900245255
0.9849111104018384
0.9942042518252582
0.9842670675206856
0.991674148927111
0.9955737682251519
0.9416924180644821
0.9907333531995886
0.9814388365470981
0.9930677906377904
0.9810125885701331
0.9868095817772917
0.9920586186434118
0.9815358342096376
0.9951945374640152
0.9890388565703342
0.9898058479919064
0.9797460842585324
0.9924002759211246
0.9749647587156014
0.9919208384386486
0.9906768064672759
0.9856651907041594
0.9669691853102574
0.9975111996017919
0.9956503434007392
0.9926410160627568
0.9779976985040276
0.7378902111767446
0.9903238206640552
0.9963845879602712
0.9769717089088046
0.9898111183936126
0.9884242128497054
0.9963723997970574
0.9944352304469274
0.9937564322469983
0.9911791649530303
0.9944386262684627
0.9833519993801464
0.997222766777756
0.9875542880689665
0.9744885412001646
0.9860115623986078
0.9786508896692142
0.9815755103501332
0.9849947582456827
0.990074425572263
0.9885290793965883
0.9711212545758575
0.9907286512107614
0.9886904963005507
0.8749541035817914
0.9585056351795576
0.990197566501729
0.9978149605239789
0.9910063106979556
0.9900863670133729
0.9761559014869888
0.9291875115950733
0.9879756459685337
0.9690684296874682
0.9759775985486384
0.9926713927189075
0.9745785912628574
0.9652091551950859
0.992868393419671
0.9981202101508652
0.9924841430653524
0.9867584503499063
0.9920457709524727
0.988573572738896
0.9953042518606308
0.8888990161134803
0.9953080207283659
0.9930924215785012
0.9862237394249322
0.9905382991556092
0.9609825341652454
0.9852442131956783
0.9910281280310378
0.9755003298878381
0.9771630152246565
0.986960725295974
0.9912808914741138
0.9814510601725432
0.9932313415145603
0.98123609949193
0.9828027790709022
0.9893129319285308
0.992287359298181
0.9872056492806538
0.9877761071790923
0.952462376552344
0.9851950396731125
0.9764966045620755
0.9841845634870207
0.9892320673822483
0.9917960105788285
0.9714785588015528
0.9939997372963697
0.9819983950124781
0.995496635933217
0.991985015463693
0.9919334730106507
0.985331412954682
0.9833804069250484
0.9798365951804544
0.995992987728525
0.9796028404378603
0.9887732344136058
0.9896139415828045
0.9908992332119898
0.9981360267025012
0.9883897151370373
0.9830025638590827
0.9774631011382823
0.9759719379042358
0.9840677467118081
0.9843567753001715
0.9956444641105824
0.98105600911388
0.9894034412635014
0.9976847729296527
0.9881449227141544
0.9809428443645833
0.9841920469836825
0.9662802950474183
0.9869561877769714
0.9852073474544956
0.9939339468456264
0.9789423739871151
0.9936649132311564
0.9794442825018739
0.979275900854192
0.9793401075787519
0.9825679141541075
0.9794728884409001
0.9927696934714585
0.9873336260239481
0.9386265459246786
0.9659984048443174
0.9944309210288711
0.9930798642899457
0.9852201458308506
0.996593043556587
0.992621971752238
0.9910886075949367
0.9929154595733474
0.9890143864728437
0.9798727128082737
0.9935927581879871
0.9883055460142152
0.9855353823557316
0.9885612919011499
0.9955970568245619
0.9892976752099154
0.99102825694019
0.9817641348403608
0.8609828475545336
0.9855613388946335
0.9950234863519861
0.9913026082172598
0.9696294699807192
0.9639458709893368
0.9945058363821897
0.99535288992158
0.97681223949637
0.9823927393097225
0.9443950177935944
0.998005223039192
0.9358274277578229
0.9941881499619394
0.9704690886572401
0.988714393406531
0.9658560855774613
0.9721781052402773
0.967780866791664
0.984891859237409
0.9919742179528657
0.9853992207423551
0.9813168702552054
0.9868685776095186
0.9809244670428876
0.9941457363069439
0.946459032630826
0.9495193837927303
0.9881523922694515
0.9854282880334985
0.9769611537756412
0.9936642856831183
0.9943899177187933
0.9903200036914629
0.9941169871120648
0.9917484899284212
0.9906839186691312
0.9760945557593821
0.9498780202059184
0.9865880853775088
0.9829159263778855
0.9912495517580655
0.9961823776509493
0.9829327469509508
0.9866347387946321
0.9924609061504414
0.9910781774307301
0.9799418947458699
0.9890735980653582
0.9882521453435738
0.9731687028853652
0.9970875991259729
0.9957286825385939
0.9883480506403939
0.9898809452919997
0.9850644130681233
0.993551612582243
0.9673545696411879
0.9878997851363716
0.9897670811535529
0.9720325797849403
0.9762943065616729
0.986557392105066
0.9906436801524734
0.9924408417260296
0.9796420714667935
0.9894720972888766
0.9915379517765204
0.9667118022314793
0.9868488194090087
0.9921278651167609
0.9944975713418336
0.9783496383002962
0.9869304513302933
0.9749251808707337
0.9783513647097589
0.9915642471531337
0.9820142536874197
0.9786166494302786
0.9862493987764257
0.9778323531312609
0.9931131051037321
0.991594242453251
0.9849569344730582
0.990421320156742
0.9861959784008781
0.983118319055094
0.9776654177730894
0.9900007594359922
0.9596733027054619
0.9883697801490634
0.9492668621700879
0.9901341742590314
0.9937551313297174
0.9851950158519501
0.9110532883732044
0.9919265723128227
0.9874903764374882
0.9395747129805527
0.9809221183800623
0.9921052691056782
0.9735250925329297
0.972220309652662
0.9793301203725421
0.9907974225464977
0.9899963625999695
0.9941207004311486
0.9614935920711125
0.9722984555645502
0.9819694563661393
0.9786397861944959
0.9915607165678778
0.9582023022994143
0.9905662266909688
0.973713518043239
0.9759390983078481
0.9920652435599069
0.9830979374513694
0.9911261164188396
0.9669183737248817
0.9908768827640995
0.9939669874858782
0.9918880080269606
0.9952827084226423
0.9931040801662736
0.9954801773492317
0.9962454476052214
0.9816449249510101
0.9912071403322729
0.9941177041888292
0.969551304283488
0.9869782351883467
0.9682319900980791
0.9919779974086076
0.9931318725548597
0.9878613155299294
0.9865274446082029
0.9462592712809507
0.9770108587478161
0.9945868704360779
0.9708405104228917
0.9940675988325357
0.9963847311710441
0.9749140583848521
0.9918063480175932
0.9824050543010039
0.9915445875528464
0.9916550022439068
0.9932018164684348
0.9929280291915239
0.9986958680662288
0.9848719439114847
0.9908595559188121
0.9799168339170701
0.9831644353673207
0.9896617828289744
0.9768451399647086
0.9976429591492469
0.9945101956611435
0.978494706676395
0.9990422748981163
0.9822328623456161
0.9890898103463964
0.9926913622062454
0.9648342648601274
0.9889126921486827
0.9739972305202887
0.9843910187925055
0.9861664825399875
0.9903594589586807
0.9929860204130992
0.9957382610138453
0.9966645951876955
0.9809479176993304
0.986271186440678
0.9915094018769743
0.9925100146138615
0.9394669659756151
0.9868883973982101
0.9854023393330491
0.598240300677559
0.9897196972871868
0.9950758147224741
0.9851141654864641
0.9834554573872488
0.9863283440720847
0.9916149401206358
0.9571166868870447
0.9947098183014936
0.9714630706694565
0.9703947870076055
0.9762591287744787
0.9920240526435217
0.9883912772159581
0.9875312123212605
0.9881478729333085
0.9932127065299707
0.9962800392535736
0.9905844774420262
0.9229004130335016
0.8692894905575921
0.9885567519895911
0.9817201084559599
0.9968026502130527
0.9817850043022877
0.9792190912319678
0.9932299042580618
0.9051818335718793
0.9937859490550535
0.9439638268288486
0.9898858415703745
0.9979702369416876
0.9577902937628674
0.9911583033812292
0.9943368723009526
0.9879362286970863
0.9844431678232732
0.9781771720199476
0.9944477196263583
0.9914675171749098
0.9894766835508171
0.9836864291984092
0.9890790558374867
0.9711926334241483
0.9853441747271909
0.9859047839252286
0.9921735056631852
0.9842305130766669
0.987961677627836
0.9964901203387312
0.9812329104538884
0.9827444171811748
0.9961854826404782
0.9958856571994427
0.9910897187961093
0.9904611081452606
0.9855066379807944
0.9938669037375788
0.9914018337871
0.9711533095026111
0.9865516059439079
1
0.9883179998960445
0.9772108229704832
0.9848121349378475
0.9865306880600051
0.9906485883626514
0.9891456011102316
0.9879015005090223
0.9912003541690673
0.9892976138071312
0.9869845561231203
0.9748911094030234
0.9887317154004911
0.9872099546683666
0.9864814647423343
0.9845510343259832
0.9929372982105077
0.9485942921204975
0.9787145870270206
0.9912512076810184
0.9822847355793738
0.9924050182083678
0.9946485295380183
0.9911044281116935
0.9629124029532468
0.9912546671010098
0.9770659877272334
0.9926391268481503
0.9955500962701442
0.9915816168963525
0.962153591311935
0.9848052901865806
0.9757843578490154
0.9951247923722415
0.9784640219269298
0.9811496738873307
0.8919638835443002
0.9953480514557427
0.981430668634964
0.9888154623752288
0.981990605543467
0.982861936571162
0.9134040892635886
0.9944327767772961
0.9700213443737732
0.9913891550219053
0.9888083552724239
0.9845021501819384
0.9878393221402793
0.9908749493189752
0.9904903172641121
0.9871613956809552
0.9866499668852949
0.93153780958659
0.995812791247383
0.9447525794312198
0.9915772722400416
0.9822847540656774
0.9927820414809225
0.9933071196893898
0.9915805712822132
0.9923557882054798
0.9830481033875222
0.9736520714080902
0.9819415131839447
0.9780336678181718
0.9782866309233059
0.9923567157284996
0.9876055389063958
0.9913013962021754
0.9931597751380156
0.962836648148662
0.9947989807159469
0.991500756270006
0.9711595262775019
0.9836303113373801
