0
0.08707692307692308
0.2824494055916561
0.40819797418757603
0.45385352404602913
0.5180586957981689
0.567719957711735
0.6274543302378367
0.6699055042443008
0.5858941436855967
0.6944921316165952
0.6830973790803674
0.7283758219590222
0.765003349362425
0.7440104719857158
0.7472463159450216
0.6104831905626962
0.7303309416156217
0.8544826846021751
0.7753481472734921
0.828402271580552
0.8168350550573278
0.5813511278922628
0.832065187059327
0.754951194442814
0.8228776275052957
0.7855356606982095
0.8413012425176855
0.8516163101680191
0.8675294583062534
0.8645032005447107
0.8697001881410451
0.8098691997991463
0.8610344710130118
0.8267240859480212
0.8583664447543615
0.8635116561588323
0.8548342919748014
0.8743289435164728
0.7925246392115453
0.841978287092883
0.8323708188248425
0.8606367245866181
0.8637409250346684
0.8917846140588983
0.8991844262219271
0.8857682788146364
0.8222049045779377
0.8898788883813936
0.9266029951448566
0.9129981688927187
0.753359499733901
0.8787618735118672
0.7899289795482458
0.7578486995440744
0.9111883412376874
0.7467084565221398
0.8701554818795015
0.8781705896647366
0.8989327137346144
0.8117585660089524
0.8836684874039817
0.9341202689795564
0.6793963254593176
0.6251388606604616
0.9406960764727605
0.9165655346611723
0.9224459399521413
0.7301200873018623
0.8887576577944369
0.9063893987939836
0.7939298956804427
0.881031125737008
0.914988448883392
0.8921668595134155
0.9068937727707728
0.8672273064556023
0.9091104112020126
0.9306670784434836
0.9211023868304957
0.8997676713293012
0.8634390211814235
0.9058903896910417
0.8709343849688933
0.7906265087614666
0.862684022935069
0.9244405412438199
0.9196521739130434
0.9425484941539988
0.935701607954658
0.8266419600576488
0.8866988662147472
0.9475843984266311
0.8945778360989458
0.9151827383035819
0.5920783581520302
0.9089292373002897
0.9411377742184596
0.9238020807893322
0.9084145690867647
0.9261808798304609
0.941322758221524
0.941143614257508
0.8726445603898064
0.8645423768500542
0.9227126888842889
0.9144862340540612
0.9283385081054093
0.922755628538473
0.8586546914076608
0.9314632671951841
0.9279879670533678
0.9432510802989897
0.951876414420738
0.9176848606491229
0.928988463111654
0.9208544757903457
0.8961701448948557
0.8330689471575284
0.9465973988030294
0.9300708741140735
0.8222603579308654
0.9741784706586485
0.9332621815880692
0.9065088374126582
0.9430520009306654
0.9149211704515926
0.9248343137144212
0.9013854828492401
0.9343153349831146
0.8363775876161403
0.8255057336160305
0.9286637403646152
0.9118399188051622
0.9187531022035046
0.8769937405199855
0.9757806244995997
0.9432794279955852
0.8579719686974283
0.8364640883977901
0.9494147948941328
0.932004315881416
0.9531557267802987
0.9392503800982747
0.9117777887609351
0.9372336375706818
0.8982186141013759
0.9150578446646999
0.9419950250549768
0.9271124575683469
0.9400057233559727
0.9605855966632892
0.9501342933572798
0.9475315323527066
0.8868005866047831
0.9266092660926609
0.945986496624156
0.9160946458854882
0.9584166266486492
0.9197222291391718
0.9305535051836048
0.9350152711687084
0.9698447353807064
0.8973800061500375
0.8655190442375672
0.49610348966121987
0.927697395618024
0.8818379430827088
0.8461156085783269
0.943567609353862
0.9370407029796645
0.9090652922090358
0.8663148914133199
0.9223320638522
0.9285966532652395
0.9144755069907623
0.9435994370976204
0.9386767079074771
0.907585160504382
0.9658081607006975
0.949902966059473
0.9345416280132368
0.9106757073323095
0.9331088116053303
0.9161356478429649
0.9476089211999912
0.9187701419404571
0.9586083073695634
0.9377110411881592
0.9264192764628153
0.8540257082560594
0.9739998351376601
0.9567407387361179
0.9728451237230675
0.9660394219147788
0.8224950735182659
0.904430857435656
0.9616150866012966
0.838359350538981
0.9409814744321786
0.8865764105143674
0.9363563174557055
0.9558049201553733
0.8636787011322367
0.9255412446762479
0.871044784382598
0.9497850538041421
0.9420174994499946
0.9568058536209086
0.9548401461850459
0.4807746904077381
0.8930994913064725
0.9093534202149541
0.8886684027822059
0.938847654227224
0.9736091543245936
0.9616164827758172
0.960081724705989
0.9339270318396278
0.919754577515822
0.9267700138824618
0.9535655147929636
0.957384957941613
0.932721819874083
0.8535234701110499
0.9331894437358972
0.9504370014939643
0.7390337280138665
0.9447490994194985
0.9290279071261119
0.9419201577070293
0.927531279571023
0.9331239009527103
0.8761313111182886
0.8346875477797435
0.9484778180947621
0.9230912435936747
0.9573886281876217
0.9033167865409092
0.9010181172335728
0.9149054236633855
0.9351354239008494
0.9832213053722422
0.9159443842542434
0.9160940803382663
0.9346088862505137
0.9227067770374857
0.8382969301636889
0.9419700928345099
0.950756113129339
0.8581094344252239
0.8708573528398521
0.9229981864145966
0.9654242568898493
0.9152839229279234
0.8441565718497382
0.9118272258303805
0.9501479101959034
0.9417744738873437
0.9357957026485778
0.9543704457950171
0.9567672500625721
0.9507738901486904
0.8888691181536994
0.9280797558356028
0.9303995398182768
0.9322444177996968
0.9593776746417995
0.974325139881957
0.9539921053504494
0.8729985933582044
0.9533877202551758
0.9545372181989572
0.9579298883794118
0.9511524799947214
0.9427686619874261
0.9654130102787691
0.9543485504831722
0.9630589499127166
0.9449142811781482
0.9577360388332532
0.9370597243491577
0.9474375515261042
0.9511836054442764
0.9561852018372472
0.9661871165775493
0.8818082085699536
0.9641325053042388
0.9445513192323061
0.9434508057227076
0.8391823894894916
0.9622202792943744
0.961760544758359
0.8954642815792521
0.9359186823196033
0.9381158346930533
0.8993385724897689
0.9560487773404736
0.9383958906977119
0.9429151302061001
0.9600796501177994
0.9698685578208941
0.839208237658798
0.8803466592116299
0.9633601865059666
0.9679293327166549
0.9443928002565901
0.9221543031177021
0.9123211220201416
0.9006566655178043
0.8813301640962934
0.9288634430532564
0.9514557066459642
0.7965920997003841
0.9333108472746897
0.9479103537247607
0.963282764525945
0.9690624522303922
0.9438339013702441
0.9668967800823006
0.9653163026226287
0.9508855019647766
0.9430014690110762
0.9481627425869372
0.9810043202107851
0.9251592861444828
0.9356511634297918
0.9673874122021761
0.9464680711177477
0.9587266240452075
0.9655929082326139
0.9660829427300197
0.9607863106163775
0.9696982819709306
0.954854887867898
0.9301422403960458
0.9631984294315115
0.9777673063742289
0.9321376189630565
0.9574390533622757
0.9445682173378114
0.9527356671412706
0.9725493451664433
0.8652050076174075
0.9571126798224504
0.9700755077564684
0.9683064091859045
0.9695961995249406
0.8526669912797131
0.9583941909058432
0.8737335740796469
0.9299488627951209
0.9450361354127045
0.9534338185874158
0.9303947645530916
0.9640366219949096
0.9301091846889148
0.9622249529248478
0.9642528451362057
0.8779307734166134
0.9423898565387331
0.8438921865256254
0.9729399958948161
0.9582138581888032
0.9680647378111299
0.9375753383017306
0.9391890582924892
0.9531908180698345
0.9694014924480534
0.9045127384896607
0.9789235595076683
0.9683608640406607
0.9614502027421596
0.7771410967344424
0.9698136142625607
0.9636312467047609
0.9431324790850365
0.9552284405966106
0.9796523860017964
0.9756868995660376
0.9503410784846112
0.7033388067870826
0.9660001695589511
0.9458770916955335
0.9727958584339871
0.9674836089478402
0.9325421570493676
0.9494610531888299
0.9490123204643978
0.9845266829345923
0.9317107718896575
0.9640273955066249
0.8875887128256974
0.9740807250382301
0.9367644406366957
0.9579115091044454
0.9641773416916508
0.928971469987481
0.9537610823081879
0.9680237324102687
0.9759172327885491
0.9707951200645064
0.9659099485590578
0.9112592409716221
0.9718985209341143
0.9549446686522913
0.9715884850975557
0.9559791014419605
0.9547379890542153
0.9701884907594837
0.971157964091583
0.9558260350943277
0.9530447265034754
0.972530320950403
0.9495601737543836
0.9465578493448265
0.9679810957427307
0.9334301394521648
0.9478593000532954
0.9410910271074681
0.8106622800548197
0.9759161790453059
0.9450772010806362
0.9714365977442736
0.9770506922725058
0.9535628053231512
0.9825790578944125
0.977623089983022
0.9552194932797968
0.96704787249296
0.926396002812092
0.9654329581931392
0.9797749881324435
0.969749106337487
0.9656294681075169
0.964325588632062
0.9664155420580826
0.9569484976776687
0.9700237603343033
0.946143693855333
0.9616930395107272
0.9773504137905172
0.9617358270469039
0.9206577916992952
0.9623154409563778
0.9768407200053532
0.9595622546758128
0.9615943384013463
0.9733797028137844
0.9732698435581977
0.9799581716051816
0.9455197471855462
0.9630046012070022
0.9609042364140408
0.983019315868747
0.9699577321610101
0.9442589354810972
0.9187078236764096
0.9384528051030393
0.9753384490545107
0.942024013722127
0.9745447860092077
0.9660289146547492
0.9717971223472618
0.9855963789332965
0.9719142295261746
0.8598409153246346
0.9789260095453116
0.958625042292377
0.9766011681156527
0.9630165613827969
0.9391864544475568
0.8680295884641894
0.9648704971717773
0.945228661715404
0.9596868650813578
0.9847227945989188
0.9598829648894669
0.966903321559791
0.9770521127513647
0.9377950693472858
0.9523381397567048
0.9769026632939063
0.974141244508045
0.9479295670292811
0.9622536432784388
0.925159920565922
0.9278893823940888
0.9436386951282874
0.9634829111807097
0.966823496293083
0.9841026682593833
0.9729940403649658
0.8901950640219167
0.9728672437718893
0.95250806004229
0.8297582221401419
0.9737853662897242
0.9611298970539118
0.8798070199972032
0.9472764142367667
0.9498786820519739
0.894698249118255
0.9589805142587773
0.9757150876144166
0.9706555298131953
0.960346308690412
0.9644164201090835
0.9676774297935189
0.9154224881905487
0.9579587372791815
0.9594513876875573
0.9463071126478176
0.9902891132936782
0.9523082689755548
0.9762253596164092
0.9633463412483189
0.9319716093393712
0.9515003336505748
0.9865661125870611
0.9238653979156233
0.97642708117034
0.9243699698674616
0.9488927048529301
0.9695805456807024
0.970990072351107
0.9635995698006312
0.9672756709980879
0.9659874884187475
0.9444256566339759
0.9616423069769828
0.9502682555610796
0.9728619356306153
0.9886113372934985
0.9776443663139739
0.8938238188976378
0.9451405431157694
0.953643612089746
0.8027462049858285
0.9419533663030476
0.9398667416757498
0.947213099673428
0.9821046455442811
0.9455682164136912
0.9582855631008026
0.9423890063424947
0.9646612960831779
0.9561728150728309
0.9700137450509172
0.9574966598641768
0.971213244652007
0.9235950889914305
0.930734367607142
0.9616991131867555
0.9783631199536627
0.9723501768099758
0.9491279940867411
0.9693116783036608
0.9684085691179584
0.9154773408804374
0.9749377836334359
0.9711016967293348
0.9424327710181737
0.9658913514501266
0.9455712304528717
0.9746312245604299
0.9663115336412621
0.9662205388815561
0.9844349570495345
0.952542468194175
0.9614080061695777
0.9406146572104019
0.9649437287826421
0.9647067543633796
0.960000138001939
0.9544107081824966
0.9304548791429892
0.9694478821827422
0.9472985218875584
0.9635223060109844
0.9781577119662634
0.8352787470075573
0.9593608480739151
0.9645301564074601
0.9604348571511196
0.9754915862304604
0.9216374364791102
0.964381591879003
0.9673078113713754
0.9603918682116697
0.9560061528838916
0.9199552495238602
0.9447862353360589
0.9083869589597073
0.91371813572272
0.9439666012776017
0.9305122013467617
0.8981679949461929
0.9751675492680028
0.9722823615786685
0.9780280588103643
0.9582756285969286
0.9779605281460915
0.9747311880976566
0.9665912906738563
0.9352990560173288
0.9651560056516433
0.9494967010869656
0.9813134522303925
0.9451852208101381
0.428936766911676
0.9704823055485506
0.9832939825959713
0.9534267448408361
0.9702637753557372
0.9550301705706277
0.9821331672974176
0.9888232828940475
0.9811193578877233
0.9532803955853036
0.9304206602858426
0.9749725547935475
0.9685663107932464
0.9094003249227871
0.9934827945776851
0.9769388509765691
0.9835435912718122
0.9519192795679188
0.9730104436654783
0.968341490040799
0.8812206536808805
0.890208000880427
0.9519529888551165
0.9544263493852927
0.9722271697921172
0.9443564127115939
0.9691302318344485
0.939524013406383
0.9632475618393407
0.9265841900447233
0.9792142476776522
0.9651308420731086
0.9539041638545732
0.9655500650195058
0.9696714912017296
0.9797885171610244
0.9828156182652716
0.9717341743944874
0.9635518665597094
0.9522464158171281
0.9914532493168633
0.976681523434562
0.9616432873751826
0.9807336834819429
0.9729228337352219
0.9542792158681263
0.9789810970940309
0.931302225594888
0.9545992703022689
0.912341206251887
0.973756991863681
0.972045358074101
0.9547416358584192
0.9466695690030474
0.9757254899577157
0.9852261083880258
0.9677341424181312
0.980337010546733
0.985904666936732
0.9842861465582905
0.8775021371554184
0.943095135697956
0.9481998948697088
0.9481185983827494
0.9498712725273077
0.9697868512055137
0.8843779941620803
0.9652800415782544
0.9685043148608767
0.9813342205955747
0.9449638529419332
0.9807993456630146
0.9304853896419264
0.9389145729953899
0.9273846133231497
0.9761171675704214
0.9666843642155561
0.9535595470090167
0.9648493735399667
0.9793362204136489
0.9752505692087412
0.9299142241416025
0.9675220993602678
0.8490570768127642
0.9469062028675614
0.9366280859933207
0.9732907967532205
0.9718563485074643
0.9835744250251981
0.9350820852512778
0.9767373721018097
0.9737644617706237
0.9777474370029702
0.968717996096138
0.9854431991849211
0.9684530523878482
0.9630679944601992
0.9267441604286957
0.9668561410634466
0.9076014554709403
0.9800987787356322
0.9361964732637739
0.9719416198469786
0.9861690989645178
0.9679071473047172
0.9624129864873133
0.9706594634873323
0.9652373663805108
0.8759017258445315
0.9572233500730135
0.9757943294706399
0.9786740252093721
0.9789263240692186
0.9751504855387068
0.9397549321966803
0.9503674574812011
0.9402541800081915
0.9667872178114316
0.9684493645922159
0.967650131569391
0.9658158893377402
0.9590062350488524
0.944048616932104
0.9291550855424914
0.9697423496990972
0.9726980589317645
0.9762442938369752
0.9362002926139633
0.9661120051318635
0.9721192319909457
0.9843344126314257
0.9404740527922427
0.9862564239918309
0.9630962766386382
0.9761081469776196
0.9651691825604869
0.9643480552498178
0.9309802437912019
0.9855288040219548
0.9674613020466433
0.961420184512161
0.9582524798347641
0.948152167609706
0.9249514919502858
0.9728578275024375
0.9727947791348368
0.9671921108012684
0.9780170722043754
0.9739422613179
0.9765587423739969
0.9806879281935652
0.9692453202323746
0.9777839843594143
0.9689338176936647
0.9691961165048544
0.9685225558830082
0.9764633959957206
0.9410625948498477
0.9561582461219409
0.9803167971105757
0.9645619843227681
0.9732396711714791
0.986522263577825
0.9595560110088073
0.9518450041591314
0.9685504115708099
0.9720553766251285
0.967342387882079
0.9803056562155349
0.9505473171134702
0.9755229921964699
0.9705445201828669
0.9818404735639314
0.9667586070768144
0.9718814420031173
0.9702311108470598
0.9713132475176726
0.979166179439806
0.9764046616863566
0.9892087759356696
0.9850661735921974
0.9407264182122419
0.9647419930255355
0.9751168958379537
0.9822391286500096
0.9667427599480776
0.967239335078659
0.9590663146613692
0.9754036976363211
0.9681678157547308
0.9639568668702531
0.9837211022537824
0.9628763390443829
0.9617385358822497
0.9566790417135292
0.956298712617346
0.9767828761425773
0.9861082969290745
0.974000674438502
0.9519119828580848
0.9571894976542566
0.9771349972818849
0.9845858543100491
0.9634422213626826
0.9585049123945764
0.9681424928300748
0.9788766949507521
0.9723318168375085
0.9221994132148514
0.9764043341887654
0.9603903245044345
0.9808221009245851
0.9612407965461994
0.9692589260787294
0.9764262422592515
0.9580579391929738
0.96401601690127
0.9847343964043013
0.990810583145078
0.9680413284335943
0.9832389029695834
0.9787304743644856
0.9349732122059166
0.9852859901488246
0.9801436417405999
0.9546857929986226
0.984669288523418
0.9700846227383777
0.9690998640055868
0.9796438027869582
0.9828016651029365
0.9393278868598105
0.924528547317622
0.964057095532713
0.9522963900909909
0.9863221660500833
0.9684334416975666
0.9699009293485581
0.9730020707040393
0.9782310063139643
0.9799653521812377
0.9712918035569439
0.9850229517534783
0.9776112525766946
0.9756974041331461
0.950041804950484
0.9855016656192217
0.9638486966418056
0.9335675090663983
0.9617097120663455
0.9815380326890466
0.9878081439419729
0.920182412170404
0.9834795111430625
0.9201674777973217
0.9581015731804362
0.956193670767451
0.9737622662711842
0.9672516688033244
0.9726400190765746
0.9715092289069334
0.9368305583749945
0.9049887327556199
0.9397749355990419
0.9890002463817645
0.9735904813749126
0.9773284640400917
0.966942965633314
0.9726689342597907
0.9511970633777652
0.9629214107753806
0.980221326477714
0.9707203832155257
0.9697233874524364
0.9560731052278598
0.9774766885185742
0.9813281498233744
0.9459696555975524
0.9645255090628692
0.951480589821864
0.9773994968362884
0.96628206798598
0.9838197754151561
0.9654155746911269
0.9719919492276965
0.9398135357086173
0.8980350537093499
0.9718129208074059
0.9815622390413955
0.9830008192909812
0.9799019579825369
0.9733802898142035
0.9866942714333977
0.9603915267069421
0.9599397679159835
0.9265486050150757
0.9375532946682549
0.9825457499429691
0.9781997748167062
0.9870333920370179
0.9276552588491173
0.9750156473617733
0.954713216957606
0.985203705512972
0.9758074823885465
0.9740757096921102
0.9836845192576418
0.9720499045867631
0.9853737677953985
0.975679819252804
0.9460144276268915
0.9726375364532072
0.9845835390726286
0.9595589716320628
0.9241013224064072
0.9801230692862526
0.9703686009766184
0.9513344970599462
0.9744444444444444
0.9691991432177298
0.9812529979214412
0.974632427809229
0.9705106762217529
0.9647705310599897
0.9686097407689612
0.9735669582886625
0.9885138170686679
0.9600958975572349
0.9761328762790539
0.9857000136751097
0.9462230639070361
0.9743372144336196
0.9170923931483079
0.9798635166588353
0.9694213315961684
0.9777750558005335
0.9229778182598468
0.9229407599716781
0.9209960059273931
0.9778855401443785
0.9812873550662443
0.980591593149974
0.9802444904315918
0.8219819530135252
0.9591494124230554
0.9803305175532568
0.9753469728214278
0.9879174061851205
0.9895478872774125
0.9716679443466503
0.9543538941491981
0.9798613641955553
0.9826952195544019
0.9620523957838886
0.964349555433462
0.9614759795313144
0.983744935881219
0.9701156812339332
0.9096679885080726
0.9589044581935012
0.9606574566523977
0.8982178581438277
0.9857883183099955
0.9780706502128887
0.9812518132164167
0.9748793105310337
0.9253687859924447
0.9692466898399978
0.9824105066473094
0.940095748178182
0.9453588116326104
0.9667842351025452
0.9689672046666118
0.9645702550827647
0.9618147440253418
0.9828383376849434
0.9728630320542405
0.9854469246515255
0.9610929202322318
0.9773417239534022
0.9820389003827565
0.9616548940464178
0.988555017816306
0.9567248403364792
0.9187450798513429
0.9647403002495372
0.9567997385763303
0.9478996668599868
0.982075169604492
0.9742031841356229
0.9863917042169028
0.9687748452352397
0.9841716496658459
0.9707633869796726
0.9623655020241884
0.9728114514007564
0.9514176540474585
0.9742346423368531
0.9457719908263668
0.9776991238057522
0.9635571720282989
0.9422382375824085
0.9733021108937254
0.9522236044161094
0.9119292394080767
0.9761488788718256
0.9290582140410423
0.9838091363344641
0.973635342396662
0.9876011485251892
0.9712943725778511
0.9741605850666215
0.9638704173746443
0.9661346937526337
0.9832603206932083
0.9814127624170972
0.9787885512533131
0.9755663655316191
0.9765985103266139
0.9661659192825112
0.9352730485319084
0.9713858096773132
0.9666020267353997
0.9877952974951874
0.8993120974455593
0.9720309824192054
0.9746435297282755
0.987698494371705
0.9778606234847268
0.9694893252446929
0.9819311284560764
0.9702747278126927
0.9828665791433422
0.9823203175586273
0.9429252241007603
0.9697517166060577
0.9754398476850289
0.9840834288672756
0.9795099038418931
0.9832780860636473
0.971278538549726
0.9822269644970759
0.9708217120789531
0.8842043909073246
0.9737716372875973
0.9794237291955422
0.9702892710012538
0.989406932334078
0.9879790666561737
0.9747584344823292
0.9868588963292124
0.9302029254827318
0.9798145849219059
0.974231824864035
0.9790379481612844
0.9795914830689604
0.9581265482281035
0.9591400958444608
0.9358319163976081
0.9839360935897156
0.9631851125136885
0.6313889456604163
0.9636357619494484
0.9712778441788882
0.9832721729518002
0.9612022668605169
0.9821004900838181
0.9824014330972483
0.9734152922954029
0.9801078801818083
0.987490321137027
0.9836138865028056
0.9772294815439273
0.980997289492468
0.96621913555552
0.9183077576751677
0.9858757062146892
0.9926403457274048
0.9530742115831901
0.9797068003718954
0.9769796494056014
0.9811708618540469
0.9854406287164105
0.985830117593669
0.9804985714954803
0.7855024207283234
0.9801920933668933
0.982136533731469
0.9775311484079703
0.9584684485085299
0.9763816114681166
0.9776878126921277
0.9451195335276968
0.9822870781015581
0.9855378143618597
0.9576951283394447
0.9683314782234032
0.9598487710501311
0.9659353183272088
0.968752561515615
0.9808829232762942
0.9103037907067746
0.9872634608580909
0.9844530719545953
0.9891072174741307
0.9411727039882912
0.9786121075293286
0.988461054309971
0.9723629377679605
0.9747886629274056
0.971781162750945
0.8707396800874202
0.9079568031158408
0.980246856267445
0.9883318414282227
0.9681481796788062
0.9755703095767478
0.9726244579100576
0.9783713152652643
0.9666251742151011
0.937245593341906
0.9861757648558397
0.6493059605738948
0.9840183182862935
0.8815096518562028
0.9729040629677478
0.9800197124084807
0.9721330243207774
0.9872739954593944
0.9776352597343194
0.9618709246276064
0.9643328807986775
0.9653638832345781
0.9699818912638433
0.982280656731739
0.9882368352108986
0.9832853463022636
0.9595231811383831
0.9833735211092602
0.9881345218395081
0.9819730011401587
0.9553845329475278
0.9810567802176846
0.9383946931134115
0.9551700894750003
0.9502888224584748
0.9227181119726361
0.9676549686391422
0.977040142215389
0.9790837243822454
0.9870374069239738
0.9802734498451425
0.9774312984910786
0.9445725570601685
0.9824585699118312
0.9891074980991761
0.9858657243816255
0.8705861188068938
0.9909518865199504
0.9800823775979507
0.937333122935427
0.9916477209378984
0.9661821834760557
0.9846578797249828
0.945275675252792
0.978860081545254
0.48390024573844104
0.9871104932206123
0.9271199415942752
0.967148034353165
0.9739958582794948
0.9712906720950849
0.9826280418974614
0.940394888399133
0.9653757437655388
0.9593309036538641
0.957659917146772
0.9848950812735013
0.9835734319684483
0.9439519424772944
0.9862776261224766
0.9793742612697941
0.9739212131866611
0.9797778341528712
0.9698653911713964
0.9860918960746612
0.9750982052014708
0.9851034563493225
0.9705465593121626
0.9878116376158691
0.9842344082934962
0.9084807148046541
0.9662315903868142
0.963160031225605
0.9881277733697729
0.9744757274056509
0.9666995620581511
0.973827891084575
0.9717233881815334
0.9749659879243077
0.9174616341766901
0.8580125962211337
0.9694290859115258
0.9873891486794713
0.9866210376589672
0.9851254467975975
0.9832718269358844
0.9666550468886616
0.9827696222796127
0.9886096028997848
0.982221915253652
0.9809370315756121
0.977988380834353
0.9768278327592972
0.9806401969411677
0.959460673148169
0.9735032933513015
0.9569047367865808
0.9670393844941659
0.9668164928420435
0.8903083700440528
0.9875950123836366
0.9188484952816163
0.9762410819925326
0.9745041081952225
0.9517778121552359
0.9780559120692484
0.9132537891002902
0.9707646176911544
0.9820344265525085
0.9526902651122443
0.9791828268861084
0.9621087250314426
0.983191824295847
0.9653874297157822
0.9834162225325619
0.9815893358353569
0.9844222257322457
0.9697222405707114
0.9786434224052458
0.9602702433885043
0.9716620216584222
0.9787984450858372
0.9641591044537696
0.96915804479583
0.9781509957146458
0.847164207824738
0.9929604352598673
0.9702913818695279
0.9421847436691552
0.9851649523434552
0.8627639672135561
0.9872500482681852
0.9475134759956011
0.9853372434017595
0.9867652486480415
0.9648914224874121
0.9049580321256622
0.978534878226713
0.9385153285293992
0.9754327388786329
0.9748866811772228
0.9837314662273476
0.9802660013896412
0.9782333934145162
0.9748043731616627
0.9838315595227187
0.9901204653509241
0.9791230468412037
0.9877865407765035
0.8598192907950156
0.9876566392508856
0.9747957739167407
0.9394024610560043
0.9648137196924896
0.9814369504532291
0.9742055411513756
0.9787374147227113
0.9766477793517206
0.9913650107991361
0.9774728840270697
0.9833726841878501
0.9733634639473199
0.9598511566227872
0.9583919884531086
0.9801177878558831
0.9662065343358053
0.9472457081150065
0.9830121335803882
0.9387725218479397
0.9875683109550867
0.9790271456109174
0.9290500677378473
0.9838710853476248
0.9649097355082648
0.9808565377726942
0.9826068960552836
0.9581131200741771
0.9839441594897609
0.9842662625500697
0.9760866539871039
0.9726156224103094
0.9694163989347432
0.9703391249037528
0.9835386594758455
0.9850640404332988
0.9847179102879777
0.9864249498102314
0.977861187098416
0.9610363405234166
0.9873701481432019
0.9952482038455746
0.9818239107178705
0.9811567586905968
0.9104680719368471
0.9832622130665097
0.9775308372946292
0.9701429258396146
0.9857464974284919
0.9283737912542431
0.9711216248147273
0.9010991939954796
0.9604951692192414
0.975521930081905
0.9813929804647512
0.9843918062165742
0.9889161871683859
0.9390371934460264
0.9757971118170341
0.9751891592198813
0.9692625788963416
0.9747674429407369
0.9847422741039137
0.9667201257254008
0.9689603937410038
0.9694378657908672
0.9831731324038756
0.9922734761120263
0.9692719202465483
0.9642774046440925
0.9108471082965586
0.9788708669357181
0.9741055250561159
0.8885035431429762
0.8519326523279093
0.9694372570872412
0.9806375672231701
0.9781489213639527
0.9623683811893474
0.9569730911077722
0.9638673921124666
0.9843440736983362
0.9652901690882828
0.9513040531172492
0.9714374294481454
0.975458801755495
0.9628361257170374
0.9797710474074847
0.9533400129364465
0.9574474889710378
0.9872025987470326
0.973154529339411
0.9336371647298563
0.9775460780256829
0.9622092486758165
0.9784724200132916
0.7605199383124036
0.9871759844267614
0.9517599468695285
0.9814443766878648
0.9926166647804131
0.9561514359409351
0.9845038113216564
0.9734180232954158
0.9826708012464305
0.9737987487777653
0.9823532519680879
0.96726910418783
0.9640621998992568
0.9804379499485774
0.972199769258708
0.9895410362760135
0.9798038315678769
0.9526866650350264
0.9800050603462722
0.9659917789829462
0.9602666778481278
0.9661582666995603
0.9385013966909169
0.9724302239565592
0.9760524961126766
0.9925928125046388
0.992446353136501
0.9740986075973813
0.9772873681691852
0.9809477962210352
0.9773610786278216
0.9925426757034936
0.9703688033630892
0.9496502891601997
0.9786547865478655
0.9804367352945654
0.9755358371128967
0.9556909736446811
0.9626139274138509
0.9769262901524324
0.9733694520568112
0.9824484309569353
0.982783612141995
0.9656740784042546
0.9767988175679696
0.9834103694148841
0.9828525225838228
0.9587866944974908
0.9550760224866143
0.9831458049705026
0.9942167236966961
0.9502750177430802
0.9334497185684616
0.9724149372176699
0.9893662994580426
0.9080268160962078
0.9844202898550725
0.9820779386440461
0.933137111455161
0.9857549904966697
0.975759075665325
0.9675688060465493
0.9785241119691732
0.8891316865388647
0.9872330542082492
0.9830427537128031
0.9777136272865572
0.9804219723594265
0.9882392042352159
0.9650204667481792
0.8910495239752323
0.988525963754036
0.9683073155090957
0.988159235444995
0.9781400901328862
0.9713720742534302
0.9572181691238224
0.932526036834292
0.9902663375856156
0.7876153416740551
0.9808653472067016
0.9840415964024734
0.9695433423075023
0.9589819547707559
0.961230103781236
0.9868129694027409
0.9550347516528225
0.9858996779834927
0.9884590912531737
0.9684873396042474
0.9853885620613553
0.9703592317695094
0.9370293870146335
0.98402167175555
0.9465847633037324
0.9614471452798191
0.9778364620043213
0.9736607619633604
0.9897981316794665
0.9596704035537302
0.9827338393711198
0.9800538924704426
0.952356052358624
0.9893516481138133
0.9897361491751303
0.9885480807964551
0.9827274237920275
0.9344708436534874
0.983173842490787
0.9885687827608314
0.946476292280675
0.9727837299140266
0.9762663187048657
0.9829270749395649
0.9747286310896608
0.8163959472084152
0.9664938841700783
0.9767691584259175
0.9207444496179112
0.9833276403324712
0.9772080349684943
0.9541905785492669
0.9866743255375158
0.9891613758379223
0.9845335406565956
0.977777151552725
0.9170778746565421
0.9898400729303738
0.9927799354265125
0.9863886196579396
0.9767176260794647
0.9801616624449428
0.9615555744315952
0.9889608264401734
0.9836763702524448
0.9538722872027253
0.9738083308857829
0.9471617187901077
0.9807299903608224
0.9744866710454478
0.9902270914040845
0.9677911045904241
0.9744583632816511
0.9848687767455502
0.9070740958617857
0.9840671782614165
0.970338135408043
0.9807854917888325
0.9756633280618521
0.9814251880620309
0.9801289530242554
0.9922015858854943
0.9719323554497878
0.9915128449096099
0.9880993464273692
0.9872173266801146
0.9277386945369789
0.9872082432744722
0.9782220769892195
0.9826012559734483
0.9851329176238923
0.929953826436063
0.9858606246066367
0.979618704589207
0.9601573302189468
0.9882698723719748
0.9812283091948562
0.9710226334049232
0.9250840494736704
0.9858453818779941
0.9889176378998465
0.968598915257565
0.9537951791224348
0.9824560421726527
0.9858775909165574
0.9883520443377132
0.9889358921754023
0.9884761856616873
0.9800807493540051
0.9858830479483288
0.9976138353765324
0.9862212809135347
0.9808471920690793
0.9872992910780047
0.9718861152457406
0.9661906879042115
0.9830531168110785
0.9914708992617337
0.9624004224838779
0.9686699611378164
0.9427985775109892
0.9860516866043265
0.9420360255330785
0.9869617186121782
0.9798498676405523
0.9863793553438601
0.9867788365535916
0.9545912130581722
0.9608071532505522
0.9890099342515717
0.969392379820524
0.9745594433782871
0.9669605856196497
0.9859806855771911
0.992149626466253
0.9680097426224882
0.983136828472638
0.9809863098549957
0.9605538275605118
0.7772853433610887
0.9918029216446428
0.9817383141687162
0.9811551511565525
0.9868990525207627
0.9745805369127517
0.9842752787389466
0.9760308842615603
0.9873501116985369
0.9910376893224357
0.9865575726237489
0.9778221640608857
0.9511739890283373
0.9887372911553435
0.9798014505627519
0.9892995596191353
0.9646355663913249
0.9677267615778681
0.986916330260753
0.8631778613762248
0.9714753336849805
0.9783645499629855
0.9482891468763855
0.9833156827197501
0.9852324554950713
0.9634951776365039
0.9866170841795205
0.9917942840128608
0.9858934764657308
0.9541737843070265
0.9908397707450785
0.9863809443730406
0.9629304362245055
0.9688751251251251
0.6747897370963253
0.9807762583991513
0.9884712129681387
0.9798285133729453
0.9879887412679199
0.9305805392775016
0.9850429738431654
0.9629695408933487
0.9727598797944873
0.930101675679567
0.9894794877843839
0.9722910821055547
0.9760644036849531
0.9756250540170138
0.9804195804195804
0.9460536268729672
0.9762095348313884
0.9846276768584998
0.9857666151976083
0.9636254324768873
0.9501391596606354
0.976406670370537
0.9429824854938127
0.971549175405368
0.9649142301205742
0.986737989169137
0.9924442198676752
0.9620233389894228
0.9745955733211964
0.96860008722198
0.9578757705073494
0.898990539277055
0.9799384105111273
0.9657717043030076
0.9861006932262241
0.9871828581519926
0.977859661985362
0.9780421728023725
0.9873391321416741
0.9809815665445747
0.9761107297929504
0.9802926475611541
0.9838372435456955
0.9696641650018898
0.9795881463693373
0.9775857319928385
0.9796755290402569
0.9875859764315328
0.9784019178745024
0.9887893755645673
0.9749288587969778
0.9859289770604498
0.9756269788495677
0.9824172682438711
0.9033676761369549
0.8400056178699336
0.9916507854384762
0.9945745769076383
0.9638301616242545
0.9708974512274764
0.9851532223767269
0.9793615483009843
0.9749358676904489
0.985429496898172
0.9853011472275335
0.9875081282726993
0.9887269008490499
0.9781305114638448
0.9846201843050452
0.9683677655437226
0.9929095548825176
0.9809715869170075
0.9726173623027323
0.9843279483594357
0.9858232366443114
0.9851910935358483
0.9729831073522878
0.9924012504849052
0.6240159848789462
0.9861407249466951
0.9711862141042935
0.9554008739942711
0.9681177183289035
0.9837349061248521
0.9873217264705583
0.9843259570925537
0.9863267336808421
0.9866190900981266
0.9779052328644968
0.9806599149082831
0.9633813513064527
0.9867249641816116
0.9702403254295349
0.9540920117633017
0.9835675685602913
0.8901909898219861
0.9052439229948054
0.9636102525505474
0.9752872471750071
0.9275640420690595
0.9883636547530248
0.9824937912937538
0.9802589272570911
0.971860348091408
0.9868466438245913
0.9753873742811565
0.9743628704532891
0.9848547168095044
0.9545273075694666
0.9824304139356282
0.9859820700896496
0.983669622080179
0.9454605572281294
0.9850097322284515
0.9774734482212006
0.91875
0.9125428375599726
0.9838205059443997
0.9880646161035782
0.9898004228925369
0.9400696684741574
0.9596668649613326
0.9831875107222509
0.9835631148676736
0.983505127011192
0.9888888888888889
0.9899078156312625
0.9925498871860989
0.9938989507625499
0.9541532710280374
0.9804775782726424
0.9734272669755989
0.9622641509433962
0.9762752632409449
0.9717291783792467
0.9791068052425256
0.9880274096224294
0.9544661095636026
0.9756318852308792
0.9900637388760004
0.9823232683411542
0.980699967549471
0.9898045327618676
0.9889916383695492
0.9827468576976567
0.9853407773506621
0.9854075714119838
0.9808743839344825
0.9942951155933507
0.9537951376566735
0.9828384087272368
0.9769252740542298
0.9824001205664741
0.985762893982808
0.9820226861921049
0.9914902737100741
0.994752676135171
0.9662650013642231
0.9976758899704552
0.9664888792387943
0.9546044634106947
0.9827095228168319
0.9907784791444336
0.9035045141248422
0.9850639202725898
0.9417057009025477
0.989520333528806
0.9660656561726435
0.9792877522984255
0.9819237101319865
0.96794208893485
0.9790936719642269
0.9743815119107725
0.9808284288370402
0.973301750338481
0.959431238401521
0.9907037738598281
0.9903735684311094
0.9829034940468219
0.9866651762868934
0.9777500767858427
0.9741842557199047
0.9848656349834147
0.9823084850566816
0.955136757838559
0.943710921640276
0.9866582766476033
0.9674021598732306
0.9979602243753187
0.9797001048265803
0.9811251859290007
0.5199484116970869
0.9837855136365252
0.9840856395182501
0.9841378788438762
0.9812147777082029
0.9874877249172849
0.9805048218736079
0.9782385572200093
0.9763492848814487
0.9792768724517885
0.9753318584070797
0.9816059641171277
0.9883321022989567
0.9765740681627685
0.9890084152168283
0.9224101611332509
0.957707211642986
0.9930145487358906
0.991431386632779
0.9766140293436985
0.992616882594351
0.9809818441028167
0.9831673739432619
0.973654039799167
0.9815332315404338
0.7025739123455491
0.9786286179459052
0.9739757529559382
0.9854269871315028
0.9936826458565589
0.9575503504212296
0.9511085071876778
0.9871168019516674
0.9814436051229285
0.8573314206079111
0.9703065889943603
0.9465474540752281
0.9339870844295624
0.9960901882245669
0.9176229314660028
0.9715995670687421
0.9549151754589821
0.9824360426028803
0.9894621399961854
0.9811505458375247
0.9712361849021224
0.9845169254281873
0.9834257400727089
0.9900483678304972
0.9669138141115765
0.9748634585853365
0.9920403704089065
0.980042046250876
0.9887782786864227
0.9858287045779252
0.9030628090591015
0.9948343079922027
0.9845362630363824
0.9779097288543787
0.9778013014103801
0.9876476334250954
0.9887050536489475
0.9877648102801428
0.9782053770568653
0.9776827433277897
0.9835198808061246
0.9567459180750502
0.9764174162079922
0.9356776998704506
0.9818637354179999
0.9750736385701158
0.9886269741047348
0.968434245798536
0.9688013621690651
0.9817086576089347
0.9901967173666744
0.9716632297518311
0.9896884972700615
0.9803885972476463
0.9825057629208216
0.9607653811444115
0.9825006989013865
0.9836389797834456
0.9755708398715335
0.977860983945435
0.9912583053432875
0.9708268270754963
0.9822926637013681
0.9808513738888259
0.9700382732007595
0.961405817973581
0.9861854236570842
0.9716404364741555
0.9868365557504051
0.9849789491210961
0.9948060702865813
0.9376973073351903
0.9773532303731287
0.9635250761095978
0.9896038350066851
0.9889306462730167
0.9585105763067421
0.9266884024219841
0.832870746755417
0.7423439720894173
0.977290412417578
0.9865406550431807
0.9873301727703713
0.9790312242468638
0.9826634516218061
0.9661627069834413
0.9895059607200444
0.9678265147882192
0.9666931109434157
0.9904427218193286
0.9703805763972673
0.9922943094813803
0.959825760306063
0.9857721502667218
0.9390418350189474
0.989924950278344
0.9932022255553754
0.9933687976483159
0.9862794691819593
0.972567051804765
0.9818692918186026
0.9732773783441849
0.980949591423556
0.9472511774959668
0.9635137462736005
0.9793613752151662
0.9060773480662984
0.990890630732108
0.8064133016627079
0.9908629479255988
0.9806940075169258
0.9485315493374923
0.9936506929017244
0.9598746163475964
0.9915817631470648
0.9879750977974641
0.9464824402663709
0.9646888494732158
0.9577864819618919
0.9878106925582045
0.9590382146835089
0.9645809839501532
0.9763052088446564
0.9846111484179856
0.9743621233818341
0.9929131822198732
0.911623548887952
0.977106359156184
0.9109083956956355
0.9891745169117262
0.9699826054252269
0.9885035245310879
0.990305512194133
0.9337912770007448
0.978994606309577
0.9878431976725438
0.9787875134481956
0.9860981131286304
0.9496273806237925
0.9788376909137976
0.9918854188282493
0.9897481984455873
0.9939098660170523
0.9785067519693244
0.9773868461671481
0.9615394616239689
0.9565605777182252
0.981177359652376
0.9951790007934056
0.9852079393612746
0.9569041163143059
0.9869777180626039
0.9823654850928571
0.9832674634825919
0.9770995983840586
0.9754070803757763
0.9573509595349701
0.9673419759217714
0.9784988878735107
0.9857299755442702
0.9950488885437601
0.9847409416593655
0.9572556245592484
0.9805460069488133
0.9823729013023693
0.9875406333321158
0.9866202648907137
0.9877571901516532
0.9550067022552501
0.9844125130999145
0.9710871548661983
0.9789802678311064
0.9829826005870196
0.9904035311038005
0.9846040861109391
0.9420685265726105
0.9824963774227786
0.9913651157244434
0.9643506393467879
0.9577952729357024
0.9875643833394168
0.9717700487544696
0.9785651471961535
0.9704962420055087
0.98245706528186
0.9736655466288412
0.9875995805700435
0.9528625895150117
0.9885560975172778
0.9873136310178686
0.9629535962541729
0.9828672095326665
0.9885463399528878
0.9915867037489352
0.987051530928389
0.9785827108933687
0.9972506323545585
0.9733910516437609
0.9823050683940323
0.9878910807803978
0.9776377843133842
0.9570594570084453
0.9731290512669417
0.9893106177054288
0.9918054532056005
0.9738004951581058
0.9455885457651191
0.9901647393107482
0.9647791293974763
0.9370332477258333
0.9883113584727424
0.9425116576757795
0.9791422941252352
0.9210379775030627
0.9835198501292354
0.9843698381235547
0.9829565401210217
0.9822330045131022
0.919340658155202
0.9853939798009729
0.987964436581705
0.958854922187002
0.9696915717631047
0.9313400313432515
0.9670844868602273
0.9667665316321239
0.9843449835654263
0.9607809260539046
0.990388453371226
0.9543198290934045
0.9836033487982313
0.9918113581645659
0.9813310086189881
0.9883762651750013
0.9413674303205188
0.9838437438363854
0.9845079761064974
0.8686696184861291
0.9869228029913346
0.9936835581827717
0.9822937912208649
0.9851944141878926
0.9849839253508978
0.9904432667171407
0.9745872885896542
0.9697181466246441
0.9160903564322137
0.9667642061987272
0.9864270547369004
0.9789145285353128
0.9903045285222627
0.947729250934412
0.896992982022441
0.9889491137183876
0.9938113084569008
0.9774017313680241
0.9710124806709977
0.9806547949463774
0.9796350230648672
0.9901050594884503
0.9403772693261923
0.8996701426846773
0.9876233705452393
0.9875261894969998
0.8961402776328149
0.9865018185892976
0.9644216241221343
0.9659015901590159
0.9853817250766038
0.9860308674008725
0.9289327872801735
0.9894355025686707
0.9768314179722197
0.9909016189766233
0.9501646711639816
0.9891061198508684
0.9832601744064056
0.9867965734007598
0.9916925132889869
0.986218162018271
0.9673827871763505
0.9636133051507398
0.9855600222383784
0.985231963829369
0.9869601562101179
0.9854836282897947
0.9758300188844462
0.9729838400857778
0.9855212975924891
0.9175310907882662
0.9919285192320467
0.9601957766081979
0.9881633871900275
0.9723781036582138
0.9868945962876265
0.9771235937304118
0.9856981986046495
0.9862161547340543
0.9057339023937651
0.9818656137629557
0.981422669195595
0.9864530190111586
0.9646250334273504
0.9879479766891516
0.9894854899761671
0.9877670212298361
0.9864266790384216
0.990909818620157
0.9746246267296611
0.9874834255587784
0.969501490361417
0.9886885411408379
0.9922299093036007
0.9786197230339573
0.9905897497333841
0.9880121867305909
0.9975669365618773
0.9890642411049781
0.9527370728875101
0.9713401072465302
0.9846711184406175
0.9763677913698078
0.981523491371894
0.8230809321718413
0.9382086494907822
0.9724471745795467
0.9846777098752516
0.9632780885629488
0.9781777865911918
0.9824725635455003
0.9801485352256712
0.9828816498596823
0.9847742922723794
0.9843993584782925
0.982054205222255
0.9857391897727333
0.9845923474011901
0.9831145096745748
0.9627185258417359
0.9803957899303594
0.9875448075224686
0.9870350339522865
0.9687365822241305
0.9710071469228208
0.9940763492759982
0.9909373074248498
0.972971100976088
0.9886204868869811
0.9720504705893114
0.9842999542578333
0.9780754460121514
0.9704277046253774
0.9627435803916219
0.9777378977424885
0.9622859627108261
0.9040415312211926
0.986702600525907
0.9769177711696808
0.9859489316342847
0.9849038506862539
0.9813394624854925
0.9871557668891509
0.9730214109543633
0.9844407286095445
0.98823349862304
0.9882449493222448
0.991636794013418
0.9835931061142028
0.9827664449701677
0.9850158793668259
0.9846811193106986
0.9760154632732018
0.9696805747922438
0.9940403838608973
0.9702974428883919
0.9899770421948626
0.9768481589805705
0.9845140343295324
0.9860002647335924
0.9914336070697565
0.9814446653412856
0.9503403664747265
0.9895743527299553
0.964598055834346
0.9860015000501985
0.9798048333802218
0.9758550274706828
0.9848507701879748
0.992216675183773
0.9937429322537684
0.971389688236944
0.9876521642460674
0.9902528830738998
0.9919611830832546
0.9575272288052645
0.9807773270367385
0.881615282040872
0.9549435505456269
0.9698408629291475
0.9406741061261672
0.990808705906012
0.9929193437302464
0.9801672873325664
0.9766332823927519
0.9774954958233999
0.7857188842392692
0.9795780734140688
0.9899593199614363
0.9843407590160366
0.9537355114549094
0.9831968520684887
0.983479686881498
0.97321049218453
0.9687479179344133
0.814817997784653
0.9437753130211505
0.9948417734474148
0.9789963761353191
0.9841509710785482
0.9733621945114459
0.8730677742674297
0.9874835657267678
0.9921544980390309
0.9656821612550227
0.983095767470701
0.9804688482180024
0.9729062351358677
0.9813769451418013
0.9772139815326659
0.96636531559976
0.9724057644849724
0.9732265393442434
0.954585399913324
0.990182768736058
0.9924450964318074
0.9710546464264933
0.9889787973995692
0.9658188445011817
0.9638966152638917
0.9710783846471579
0.9924585001980823
0.9484561591309918
0.970182601624818
0.9873536949034466
0.9906154401767505
0.9736301976918843
0.9910449866027359
0.9935198992556902
0.982684253786841
0.9707532732528481
0.9708083440054505
0.9859784739245735
0.9892935726286635
0.9864415738874757
0.9817114823324846
0.9411777151513613
0.9779199750625601
0.7755678227796788
0.9935316346682109
0.9935065348450799
0.9860071048549842
0.9863886354314032
0.9839110925112181
0.9897019665714928
0.9898999785816442
0.9625314321837466
0.9862016088732988
0.7613143161393375
0.9891060742286308
0.9839085818136212
0.9823352129107524
0.996726183285414
0.993460329770647
0.9713249259032581
0.9803800802902917
0.9788742664922887
0.9777151848834889
0.9789687735034402
0.8881830830007413
0.9825829354421566
0.9684740576872471
0.9914310376670208
0.9714051801721438
0.9922785979467694
0.992313903453633
0.9898396461155654
0.9799586539565867
0.9695858989167705
0.9902555265809997
0.9854168187725421
0.972765227414372
0.986228092813739
0.9832553019669673
0.9624513478561744
0.9698139188686267
0.973680382713256
0.9902004828382492
0.9597269578394761
0.9928484315081411
0.9914908921323358
0.978915553169657
0.9880620187937882
0.9243869281596779
0.9755007937401268
0.9692443666194323
0.9870213610210965
0.9771555161719097
0.9855950992921615
0.9636811897724109
0.9752880525705775
0.9884936476725787
0.9882225646742516
0.9897826474643654
0.9545530518286661
0.9966832970635544
0.9843955877527324
0.9692466811217706
0.971832428789976
0.9869767490650848
0.9631466837851245
0.9813957727792912
0.9888622096218938
0.9704881640049836
0.9598939942630418
0.9748935296834111
0.9705508286146275
0.9621063502169053
0.9899344742646466
0.9028560068915248
0.9894697922594817
0.9774012583906923
0.9626229895498343
0.9880453944468929
0.9732085933078791
0.9858849439402029
0.9899812798471824
0.987981896273469
0.9656160458452722
0.9909310761789601
0.9872230299671793
0.9925546080115467
0.9949926538934365
0.9803888047672544
0.9542136241273897
0.9855939855939856
0.9624500998003992
0.9891855898592425
0.9893243847024041
0.9767464245321612
0.9729945305378305
0.9714494634060521
0.9820896936234709
0.9800896198665715
0.9839682215552482
0.9790519890765582
0.9920787743993154
0.9868920993326293
0.9619759241821741
0.9868556897471609
0.99094771845557
0.9852081228201701
0.9864129125511925
0.9860800578743321
0.9831199605675531
0.9958645124553522
0.978080074072237
0.9830350484712901
0.9841180604356993
0.9697310072298955
0.9805936715833282
0.9782008870955778
0.7374409719750362
0.8107925686371626
0.9913201591875943
0.9551922494701787
0.9871512681983277
0.9870685645176296
0.9739644380159106
0.9222201048118152
0.9841302688335218
0.9856956975070875
0.9894922895526812
0.9797196578571932
0.9748196350261706
0.992176752205734
0.9609771366713185
0.9618724451408642
0.9669678114856868
0.9927422040389144
0.9879091136812136
0.9878662539017842
0.9722358023408528
0.9749785606411316
0.9860286124097337
0.9736612050809966
0.9800212955294819
0.9838853649843395
0.986779790814373
0.97968581769124
0.9801055834984965
0.8328515727198306
0.9513619590526579
0.9868026236925221
0.9848437032019185
0.9885081074649322
0.9739441620040331
0.9593267332936496
0.982206712496158
0.988619066340057
0.973727792095799
0.9847710853674176
0.9802200547298141
0.9717213966538502
0.9791227996294113
0.9804738164721142
0.9697567084908505
0.9796275301798543
0.9826815842862779
0.9818599141122464
0.9749019581842954
0.9915859815135478
0.9863621061510175
0.9751663096177697
0.986036362571301
0.9691557785508004
0.9914856202084184
0.9782027708885658
0.9849857973758961
0.9900487713557501
0.9882708509505466
0.9770862838361436
0.9891732418524871
0.9790232471026774
0.9701034337752913
0.9806206882553657
0.970845746131753
0.9913603441581914
0.9415208339855368
0.9605405721983075
0.9752199315022497
0.987687025812741
0.9831902183127388
0.9638537058629806
0.9833641603578802
0.981004448270914
0.9920918167928081
0.9720892283224545
0.978370387110747
0.9941929847286798
0.9723782054368235
0.9704500260808757
0.9813381641868582
0.9873734984010741
0.9814452546090462
0.987023244792804
0.9922561622641816
0.978464824351062
0.9440779217539877
0.9917966437174819
0.9852765591158994
0.9559669675098211
0.9730950786997239
0.9746666195040855
0.9751611768843043
0.9896910875033533
0.9912022568332608
0.9789914349292542
0.9950819296135989
0.9840251987565679
0.9485693073467749
0.9744237020014009
0.9836431974262204
0.9811399427435307
0.9824876405047102
0.9278299291963161
0.9857396530528616
0.9854372502774044
0.9776592876004213
0.9888027222850696
0.9797780810866069
0.9821735406338412
0.9394401409455334
0.9861870376691912
0.9535103879221521
0.9175751862153938
0.9916593503072871
0.9832492452129954
0.9859990052610061
0.961494150191297
0.9906752079351139
0.9816342610422327
0.9268413483530623
0.9874215635008824
0.951479092575498
0.9760791689755016
0.9913279034252055
0.9883671131658789
0.9853212038710842
0.9906124267856365
0.9936783260625376
0.9860023378478645
0.9867398763153229
0.9872084207943137
0.9886390579309254
0.984375
0.9870169349833436
0.9786202571983675
0.9311446317657498
0.9901185561367015
0.9840027691727973
0.9929307002976818
0.9705179562295829
0.9877190461296567
0.9489881886511935
0.98134653799623
0.945107747398807
0.9560884582418907
0.9802094774831319
0.9744791519680099
0.9698563712251411
0.9891311661223624
0.9921000868155685
0.961918123966528
0.9963479415670651
0.9631929218649954
0.9846155007511078
0.9889273356401385
0.9925192255902331
0.990916520145613
0.9912448425077991
0.9608366683471402
0.9667521287751102
0.9967400988094274
0.9843133068075444
0.945495757050013
0.9790528508696104
0.9669688269874086
0.9859967867279122
0.9721840126850105
0.965929401586677
0.9226981280734643
0.9837808709907557
0.9852518826886196
0.989761648704828
0.990796568627451
0.9907256328071798
0.9749943138487885
0.9881244199814394
0.9892326259823823
0.966849882393244
0.9864730278915574
0.9497050335351552
0.9861333230259312
0.9513952026848121
0.99362913102994
0.9824042136664491
0.9719763459775063
0.9798674391986016
0.9857628673782154
0.9360699499580838
0.9793824322547867
0.9806921609260459
0.9698648166936302
0.9704549630492396
0.9936088025283858
0.9755838378845916
0.9796065078617623
0.9887718668700098
0.9725920577617329
0.9826910479432497
0.8758784415475278
0.9872266368949891
0.9735146091320452
0.9894667002779937
0.9883095228678306
0.9541794871794872
0.984757359096989
0.9828827066296253
0.9803643569092012
0.9848534266239823
0.9841638354095885
0.9693375640979016
0.9849128315293729
0.9784422909002419
0.9514297433493496
0.9935613122689955
0.9902065527065527
0.9951884464089953
0.9879613679911743
0.9935808684707363
0.9807693469552976
0.9816132139146525
0.9726711305987789
0.9861051122526812
0.9788495016594911
0.9257298469636417
0.9831135727621637
0.948133239139997
0.9659587094356124
0.9892671131624697
0.9660268018833756
0.9940401505646174
0.9830031487605974
0.9883874470530436
0.8391605550801097
0.9854468868894795
0.9854258488410056
0.986462781205343
0.9747558770343581
0.9904738716255288
0.971940151902937
0.991880084287714
0.9813033251026586
0.9961667862667816
0.983076084344059
0.9859098385913745
0.9800031461963412
0.982666902902678
0.9763515450323912
0.9490405643934768
0.9577075724467026
0.9903737481248325
0.9896539513373068
0.9636118857213093
0.9693488605937306
0.9908346218961939
0.9802539399797977
0.9852836140166416
0.9890737145808474
0.9878960585268409
0.9776719291920356
0.9733323221167292
0.9869947651598877
0.9760278173765541
0.9857419273872251
0.8913690744717325
0.9622563902449314
0.9770824576903612
0.993578637222369
0.9934743038611983
0.9861557033878715
0.9904585301721389
0.9764639675738439
0.963944364824877
0.9921356916503908
0.9878629923472972
0.9784883289496467
0.9914284373092992
0.9924667320535767
0.9876092425283506
0.9720379322577741
0.9855339050912763
0.9882026045131999
0.9540934406833463
0.9591248687176539
0.9806605783836773
0.8997161458754422
0.9291261327206156
0.9757288237054774
0.9703840717014045
0.9818220512623135
0.979481008481649
0.9710658376152108
0.9945784314308305
0.9879040585325558
0.9915551881356781
0.9780806209755667
0.9681632389812881
0.9737673138855016
0.9660820431776941
0.9515473377979967
0.9841225876125408
0.9946654482813976
0.9746436916929773
0.9949292633100324
0.9913939916891846
0.942048878562183
0.9747113161182136
0.9813037219331832
0.9847552223179155
0.9917245793708851
0.9918955894807705
0.9844953134209176
0.9838290047665312
0.9856946046392413
0.9726684218722484
0.9804423654656531
0.965072428089332
0.9930165899418049
0.9803497217965179
0.9571824682589872
0.9956942782431414
0.9934837853459438
0.9900651837310255
0.9853262644790071
0.9770502607043864
0.9937961999671467
0.9873181232040777
0.9858768588130259
0.9749855438716725
0.9915100408988557
0.9892022476409114
0.9834207924557
0.9876860079356612
0.986529042737451
0.9662978027463016
0.9806866300318038
0.9898216885299961
0.9950925148289319
0.9901160017374945
0.9634027777777778
0.9876459295863912
0.9880714669489419
0.9867003487649897
0.9795332379442361
0.9943225787249241
0.9623882038228061
0.9928072411853097
0.9862575646433156
0.9945136379001014
0.9798852957435047
0.9913823500373761
0.990715208622211
0.9895288887836582
0.963476818340457
0.973081074598225
0.9927706429220996
0.9687027755870455
0.9898613728947528
0.9876914554627417
0.9832531480225891
0.9853766136415304
0.9865494963412278
0.9776345080806037
0.9890685764729493
0.9852334591818753
0.9941174134490325
0.9325226554505933
0.9608726876501325
0.96771714066103
0.9921179944509662
0.9446239448133962
0.9875295142470715
0.9754298006339126
0.987446953444307
0.9776928164908889
0.993752288503935
0.981437698473457
0.9868790214537612
0.9960327157210827
0.9707073636627297
0.9898354140268517
0.9937138790035587
0.984184668283376
0.9682361561005707
0.9880962518317614
0.990532296935927
0.9872095867622382
0.9880636344685979
0.9468865893825047
0.9857003628143913
0.9879379136972716
0.9807579376730973
0.9826577081577584
0.9912658494099292
0.9869224413817348
0.9982897995872096
0.9817282016446046
0.992268503608536
0.8438998957247132
0.9936826016812431
0.8903196649029982
0.9807194523936208
0.9740887341493553
0.9701836605446486
0.9749830953140007
0.9698046181172292
0.984241880126065
0.9840949347412163
0.9891673342679752
0.9885706393190725
0.988679231612657
0.9838371915098257
0.9920111578965952
0.9906085285462852
0.9828473875251769
0.987180245024123
0.9592324971660257
0.9407039936181881
0.982952397319127
0.9105409095859197
0.9153456738169481
0.9882875387930912
0.9447798503603075
0.9899124626125279
0.9913270846430817
0.9899820513062311
0.9802598908653556
0.9793200395200334
0.9783371377310395
0.9928844049220775
0.9908288213565333
0.9856157393713496
0.9765078016193376
0.9872375625320046
0.9912320614350852
0.9917639458297611
0.988924566423468
0.9632761127628637
0.8769746948015199
0.9896178954828079
0.9406498560215552
0.9879653232153556
0.9760047738705181
0.986993207225319
0.9920532350272072
0.9808505817760853
0.9865211009302667
0.9591450211919399
0.9206229164805182
0.982471680223564
0.9611385495191058
0.990276756256961
0.9763405237641057
0.9915126680825027
0.9924083010361696
0.9822279292764282
0.9922541073384447
0.9800500998289403
0.982955657369142
0.9938452725841613
0.9887834539261762
0.9750711870655406
0.9902232640576313
0.9897296450245147
0.9920904123576954
0.9878595071132281
0.9885172757725694
0.9896678586164214
0.9923655224663442
0.9865129033882554
0.9868046237553683
0.9834091972603906
0.9797589952157625
0.978424108730663
0.966759180989111
0.9914547194479264
0.9817427825695245
0.99083308585353
0.986084110226792
0.9895946798142521
0.965394070668279
0.9780552428543972
0.982924322202277
0.9899787551154937
0.9787365878641114
0.9967940497563478
0.9804153026105935
0.9638682452526594
0.9617290032159492
0.9890131066615631
0.9940669621764331
0.9897968996623705
0.9988197589773568
0.9318311351576987
0.9847337377217855
0.9865620189954675
0.9915475227047927
0.973202150319505
0.9909196866614263
0.9896169878641617
0.9882753374874187
0.9904028707329586
0.9779836501692197
0.9705375921603069
0.9652571741565341
0.9876663777116961
0.9554158527526343
0.9679570924808543
0.9909439697052742
0.9659316427783903
0.9797704159903189
0.9801027422038926
0.9729520238911649
0.9760149622153514
0.9787632013128523
0.9923688952075346
0.9845738483599211
0.977594012912638
0.9773495536708297
0.9618358562401057
0.9912119314178345
0.9855555729575267
0.9948043537455017
0.9822846818881789
0.9726000532828133
0.988755817116145
0.9673444298241402
0.9866586597828263
0.9938355547708386
0.9923732844136431
0.9232451291123068
0.9847783958431615
0.9840560354759676
0.9660500739015542
0.968966177137673
0.985897183820021
0.9940823176117294
0.9912798718111974
0.991445656246519
0.9832757676357824
0.9939936357590416
0.9964074536771641
0.9705138104120787
0.9668356594402605
0.991802407040154
0.951517114782421
0.9773795164455326
0.9621541821089701
0.9865287807545641
0.9921795760265454
0.9893679303640862
0.9045146795397273
0.992967421243974
0.9815742848460176
0.9848330925887713
0.9842642684033401
0.9878524500410621
0.9822166470435048
0.9688099717143283
0.9941660540885802
0.987852985680473
0.9507696255920733
0.9816460046330474
0.9660443921799207
0.9848838449054056
0.9889235651943931
0.9760115204659578
0.9909102413848127
0.9811693578116936
0.9914446048299463
0.9792100022128789
0.9648963687057006
0.9916750644781116
0.9906896099543951
0.9881495566525978
0.9827168545607007
0.9950563922469102
0.9878356893013037
0.9917337431729575
0.9888906458243918
0.9676281570600945
0.9927623336068129
0.9619509395830821
0.9899276999059775
0.9645950325247347
0.9814196712287637
0.950090513422948
0.9859411622776783
0.9889889595043212
0.9916897375606796
0.9854949708840657
0.9942647345823575
0.9685030651751081
0.9702831637894149
0.9736132840746243
0.9785605223346927
0.981586499630527
0.9655974985698277
0.9992241630947443
0.9852471970048208
0.9889171860402616
0.9921608738297605
0.9138268703486094
0.9900248430234617
0.9675687837490358
0.9951281508155052
0.9796035981858728
0.9870507381044216
0.9863499690365518
0.9371658140408682
0.9780754612033002
0.9939218221547182
0.9098366999458246
0.9637576342012215
0.993685181389629
0.9805930803869075
0.9836837678721615
0.991135987411864
0.9845812307738934
0.9762213306149609
0.9906326630701324
0.9227733697798366
0.9872237376830151
0.9785299722169695
0.981126975546157
0.9684209931386845
0.9843955571716637
0.9855351491682501
0.9891799002685079
0.9867028166892604
0.988014413464285
0.9695968806238753
0.9871682284892748
0.9504451080472429
0.9572645657750092
0.98115972539295
0.9827413846879773
0.9834980972222555
0.9953502176493866
0.9917860597267562
0.936998681166627
0.9859901817105818
0.9804379681719901
0.9878940809671366
0.9864519567780595
0.9661329605823188
0.9745704263035853
0.9899473184212799
0.9823988827812349
0.9900136447524124
0.9680717117997482
0.9364236976064118
0.9824908195324993
0.9916740110598792
0.9757624976715327
0.9767033095606575
0.9797174372803534
0.9443202495451001
0.990454667510785
0.973152422645832
0.9639117427075542
0.9939187357167758
0.9805872286026516
0.9710462287104623
0.991376360276504
0.9928486468230077
0.9757610887991152
0.9720679361652321
0.9860986091349923
0.988571468858839
0.9752558819148408
0.9892302868181343
0.9818346345987017
0.9799560517105846
0.9912291556122288
0.9812253727883798
0.9606738576696369
0.9887089058183857
0.9945945417196518
0.9838771035207926
0.9925082075687781
0.9645332949805839
0.9931270418541577
0.9905768658862392
0.9822317713662096
0.970309853541895
0.9813000806541741
0.9856843899994785
0.9644679181110603
0.972680942643204
0.9879978598275091
0.99220661772529
0.9741222203463934
0.9729692957608255
0.9935205054125658
0.9676823299069995
0.9761001421404985
0.9714504217815476
0.9466197858398594
0.9872775659867962
0.9917987189471844
0.9923220441789578
0.9480944395120187
0.9648758561643835
0.992064054713401
0.9311987030094234
0.9866279901661095
0.9834057733950242
0.9821313616958237
0.9842363617961607
0.9857663303305544
0.9939314235010774
0.9826676823388746
0.9867338397228075
0.9797862918202337
0.9886897578148478
0.9706120125249075
0.9463482900376105
0.9885928151479491
0.9907210555913698
0.9924753600663444
0.9949788376376534
0.9835232733763559
0.9807220300330479
0.9858280899119353
0.9788317197183851
0.9943048344022214
0.9903756228094676
0.9893085599330937
0.9860183629351809
0.9904380664137722
0.9951198799370402
0.9628228151188644
0.9864899454306505
0.9363147605083089
0.9915054831189016
0.9617047071846503
0.9949894658989403
0.9082238720731011
0.9862007596637011
0.9624636775700347
0.9862166319896736
0.9869212761429373
0.98716012694516
0.9200407356611944
0.9838369007661608
0.9410838295510792
0.9903129306736029
0.9893762805290586
0.9652316598578868
0.9908029314062591
0.9728555468200438
0.9898663259014143
0.9804362386581361
0.9768577523175788
0.9834939588411112
0.9921638546561209
0.9829096241108051
0.9890112390226146
0.8633553488262966
0.9858378986880374
0.98961786618187
0.9887658003640578
0.9475976953701338
0.9922025773099026
0.9952633957090105
0.989563491428297
0.9813025914512447
0.9926214996317857
0.9854231266297374
0.9924101868601887
0.9737832786550473
0.9699760019277681
0.9817559694998746
0.9894093358715178
0.9806723169054617
0.9884424010442683
0.9282464846980976
0.9870479776666883
0.99252170042288
0.9939191267834099
0.9949962544972951
0.9785055375270493
0.9857500599557164
0.9950390986294458
0.9605605055540292
0.9906523161086995
0.9362379040639597
0.9551717770879254
0.9042854660811321
0.9936043902766101
0.9820945685801125
0.9792209632256165
0.9972938185357512
0.991591495547883
0.9877093293949786
0.9868079896981631
0.9676280828574054
0.96632830721724
0.9874544996680479
0.9797864041476532
0.9839703057094361
0.9875072681155146
0.9923843763741707
0.9821526462673178
0.9745536156308789
0.9648981748429262
0.9722755960850704
0.9800282035701593
0.9600684003449
0.987858883947677
0.9832347422137806
0.9876611996876012
0.9687955513487931
0.9732658227848101
0.9644517831653082
0.9888854317146349
0.9157355679702048
0.987854682467862
0.9866477718866612
0.9937993883359556
0.9460065751305357
0.9856028033364864
0.992712962265572
0.9886484197107381
0.9826650660264106
0.9863206567511814
0.9897295623451693
0.9437119068665105
0.9906026919623625
0.9929409822079727
0.9764231074400341
0.9737259276322583
0.9911171746538617
0.9821598050532256
0.9925607285991292
0.9901290573662548
0.976183360485366
0.991912138745247
0.9632343093726045
0.992285709824008
0.9875035164867706
0.9846416712088354
0.9846557528354465
0.9812954431925404
0.9920445123580723
0.9497319587628866
0.9856958642033199
0.99181910413213
0.9811293505993357
0.9922479654800969
0.9951853453305056
0.9895376708442661
0.9910993267818596
0.9841150190288834
0.9823181889139052
0.9819760058815666
0.8997133965727055
0.9929536152590989
0.9772971292261202
0.9782888490347083
0.980724477281565
0.9869197702086264
0.9722126647056258
0.9881933944830831
0.9818601834615471
0.9491723464435222
0.9890513406006475
0.9925016160310278
0.9887250935468104
0.9660419219606579
0.985159962946057
0.9572567026991023
0.9798267766841658
0.9935906391896612
0.9555813897163894
0.9695983942140729
0.9656905395753522
0.9806815238125143
0.9961030933376334
0.9864792317395483
0.9705740281224152
0.9870708734762376
0.9795853303295159
0.982353464071779
0.9718046097433211
0.9528344941167133
0.9843693354527455
0.9918740003554292
0.9710084209644309
0.9923292524600508
0.9894805564712019
0.9873544570735018
0.980818250017615
0.9862459471906188
0.9414898548657419
0.9091132802887376
0.9929369580171484
0.979837942030365
0.9588250152296331
0.9917898831928708
0.9961075348347426
0.9937999117607924
0.9869505726544816
0.9760244715738419
0.9560838795942993
0.991989137813985
0.9560864379428892
0.9450589616546183
0.9815967775527658
0.9728723443317593
0.9962602272923838
0.912339288435018
0.9787463910531303
0.9791263324410492
0.9682500692080648
0.9218723625627104
0.9978863085560021
0.9943755215320711
0.9953440376952676
0.9887929534086524
0.9904790291315496
0.9755377197203141
0.9889990287819692
0.9628918491399465
0.9929982785502727
0.9811433870861455
0.9790904814651836
0.9847143772670552
0.9834014141115869
0.9913632921827715
0.8843108096928093
0.9729973119189649
0.9946240997513481
0.9941167064583897
0.9919533459978266
0.991309551977063
0.9868916733279851
0.9752225238305663
0.9938045525777011
0.9524632204076123
0.9929921427054577
0.9930431019695292
0.9932382018280171
0.990761696973289
0.9457777276923677
0.9676257561286215
0.9769288317204431
0.9893301066989331
0.9787521235770521
0.9791765787021045
0.9542982882249306
0.992973013784326
0.9858010062596547
0.984597780938649
0.9888901175383935
0.9925439879279577
0.9810226318463149
0.9765664510915785
0.9833329795589141
0.9910277769016153
0.9892699034522919
0.9939805457884585
0.979368662671409
0.9948288464635703
0.9909693047890142
0.9867239448849485
0.9758144920078474
0.9916505455101181
0.9928745359821703
0.9867067244608939
0.9921762385251498
0.9881683435308996
0.9874950965566599
0.9831487081080034
0.9988176791020139
0.9931213812899389
0.9953993639432904
0.9522654073640844
0.9934206569720588
0.9902869076485347
0.9862252603131707
0.9910920752806144
0.9807998192924169
0.9788528511874268
0.9811959383226777
0.9570437108594873
0.9826354839585666
0.9902150376050984
0.9665938198820898
0.9853662613287009
0.9910693339803665
0.9925292822430394
0.989011392083923
0.9622832394107121
0.9799607053196662
0.9809759618921504
0.956500447156794
0.9053965907114281
0.9960539860459796
0.9932498298662841
0.9913434506192399
0.9929754415338578
0.9865545183616167
0.9729415886286967
0.993195790639712
0.9573357841877564
0.9888968585524721
0.9817405288550263
0.9525165503629783
0.9856804266245309
0.9717589545924603
0.9906346328540424
0.9853649893692417
0.991884023877437
0.9812639236190043
0.9869279957370279
0.9945664898275602
0.9735842194053644
0.9856266400414759
0.9865464586313584
0.9638756367752891
0.9903635330103132
0.8982860788616392
0.9874084945678437
0.9940809302774694
0.9807177474526998
0.9920022624904863
0.9872502906669485
0.9931859710695571
0.9880944593445411
0.9930225479407151
0.9953515142405701
0.9717581424527809
0.990097719500551
0.9890759358844465
0.9815979594454023
0.9860071002154792
0.9663561393137594
0.9891885386474641
0.9898492798028025
0.9908003818519822
0.994160080580571
0.9833453380176101
0.9896886176333385
0.9858274488784738
0.984882324631695
0.9902974082946024
0.9631346464246121
0.9843543962922368
0.9923644518226719
0.9912626842701783
0.9874049161456335
0.9711613801500555
0.7679424169542334
0.977968677724179
0.9911296761278826
0.9917364986321315
0.9216141852644452
0.9760116142247015
0.9249592375052723
0.991587487498026
0.9822379095385841
0.9575122438811928
0.999650502402796
0.986744021460446
0.9915163902900032
0.9770654775777884
0.9949080453964979
0.9903141458135798
0.9897973095800764
0.9778208976540435
0.9898175618073316
0.9713714423282688
0.9961325861905214
0.9885606105298159
0.9817784044126755
0.9885163184413355
0.9780234550892167
0.9908715082948221
0.9876419449707762
0.9798799970730994
0.9937469831936461
0.8942653745860482
0.9826052948522517
0.9831220830889291
0.9779315543923532
0.9882883532059732
0.9888239745870149
0.9805137289636847
0.9523686062446757
0.9936404416268022
0.9887532938760659
0.9907717724805287
0.9737714620056088
0.9914327518565439
0.9929555262681862
0.9811002242181526
0.9916276436063599
0.9833160800031387
0.9846177009359866
0.9812089241216502
0.8453594746786897
0.9913094869849675
0.9830694997037163
0.9869308766238025
0.989986430209162
0.9557588764637223
0.993116845274711
0.9777742159534113
0.9520801901322786
0.9956373319082872
0.9455565272683537
0.9852160915337713
0.9241643874542678
0.9862521544418503
0.9886652415454368
0.9880654731155816
0.974252084355076
0.9865277112282383
0.9841716194312098
0.9908934486056911
0.9820161736072878
0.9796193345200602
0.9971530646421793
0.9815472190736052
0.9827067300889291
0.9910905572058691
0.8611997272278353
0.9365716485087464
0.9712423838419079
0.9852868908851453
0.9492007544136289
0.9733412322274881
0.9875430071129824
0.9703602235594595
0.9870046673377871
0.9945161190861079
0.9872641152906201
0.9906285151856018
0.990664855949698
0.9808571779991726
0.9815140942163527
0.9727089803859958
0.9897053603123891
0.9877393330345335
0.9850023986567522
0.9700156359664256
0.985925656870834
0.8732785359801489
0.9932674697552042
0.9957525134059246
0.9600174316261602
0.9609300221781254
0.9862607623610541
0.9865372420857519
0.9940067831916307
0.987904823554797
0.9812991313061976
0.9841399876090737
0.984173528295218
0.9728868098799273
0.9241762837208278
0.9649591353668885
0.9614363617097008
0.9831379078252861
0.9810561920822989
0.9727828449446924
0.9440010292674684
0.9932250517245975
0.9831270127887712
0.9940673233049891
0.9880851976270459
0.9755196304849885
0.9772502892812026
0.9813795277605175
0.9848333086203819
0.8073270973916821
0.9811136609690302
0.968843045994462
0.9916414033987865
0.9610234275462181
0.9749187095271514
0.983416227251569
0.971223380025054
0.9918037825543512
0.9839765863378791
0.9835770641112936
0.9947981600103177
0.9647099275104546
0.98187741628459
0.9929425609267039
0.9839876051163948
0.9651435151819008
0.9874780902645037
0.9674418604651163
0.9913793103448276
0.970442560848841
0.9749072712640757
0.9819475149561351
0.8661009234925342
0.8954208661236136
0.9766799614600372
0.982744355613628
0.9873811670993508
0.9914613584177306
0.9918608628537849
0.9916572881704795
0.9939329353209732
0.9767697345586793
0.9875191856182388
0.9931249835465364
0.9756102161248418
0.9522521239736105
0.9764206063034188
0.9701509098979139
0.9930970217240787
0.9892241859281294
0.9604833207655571
0.9952703906442567
0.9786602701238132
0.9761298687395548
0.9834512047843776
0.9938003360565502
0.97124772550039
0.9925368744831691
0.9829324445386327
0.9917985750341515
0.9877326387430155
0.9721073832149185
0.9684706774987508
0.9907172916333236
0.9913016435104803
0.9921271546804411
0.9879621168216064
0.9910274594184586
0.9819727825124731
0.9910782011919812
0.9762864517546268
0.9217218483219658
0.9855475007466536
0.9565940405891536
0.9932404766366166
0.9919358047766685
0.9925526399242931
0.9384525002591837
0.9522500981406802
0.9616045713936486
0.9908944766049348
0.9917349907431896
0.9860408682176297
0.9858097218004719
0.9891142308641049
0.984955064729138
0.9895207843054485
0.9871685350569375
0.9897397010121018
0.9841190286044745
0.986243382971355
0.9915267697449744
0.9520713126024947
0.9920032390877972
0.9815727448039425
0.9910189052045444
0.9791078363126119
0.978579905448084
0.9904426932405299
0.9890177234696581
0.9843529886422803
0.9951870697766553
0.9901417951348389
0.9538727120408215
0.98790067468292
0.9641163875506614
0.9759510427795067
0.9814653524657032
0.9954304851046082
0.9815868372943327
0.9713446262105989
0.9638132179366143
0.9914146384053054
0.9812793460697652
0.9805722649658262
0.9765565227433488
0.99552974903428
0.9493904952832095
0.9630848367941299
0.9825502349295211
0.9769682040883622
0.9893519435821794
0.9838246360113778
0.9848903802712607
0.9874692451641843
0.9821549357418533
0.9889093269855009
0.997564414818613
0.9676060987852287
0.9878008556139202
0.992441866250087
0.9830967194343687
0.9841135558975965
0.9895483417533545
0.941126362928349
0.9911271282542937
0.9817699113003022
0.9911256872769364
0.9825109952065841
0.9851650915075267
0.9910582950204323
0.9834086363973039
0.988404418371122
0.9709526431718062
0.9921533894593411
0.9812292733185228
0.9796257443273464
0.9950574228849739
0.9856308104663368
0.9657612248527955
0.9835101105850482
0.9939596936035501
0.9976037258198542
0.9947432169220949
0.9703330598106531
0.9721502744576195
0.9711002042496113
0.9739776374633715
0.9740349225124457
0.9926734915084101
0.9805617208279395
0.9865411166403448
0.9872311431697426
0.9766648029897301
0.988276571062088
0.9768286558785964
0.9723491116549655
0.9826869610291692
0.9879715768975061
0.9426199927823891
0.9856421064516433
0.9958255997198389
0.985525750631042
0.9614387074421623
0.9545108488770461
0.9734386865801179
0.9797223108244753
0.9739339145141834
0.9916237160776125
0.9866828629827519
0.9904682744835229
0.9629360610735969
0.9893773460779381
0.9752041192160043
0.9913529123881992
0.991317628988098
0.992326139088729
0.9902755525797684
0.9898397796634258
0.9778487930462353
0.9766607963995695
0.9918574232684602
0.9022025918932202
0.975227246744844
0.987003571042095
0.9917888512027714
0.9827324519918171
0.9829067728650456
0.9887950952114888
0.9894567764357736
0.9945362430604848
0.9919521381415725
0.9947267745437626
0.9932892922393751
0.9863689459362741
0.914003292861151
0.9891769443745281
0.9838477840844515
0.9929352859963999
0.9888211472723349
0.9934288117514675
0.970470714355326
0.9702858363441706
0.989387962258057
0.9897666200397556
0.9880475531594108
0.9897580694513385
0.9843593064993998
0.9697813408819717
0.984158363144909
0.9852177234530176
0.9904198113487203
0.9926451338075355
0.9847913782944169
0.9877746696977724
0.9793027631071922
0.9914556257598329
0.9625870957965094
0.9569846871544765
0.9854066587322632
0.9888953890843581
0.979794146764828
0.9643524172481441
0.9825638028443405
0.9905174072724444
0.9909114530378003
0.9819831925997718
0.9880793897693885
0.9886067647334396
0.9856427987570953
0.9853416649723908
0.9940936133418011
0.9883305799998714
0.9926262234816029
0.9926165227406321
0.9734197437146644
0.9913466892652611
0.9775171698846702
0.9787003205197338
0.9910179746033979
0.9866127448067586
0.9904278996160045
0.9850576230888617
0.7810918114143921
0.991747949443734
0.9876291746748002
0.9222330079305482
0.9916495696343005
0.9848514210359642
0.9959408712138091
0.9953594692607807
0.9938742211922347
0.991429562280424
0.9853981973083097
0.9860950173812283
0.9708940943582975
0.9952962530176939
0.9653321986579811
0.9856799239245958
0.9913601699005695
0.9784001458924402
0.994564154328754
0.987351946731938
0.9951062590461397
0.9871471282795675
0.990956379262562
0.9735259834330667
0.9901466842662998
0.9840086569676566
0.9834133804806474
0.9893410870511565
0.984175374527229
0.9914619689576268
0.9888475499174884
0.9902211451075432
0.9845456459641888
0.9919036988774126
0.9815724463652152
0.982250666279892
0.9886248109614538
0.9878815469996531
0.98943733013684
0.9833241354548296
0.9660146756585682
0.9892307692307692
0.9858517192716759
0.9891385776641325
0.9952417914012374
0.8978309401522153
0.9580535838522838
0.9919486931044824
0.9898225494813946
0.9812465723178609
0.9680624501459804
0.9882119003672483
0.9580027250140258
0.9908080984768196
0.9899263004176025
0.9749215869352444
0.9894095808488096
0.9977475190835189
0.9905791303368564
0.9891263117966873
0.9843346113144701
0.9750075885240582
0.9935793497686198
0.9894169626613531
0.9891346985097819
0.9619750699418494
0.986957669987066
0.9890800947940708
0.9722241469764311
0.9914273936958173
0.9944847937885886
0.9771195701666515
0.9731075800989841
0.9670378767125596
0.9565882658952704
0.9886034564845982
0.9757870773999806
0.9924594316033702
0.9900428876794862
0.9804555043903442
0.9899464362888686
0.9542436593993836
0.9946422535068078
0.9863142498955286
0.9927012982518874
0.9937573270808909
0.9974099068445881
0.9871444185326109
0.9913355391937679
0.9868011384256872
0.9874844965610554
0.9881250108010556
0.987838873845953
0.9807788879461116
0.9516411300403586
0.9900260882322299
0.9844705654182627
0.9698500830838378
0.9845825932504441
0.9876379737531147
0.9824106159798319
0.9823828558641177
0.988083138417565
0.9865728445414019
0.9591166936790924
0.9857475531618881
0.9747542211644912
0.9933034026140106
0.9944192657904495
0.9867214171133992
0.9141547744304006
0.9906189887077219
0.9904037314574093
0.971853554558688
0.9905163852180052
0.9953111928247631
0.9730194308664696
0.9746968811477771
0.9881077607712114
0.988588974796055
0.9867880327966488
0.9879039152894089
0.9917910830639782
0.9919965790606974
0.9946350842626998
0.9766250234829983
0.9927178825367629
0.9950590225374568
0.9945703910023622
0.9854682924982605
0.9897426664404242
0.980689613671922
0.99510020415816
0.9847665467486751
0.9902392807704682
0.9916761061339374
0.9937603125533407
0.9652967873138556
0.9894057252077847
0.9820136459442429
0.9668005270534288
0.9835559832446508
0.9821324713672155
0.9825536818412121
0.9809539505873991
0.9869163342384815
0.9936516241326347
0.9928339116712641
0.9757539618369987
0.9925239398836813
0.9711211276145065
0.9885994623979942
0.9862922929729815
0.9883548195674078
0.9890214043124556
0.9597660209868764
0.9888322175392497
0.9905226079044332
0.9871718203680478
0.9714280802261949
0.9911461245998116
0.9837840468504129
0.9762359571812232
0.9845026526990875
0.9909540931980506
0.9724474523964735
0.9938444771842015
0.9928244067408821
0.9884504844528317
0.9929751777102628
0.9881031064111038
0.9928696313188902
0.987584788200214
0.9890026824616625
0.9746509470584054
0.9793602803497501
0.9912074192973069
0.9947752029654561
0.9742347727506957
0.9930265114297391
0.9071118969614929
0.9879071045760616
0.9831079084889184
0.9848161939152184
0.9913948830354106
0.9955854885742057
0.9908562941631639
0.993598016653613
0.9669445326848576
0.9933449283327789
0.9757296886604803
0.9870052871932846
0.9697327044025157
0.9957236432749199
0.9915261684130997
0.9911332494068659
0.9905233465427518
0.9858450214699594
0.9884436066059233
0.986792236131848
0.9674790572992293
0.9926649283364862
0.9956408857793231
0.9347868880119234
0.9971565521163377
0.9920658660897091
0.9928614626371328
0.9916217527705313
0.9921368182868691
0.9776246677966811
0.9870896280114458
0.981234067207416
0.9920664052488836
0.9723204003018149
0.9879190639882738
0.9680115991698797
0.9918131754866448
0.7955955814030032
0.9844048641311876
0.9864085997920163
0.9876543498925345
0.9845772189116111
0.9880088909686476
0.9880980156878431
0.9226804744415679
0.9885660523985255
0.9937798125019521
0.9931084706784209
0.9937189112473791
0.9787931477877703
0.9904022955334394
0.9964069717355447
0.995727989304704
0.986397600218162
0.9879497254130074
0.9649261105218035
0.9942968151558466
0.99153520521488
0.9661897186512094
0.9759540132464816
0.9915866058074833
0.9796208217730216
0.9643491801777045
0.987711003072542
0.9967331563349632
0.9783115067213198
0.9815412793529126
0.9859734138772259
0.997439893143366
0.9907247877888544
0.9780926885134491
0.9791511904037021
0.9919266355522803
0.9892098824510084
0.9859154929577465
0.9695804963760158
0.9933224961397591
0.9754158004158004
0.9943775595706632
0.9847584874218988
0.9900728175198408
0.9533306667161139
0.9619997825798113
0.9914783139890043
0.9481502242152466
0.9909088911835139
0.9841220026479675
0.995399553658823
0.9952504100776292
0.9947709144254778
0.987134266738467
0.9911311983167497
0.9912536669288394
0.9813762678185461
0.9906088255696067
0.9916541609251831
0.9747691051759431
0.9886980201060585
0.9570731707317073
0.9669599788965934
0.9852244646628879
0.992590280667684
0.9947162054348413
0.9858385370205174
0.9902045146023575
0.9970223599734337
0.9976468571517622
0.9786493314437119
0.9964800724046073
0.9791220184124821
0.9903024532036986
0.9933700365733499
0.985928817394115
0.980314767053607
0.9800449493441961
0.9249169883648732
0.9905228498889241
0.9872940967952766
0.9954670284220627
0.9978903826266805
0.9921832334304946
0.9848260099830719
0.9758975618469233
0.9771976644321607
0.9760313633390121
0.9784614095382124
0.9860122429104737
0.9869062493445634
0.9819266853294999
0.9807875559492146
0.9798395054291038
0.9807783475100399
0.9958693366002798
0.9845820220559067
0.9725934735095081
0.9439258022055814
0.9917170629025884
0.9778633494713507
0.9839791764350162
0.995734950010636
0.9824534120262023
0.9866737165741366
0.9673830557981701
0.988177167827118
0.9759061249108955
0.9922858088863924
0.9923629655430422
0.9818406333987071
0.9863457047634162
0.9875710721928859
0.9823522404315788
0.9926798392866971
0.9918410547086719
0.9306157287497057
0.9826198386331276
0.9620279245117594
0.9927960275651857
0.9857193725519594
0.9907809781398685
0.9800346207369918
0.9914945286355757
0.9928079627879577
0.9901618330395769
0.9816675425850929
0.9872882563256595
0.9710810714873486
0.9788082132607979
0.9938788960345237
0.990900592492907
0.9891287533899218
0.9787102378883983
0.9934797422336293
0.9899787829565235
0.9909563531958445
0.9641646004696499
0.9987367353116844
0.9444300434190914
0.9941170062098268
0.98521759466781
0.9756399496433068
0.9939905729750582
0.9900608726044154
0.9922401396877568
0.994130513462053
0.9911316188354702
0.994685608443016
0.984632968046178
0.9817889341962516
0.9899119249282511
0.9786354656469147
0.9842184355976669
0.9162046404078094
0.9812862241461779
0.9867326479245766
0.9919788894048094
0.9778994352501224
0.9708547171006779
0.9882708079503919
0.9922884173555727
0.9883701308543424
0.9919359906634347
0.9913757402738915
0.965755048382578
0.9435892355133937
0.9896479861132137
0.9689542114188807
0.9891181957902869
0.9262995561164542
0.9860001390714662
0.9900446980225067
0.9832809287701052
0.9844111969111969
0.9868053793453438
0.9907659089648345
0.9824087992667278
0.988511532810324
0.9922299092104365
0.982103494098335
0.9855177341345449
0.9917517333556094
0.9924395510096746
0.9726067167812333
0.9883472637422976
0.9922050895472416
0.997705447087032
0.9858577881937368
0.9991299427035439
0.975959437013725
0.988021961705373
0.9930706850641491
0.9911705926678243
0.9919345452429275
0.9909552234632967
0.9972487805781032
0.993185708404654
0.9729939481673603
0.9926807848928267
0.9843864615807812
0.9938077748797928
0.9859168195917307
0.94719032982785
0.9937283162941436
0.9823499345110692
0.9932291233917404
0.9964921561915432
0.9950442852430242
0.9869517191063967
0.9861391411983361
0.9830731832139201
0.9780973373919737
0.9631349926326077
0.9815823663982087
0.9897117423152229
0.9837142166542772
0.9875343695240266
0.9855900094916105
0.9571205762363763
0.9858066538011118
0.9235310264649368
0.9825751538422697
0.9913904909517695
0.9909902424139102
0.9939105877606597
0.9868645124901023
0.9778567110036276
0.983416837202738
0.9956295015845578
0.9884443152079093
0.9890257633139041
0.9846021357216672
0.9955761109993967
0.9817997522243496
0.9855672542292677
0.9963971898080503
0.9822801444491582
0.968240272854837
0.9878282975067968
0.9888286377893768
0.9847163050705543
0.9810945355101773
0.9961125469165047
0.9479289940828403
0.9931542917324908
0.9781824793188085
0.9896029525437383
0.9868062001546003
0.9820941072977509
0.9811564567890716
0.9914638636896194
0.9619711122451243
0.9951205650726638
0.9908940397350994
0.9680481157785923
0.9960713906713937
0.9882581069310262
0.9922753710941083
0.9684376478007252
0.9823284245623785
0.9929192750463061
0.9902996024053337
0.9143296031115257
0.9931729147255137
0.988526894774961
0.9854384463300783
0.9861750993039236
0.9455287288634643
0.9859817862641389
0.9902322126771025
0.9731102240307848
0.9790634344926773
0.9932544049141457
0.9804182672835945
0.9838874316798677
0.9848098372832381
0.9248600830474815
0.9864282022491936
0.9903687528011672
0.9802639170309103
0.9504426214312198
0.9943383170123089
0.987645178476292
0.8876468282396832
0.9919112468398761
0.9917313115407177
0.9973207308450861
0.9358929416507458
0.9819364248514493
0.9914000550980646
0.9828790216583805
0.992752339058634
0.9587067147405615
0.9949239471035735
0.990650187187963
0.9733195260067115
0.99029320724854
0.9801817055410135
0.983223057289149
0.992602431157957
0.9816000601825834
0.9905814834490146
0.9882766392782254
0.9705613510729365
0.9798826916350526
0.9947489306459398
0.9796485991452412
0.9984937899701227
0.9703178812715251
0.9830251423786918
0.9666507806502612
0.9437205036589793
0.9951875100595525
0.9823346634593089
0.9739362505664938
0.9947505946984018
0.9568455149782642
0.9929142799144892
0.9852958314196206
0.979278074226279
0.9942764745136287
0.967705703585829
0.9925126522311835
0.9889901163181605
0.9583156625295212
0.9935227772196409
0.9960995863674252
0.9899100002893881
0.9908057168050555
0.9782696057505719
0.9930161632155576
0.9426069318382533
0.9764208219058872
0.970522141440846
0.9882224278623707
0.9827371926241589
0.9780094353979607
0.9904995035263131
0.9976604142084062
0.9899497056147759
0.9852737989051542
0.9909592756140149
0.9580204257359913
0.974350019402406
0.9927727119216481
0.9942879162227712
0.9906079590963452
0.9874118956349697
0.9878868174505536
0.9869587657055358
0.9923138850937622
0.9943697625698324
0.9771140834817742
0.9298211395467408
0.9803405555177034
0.9808181103881397
0.9869422248681432
0.9971874291109517
0.9348678988547454
0.9715585196076715
0.8536542166428438
0.9894209595931163
0.9920299074200936
0.9872091479718582
0.9921841874343864
0.9692366567565655
0.9843601238619032
0.994105704368328
0.9800023077320962
0.9933795996386232
0.9880544265771337
0.9061083922421606
0.9810211790948311
0.9957598246408619
0.987805852733978
0.9871632015004511
0.9925954672461968
0.9931711243346402
0.989529440748953
0.9826205200804708
0.9899972965666396
0.9835045926460281
0.9910720024423948
0.9884070349199384
0.9921817737600782
0.9906316277371238
0.9875622404069263
0.9746873425059793
0.9904453571983808
0.9789165860906068
0.987091289449327
0.9900921061166245
0.9741311156051943
0.9853958354653648
0.9891562652152464
0.992352543109048
0.9884087713622042
0.9794410882042283
0.9886038153165607
0.9230489316457999
0.9836297120725882
0.9912263255810099
0.9918548908224757
0.984550450680851
0.9908399606715703
0.9847135800447574
0.9933981048338731
0.9904343945254389
0.9886503505355666
0.9828353258272677
0.9870346347987983
0.9899588208659084
0.989823604725987
0.9664005590946967
0.9971508450987556
0.9839967164289928
0.9961387881424298
0.9791797453667733
0.9894798778146856
0.9876121777996185
0.9918527906249486
0.99516685332843
0.9906192939085987
0.993268649937018
0.9761424339816858
0.9744520134517548
0.98442582592763
0.9839470047955783
0.9961784851529222
0.9932306946949102
0.9719957838956418
0.9842245674753616
0.9827470009435234
0.9841732079761993
0.9864872367120793
0.9787833403966043
0.9915316979615436
0.9956326745229037
0.9810839467613373
0.9933198502323204
0.9832513363853587
0.9355121264140147
0.9846559172866843
0.9715876094364638
0.9757531646472863
0.994828105552114
0.993580929256072
0.9367680167816054
0.9619610058883571
0.9910615299334812
0.9849995206201805
0.9600776748596018
0.9972235792610077
0.9957912671973146
0.990857656399557
0.9910477219859489
0.9872431451856206
0.983099615997604
0.9889615913106066
0.9918663925121549
0.992465416146123
0.9818564658337227
0.9817687557249652
0.9949104936750741
0.9954371217079189
0.9858478018512928
0.9942231959959438
0.9925760495650451
0.9681013606140578
0.9838145703446803
0.9857016509433962
0.9897288619534604
0.987376452055861
0.981194502203565
0.9888083080490392
0.9915153660783612
0.9948143079045415
0.9775877171045628
0.9940980707977237
0.9772278438077332
0.9924391455362118
0.9653005338884547
0.9825422929251897
0.9877349889289281
0.9225220385807058
0.9767827388036862
0.9952508807598591
0.9982676684286438
0.9876561774396851
0.989875045200691
0.8571428571428571
0.9850540705978372
0.9886284829901787
0.9918059688429897
0.9785134648125365
0.9938138700636239
0.9354225533007963
0.9495909899229401
0.5151939999802914
0.9672121497527667
0.9805681046446393
0.9863862677225094
0.9420295675712582
0.9889145717646415
0.9854922738610032
0.9936188710815111
0.9857149660799899
0.9849183431252565
0.9837469459808693
0.9756538558573711
0.9658803256593611
0.9959885582607425
0.9853761542044774
0.9814301860495078
0.9758660311649114
0.9885667203294387
0.9814343208456934
0.9940985631449931
0.9661610178022472
0.9889146697934041
0.9552768689010641
0.9731662135508289
0.9352558069495163
0.9741209473232689
0.6989549951233106
0.9846079832305767
0.9938004357616619
0.9745440722670784
0.9774339700044643
0.9865335142562399
0.9840644938693747
0.9954556532193862
0.9943614485845492
0.9945005975004896
0.9932388506046028
0.9957173643908478
0.976349124354071
0.9874955290584639
0.9408030728933031
0.9814339708155618
0.9939253220508057
0.9779081575848771
0.9860311651453965
0.9843038664004357
0.9954794040087814
0.9912131300423447
0.9892090028754453
0.9882044560943644
0.9738769399778134
0.9751265232265544
0.8724482512491077
0.9968518704578184
0.9817252291328123
0.9740319286399066
0.9820492615111008
0.9835846132168522
0.9788751625101662
0.9915727166702198
0.9776254642055479
0.9795102709139625
0.989762608500449
0.9919217845693152
0.9673531628485794
0.9917648912249545
0.9801838504126188
0.9766350064157835
0.9686300778003475
0.9707023190558719
0.9938573772492441
0.9275090435899112
0.9874540811647092
0.991477139836653
0.9818984044176075
0.989423404664364
0.9884537980727164
0.9863349378008377
0.9976507307905291
0.9884252420097673
0.9955728921891155
0.9911555055968014
0.9914953403110893
0.9769785899869583
0.9869713732958496
0.9962166611534645
0.9906891309855587
0.9834356190832702
0.9726458910231052
0.9935206060975362
0.9922380592290377
0.9843608515272213
0.9938909062474036
0.9860925520357907
0.984987602665427
0.9957446808510638
0.9991474000688063
0.9897244035382655
0.975279310852034
0.9826379090237183
0.9957848814114859
0.9848401133554171
0.988072628368495
0.9814933174258241
0.9957524513853675
0.9930132000032572
0.9760155822331988
0.9776630345368719
0.990295840695033
0.9786702422419252
0.9750786658275645
0.9804302846189511
0.9954403157751464
0.9844799308869285
0.9883485607623539
0.9626450693239735
0.991476041415844
0.9927263442427029
0.9886337735313682
0.9945225448080129
0.9796012980992118
0.9918936382682931
0.9888170370010211
0.9833787623635893
0.9037663901525288
0.9908586885049914
0.9716738019753478
0.9952768078471093
0.9953870706805711
0.9903606883725804
0.9898015490212425
0.9955434640583877
0.9903650843534182
0.8780309826341933
0.996652250520583
0.9366445194215512
0.9962285244929157
0.9811957293935833
0.98451176112257
0.9790501802287628
0.9745078795934243
0.9904726181545387
0.988271980529358
0.9863372646472339
0.9775382965618394
0.985004771624133
0.9952401108203787
0.9934168579803137
0.971717985151859
0.9800238237045861
0.9852451223254778
0.9864673499774608
0.9839979154185966
0.9921976537565037
0.9242948332330727
0.9890169103840369
0.9864049184575202
0.98328017201289
0.9841554203688531
0.9713913773316661
0.9772239164984322
0.9908093866797377
0.9835791476925169
0.9695510122882458
0.9792028801904414
0.9938603554649593
0.9869569190004112
0.990460341973212
0.9928508814648875
0.9786611392419866
0.985633541672897
0.9897656041393192
0.9937497891860897
0.980851571555192
0.9880491503141459
0.9957232345763906
0.9848017518913422
0.9858413382202227
0.9794451267971968
0.9876097335785378
0.9898819604890171
0.9955163163418438
0.9938549444615019
0.9905862591975131
0.9909703267044369
0.9795800757337791
0.9889945623568097
0.9938627423702637
0.9950093574547723
0.9916247962948532
0.9951839570503711
0.9683163363679473
0.9778107355657898
0.9833040106279847
0.9777951547699844
0.9780031821797932
0.9940140148066036
0.9542767381505259
0.9853588813930951
0.9956403991830192
0.9877727122864062
0.9884942391482835
0.9648209269662922
0.9942514727846
0.9946175184985834
0.9925086800929702
0.9766315189512682
0.9941223193010326
0.9854834072516979
0.973681927292709
0.9950666241455332
0.985343508739743
0.9934660595518028
0.9778366256322168
0.9694241830335815
0.9911266398576043
0.9861464712493406
0.9898197563185983
0.9967084524850313
0.9929918216674825
0.9929890778241696
0.9274614165939797
0.9889207583746717
0.9922939125266733
0.9396418673349154
0.9786641034097217
0.9931485128462053
0.9893989061059014
0.9759276111330506
0.9917766471892001
0.9954076311543154
0.9950930524804021
0.9945967634077839
0.9894139661097816
0.9873792809215375
0.9953499428028109
0.9856039078462225
0.9900381817324765
0.9655740192216549
0.9810293286404401
0.9746774444603178
0.9869118442401298
0.9846532408037375
0.983040435579067
0.9760430356386194
0.9931055722193898
0.9777614967718817
0.9531690725811494
0.9899977517423997
0.9757886274276645
0.9781107523176897
0.9920262838457156
0.9964246990204143
0.986404951861723
0.9943529959685049
0.985332684617119
0.9917098804497382
0.9961387933072418
0.971080541846057
0.987155295996134
0.983584508454187
0.9890993226606947
0.9868775054900741
0.9690070001546623
0.9990097784379255
0.9948565269818911
0.9849909025711857
0.9940963785301692
0.9956003121400171
0.9897450074378316
0.9975026968826698
0.95604640703784
0.9871525423728813
0.9173035161780061
0.9984106068221645
0.9858375781233004
0.9898048462660172
0.9926235251784936
0.9705457492160801
0.970095219880053
0.9742035897040198
0.9876921893890525
0.9949114306728729
0.9805327763004836
0.9865077045425195
0.9833556389879154
0.9837557729677892
0.995961187757691
0.9799695488988032
0.9926213566498905
0.994441843673382
0.9952175430285519
0.962030392472291
0.9798431757539143
0.9924039382872061
0.9939919569746596
0.986348574790781
0.9885243140617345
0.9930604125773677
0.9623049906068774
0.9937175628050928
0.9929529661849557
0.9938389307204462
0.9931521062461092
0.9816092063070413
0.9922552838220791
0.9890519454244815
0.9876331685886875
0.9896591455863215
0.9701839498686072
0.9928492388949332
0.9803583187629147
0.9853077228071722
0.9761008090080667
0.990807132205971
0.9396436979560783
0.9670208328221235
0.9666465750543081
0.9888364398714288
0.9737757791905722
0.9928448203872718
0.9950809458077886
0.9913070516980316
0.9794931197141821
0.9907830119642747
0.9907955421419146
0.9872602569672895
0.9865047169588042
0.9945968303814344
0.9833328921711356
0.992892561434507
0.9903480632092534
0.9900973858666384
0.9942889042741545
0.9828512101903094
0.984279425534761
0.9944176232016302
0.992071247386195
0.9253948324095946
0.9882258379531558
0.992654906673614
0.9793657015922794
0.9536975588640628
0.9929137786260724
0.9418941445644452
0.995202992628452
0.9838809212062158
0.9884517744279286
0.8873721326045158
0.9911009124768576
0.979986519417224
0.9842940448471882
0.9907701567934205
0.9730137605286754
0.983314543404735
0.9877890743227402
0.983428056501909
0.9974845071282474
0.9734321249007674
0.9831844265272027
0.9824983045853
0.9834672517567528
0.990014846677091
0.9885088231477878
0.9897965183970796
0.9908652352625539
0.9797834615857196
0.9927262592759336
0.9575993975783607
0.9980295320762247
0.9837623002204706
0.9871754884872947
0.9436484844020478
0.9752568413907999
0.9714363703345976
0.9940475172331218
0.9952515965646334
0.9974411299383211
0.9721888701517707
0.9923361987355441
0.9848995511075135
0.9914756918856648
0.9874466402282985
0.9933375474573708
0.993421365691173
0.989865770130143
0.9909876024219897
0.9921910631055542
0.9879240140393668
0.9956386663756172
0.977402705807486
0.996376013546069
0.7903958006363465
