0
0.21557474381716096
0.2538677354709419
0.41015644863298134
0.45236951649055396
0.5473117384184084
0.4294136192556756
0.6028766265756439
0.61877678399801
0.6124478333553827
0.5683691951383665
0.6208223362126489
0.7393553843938958
0.7489845788065912
0.7825425751722899
0.7586406075412382
0.7560777033334025
0.75407908710669
0.7950785741663473
0.8085569660559008
0.8312711380812537
0.7268215551169742
0.8314596773171443
0.8240541990877381
0.7376266477177462
0.8560782858806962
0.819398368012548
0.845517364475496
0.8274836079122817
0.8314840618602811
0.8317326174479371
0.8232307204062203
0.8551321869555337
0.9054143271733602
0.8587443409925686
0.7944517795220754
0.7882438055103619
0.9211505437893531
0.8964767547745316
0.8902793993643381
0.8806741480082275
0.8880714755812801
0.8626716820319922
0.7666741989424685
0.8621533528127341
0.9001575114834943
0.860413766860599
0.8295811619752417
0.9185933472868485
0.8739038487229318
0.8787127487459974
0.8211388808827768
0.9187392304180334
0.8348920059783022
0.8468688542072252
0.9062780977376006
0.8825858325962853
0.9157801381570465
0.7959321439981861
0.8992019600980049
0.900301038330996
0.813965673113802
0.8879516356487367
0.8888912626077854
0.7708483498241705
0.9363835327295219
0.9148960878836323
0.8859511203807691
0.9135915708271596
0.9108976063314894
0.8990730181445953
0.9069200249247286
0.9128515594775509
0.897571522335045
0.8849368922595388
0.903953426341486
0.8415104740904079
0.8930946582308368
0.8897510138684848
0.9023034365358017
0.9134696206729027
0.9425605552471885
0.8352686070713898
0.8600046415849171
0.8821816351477673
0.8491363581072863
0.9020307421617263
0.8453440743143714
0.9260907669626378
0.8512724924345219
0.9313805705558282
0.8732653965440851
0.8674174316267625
0.9341646554035935
0.9048432826653077
0.9173332438201337
0.8930270854692144
0.846774898714623
0.48348266897912484
0.900422283815356
0.9164820760552593
0.9148706896551724
0.9586434268260163
0.9271336328280361
0.8838787904459846
0.9356704022627855
0.9320889458796299
0.8967915196703947
0.8672975370019285
0.9513824363424533
0.8761215216697343
0.8618914744867796
0.9396396695626592
0.935352827692935
0.9291587008356067
0.9324943426003821
0.8934499424626007
0.8796088572260373
0.877784723669283
0.9002495822976057
0.934120381698067
0.9161973721848912
0.9153163450547973
0.9356813356957014
0.9321289274891618
0.9188269117990626
0.922754491017964
0.9131747829369573
0.9413912874115432
0.6369888046064457
0.9379297473576677
0.9022794428028704
0.9309860354223434
0.9477978944300754
0.8777891941743367
0.8906123634635127
0.9378221208665907
0.9109507612791877
0.939934766547132
0.8918640966775822
0.9633249986261472
0.9081562334505505
0.8835539850530482
0.9160162124228406
0.9213358984958819
0.9027681161565331
0.9369702133503115
0.856681981993139
0.9580218009117092
0.9412796437016461
0.9167954426651099
0.9297072773530446
0.9626291132810295
0.9456587052608685
0.859299278639431
0.956251203189799
0.9086451224175289
0.89538726098037
0.9284335149374364
0.9268024139036389
0.9257223737356302
0.9454438299277222
0.9437440568291382
0.9678510518490911
0.9024118209053299
0.9064384678076609
0.9291835582696156
0.9282703901196563
0.8349322362387706
0.9418848701567456
0.9452046912215302
0.9427777278955649
0.9473564822893038
0.944868410383011
0.9510191945554858
0.923948236488201
0.9214775251523882
0.7357476827167583
0.929283232080802
0.9402338084495697
0.9652555253617229
0.9160530131749118
0.9472565062635788
0.9650428209649686
0.8842068605258576
0.9425166464660033
0.934384688055278
0.7327235772357723
0.9202751931351594
0.9586021161141614
0.9143256856454895
0.9125796959293772
0.9452448026902853
0.9312965438227994
0.9400766327677105
0.9193706905522645
0.9557495584952184
0.9446194861851672
0.9366003798713929
0.8506444275966641
0.9528549012699686
0.9649477981528577
0.9418144499817296
0.9495534029437666
0.9405534463188383
0.9625576013923904
0.9561060521427365
0.929209750619941
0.9532232146535977
0.9390967963706652
0.8917488655007751
0.8911421794893158
0.9533254255553828
0.8307903612589511
0.9658714706210134
0.932872127609799
0.9401808592538119
0.9085778713349286
0.8966488144635915
0.7323126029557938
0.9599662873999157
0.9167406953591668
0.9426084471749332
0.9260470162748644
0.9350318796659658
0.9466162108441795
0.9175696084114777
0.9584033936283698
0.9109854436571699
0.9358713515501624
0.9581265632907475
0.9224631253223311
0.6351480701319621
0.8276985941528433
0.955851978614474
0.8732624850267394
0.9372458900477285
0.9579671584831627
0.8970558288166922
0.9526603280473904
0.9722538209422551
0.9464039785768936
0.9336894850747723
0.9154732937093621
0.9732821056350468
0.9240861243599251
0.9497054244365026
0.953960959252717
0.9620480568715164
0.9406434940995878
0.954166413554305
0.9447616147246737
0.8870008511086348
0.9670590957833426
0.9320916242480333
0.9610017671074279
0.9688556736705987
0.7993001905731029
0.9351582391198238
0.9318370335808805
0.9572495293429133
0.9638066268482975
0.9277626742330328
0.9422793761503439
0.9496721070790614
0.7155270468446342
0.9452244869852637
0.9630010738728342
0.9045225378872881
0.9429582526956041
0.9308201094705856
0.9300998950210948
0.816140746677749
0.944586227651607
0.9438548653106102
0.9607976204227793
0.9530410890470838
0.9577463248162408
0.9460740689037407
0.9427356904785007
0.941352002588009
0.8853971404417981
0.9689222125163113
0.976529181409339
0.9600104230000869
0.924061300736104
0.9484872322122705
0.9138472826528735
0.9607316848253684
0.9388760686994023
0.9148703860242322
0.9439882053751721
0.9590850465401768
0.9542006818679428
0.9418271007735852
0.967516406919715
0.8511349947957477
0.8975796412728805
0.9523503241779595
0.9248731536524832
0.8855209391823233
0.9428291313834235
0.907244656418638
0.9745582676473173
0.9392496444452446
0.9525758877172463
0.9024271985412324
0.9494213226600718
0.9517325960878874
0.9719117486438271
0.9578177610741384
0.9787939575060384
0.9666820855084913
0.9242852955764982
0.9316204561788403
0.9531131412508784
0.9181274985168478
0.6863599797953343
0.967029537082569
0.9488455946706401
0.929240665641169
0.9609546359401416
0.9396546167662193
0.9493580277530408
0.8645590034478924
0.950325619662329
0.980662561930064
0.9644989375421897
0.9641391759138193
0.9647051993018804
0.9433984676605096
0.9402015026459917
0.9666761789098085
0.9717020144030478
0.949922920892495
0.9743538086508049
0.9338430175385292
0.9831323662297535
0.9391772612742864
0.9385573373009313
0.9079458223418438
0.9230181661186941
0.9466368806792445
0.9643933584205739
0.9342008580435659
0.9342863277927993
0.8745582980248249
0.919119389112646
0.8387090023490757
0.9562184750059818
0.9579136183777073
0.8738234819555747
0.9319437133829829
0.8450651769087524
0.9656451305096159
0.9347134477553934
0.9672731206310318
0.895066732013242
0.955882842310764
0.9382746046206158
0.944717324033597
0.9778479865579548
0.9630795638286856
0.9378570209029489
0.9461787222808871
0.9490401786943347
0.926867908652266
0.9625534724208014
0.9737091531486828
0.9436302580990542
0.9609612920117405
0.9606508850812623
0.9381051056055694
0.7480488632507635
0.9634160331216303
0.9781350801828382
0.9488815457986196
0.9750171428571428
0.9630869117476194
0.9519260329914883
0.9702129492993247
0.9415076923076923
0.9361799976529768
0.9658859750398593
0.9591933372329462
0.8964939373141158
0.9749446946501515
0.9390503844491145
0.9335113509318205
0.9563684512432633
0.9632451925769132
0.9779632006846384
0.9198852488935529
0.956300595002879
0.8115189594356261
0.9584447893097034
0.9521875178059296
0.9640884830160737
0.9647491472272328
0.9871153246260054
0.9545068081664501
0.9731302336867439
0.9689764962969555
0.9590297820079828
0.933886821345233
0.9566459932282524
0.9637892194061813
0.9767584302196088
0.9644601335981697
0.9725775243574596
0.9535660434258142
0.9436254202260888
0.9216420003365412
0.9575964793280606
0.9053488611146383
0.9583734847322387
0.9657529573890382
0.9641678315536787
0.9327455210580621
0.9635715972604897
0.947484695473435
0.9689283744542863
0.9573317371724762
0.9312123066165545
0.9763991203025797
0.89639475600874
0.9646153326806873
0.9493857141148182
0.962497853459116
0.9760545033146194
0.8861742945787667
0.9604019374243193
0.8978381350014115
0.9697883423300994
0.9704878948338997
0.915159225439937
0.9070182353226274
0.909987560772438
0.9728747493949536
0.9600369308758955
0.9580625160352347
0.8823649828406286
0.9462409255146352
0.9471657643456126
0.9695035603787894
0.9697033717360327
0.9590944750716656
0.9684790689778309
0.963764507871945
0.9546378294987614
0.9529198870138116
0.9746646634354933
0.9445767195767196
0.9364160500999806
0.9641729059429106
0.91760414498691
0.9548630185461666
0.9194400897106163
0.9475611542405156
0.9610496943710262
0.9766772793889382
0.5857916492499187
0.9797390511375593
0.9462554937148487
0.861140347406323
0.9733204024542912
0.9853521404616296
0.95630922935304
0.9522812208782868
0.9426472570427281
0.9555352920897006
0.9531802754542247
0.9521441400987876
0.8511801835997357
0.8859068345441994
0.9685887606746729
0.9721286123164989
0.969720108151412
0.9760756037430746
0.9100170776799423
0.9510387196274092
0.9806608522302517
0.9498906458668008
0.986803853598581
0.9623337727450731
0.9774342500335236
0.9744050159403216
0.9803254904295406
0.9203343289334233
0.9161152530467843
0.9340755911375908
0.979476214636032
0.9486997407532647
0.9719550470790725
0.9543574507747874
0.9638005790106392
0.9746561799888165
0.9642317935105468
0.9458420068447235
0.9669782465279265
0.983829225481756
0.9264985838324743
0.9714887690073324
0.9489135982736453
0.9487309159967888
0.9633754426149046
0.9349312185208969
0.9640094905179256
0.9578278710723365
0.9443609767117289
0.9715922837178191
0.9654983404516607
0.9723792873315673
0.9523319305964901
0.9541430679168055
0.9268475678379392
0.9713838839029397
0.9722138434920836
0.9492794849451602
0.9610368144695948
0.9594831799240617
0.9617820251332324
0.9204095207797091
0.9612142646625406
0.9625386769694775
0.9344133690912739
0.9651214802907553
0.9760921840317481
0.9750269086675937
0.9490805567100999
0.9820435613969538
0.9406451546711707
0.9535145946935896
0.964589601599112
0.9692036089089147
0.9476054904330953
0.9648207681000576
0.956403896777522
0.9773967118232945
0.9753438120700202
0.9390798130193906
0.9772215291551862
0.9582316122071075
0.9695556760385201
0.9667353733946409
0.9631425320338396
0.9618930962555254
0.8718705938516537
0.9507615053794863
0.9467636562930116
0.9648304171532536
0.9576159984238006
0.9735402384249097
0.9583794075342751
0.9803978942693298
0.9731921325563488
0.9672170936274572
0.9765848174166434
0.9541354818155333
0.7558006970608354
0.9360469176389694
0.8288332465583884
0.9716629034400319
0.9578054067817597
0.9483519155978322
0.979287343107467
0.9733333333333334
0.9528158245549834
0.8462167990408498
0.9520651431058208
0.9541386517381967
0.9714399047996827
0.9424005804658069
0.941053832035496
0.8986500863910664
0.9832254732931878
0.9818100019427204
0.9809322225538882
0.9650454623434551
0.9481585637791697
0.8502453095200199
0.9564369644414799
0.9669180660595167
0.9737320565375533
0.9483413161004516
0.9820177895544905
0.9686899156576058
0.9605655789378884
0.9751477364662844
0.9604616314834775
0.9790855135021319
0.9278924229966908
0.9576363149810043
0.964326676414194
0.9591996248241363
0.9593220260363154
0.9482991855810377
0.934687255796791
0.9866401148496902
0.9821633069260334
0.9405844599207975
0.9727764300451176
0.9688317004612068
0.9537080481342459
0.9830348463321619
0.9449960374351074
0.9583368153244751
0.9056445826357331
0.9677455945202271
0.9668195945993784
0.984159196303533
0.9819310353012384
0.9842578311971494
0.9453292728155999
0.9768160254431132
0.9732951463956434
0.9719906378384187
0.9856456122878922
0.8658246885700553
0.9595115681233933
0.9762773352789769
0.9856554931584851
0.9524098122207225
0.9549644271545228
0.9641464021910532
0.9716838779937703
0.9602887159333179
0.965600307441394
0.965208709644471
0.981929436710131
0.9619928644124525
0.9429080356466091
0.9584587018980613
0.9849825325529694
0.9537728907596054
0.9596127807845652
0.9700667037242913
0.9737681124937543
0.9183182905191699
0.947277875408081
0.9926056368724337
0.8983105289196394
0.9674492861326465
0.9554762722644147
0.9509365011896022
0.9609652724431141
0.9425638596531766
0.9264011665965928
0.9635756868374185
0.9687801777354016
0.9701530316542984
0.9812918297142519
0.9651946018275037
0.9865115268619332
0.9746514417459847
0.9631231772495713
0.9734173248088254
0.9629304961813728
0.9708730840093762
0.9540150718933786
0.9750214402592825
0.7817267002066434
0.9777648818467894
0.9798967510531179
0.9549417500906237
0.9845281442908788
0.9681709193546865
0.956454808464424
0.9764567967567039
0.9666042236248467
0.9346067634733457
0.9456472986748216
0.970927392809361
0.9648999029896816
0.9370991299930146
0.9752309497446745
0.9247393633255337
0.9746247065240591
0.9772768913064855
0.9783348849230314
0.9585128330790694
0.9753040715636716
0.9534820393974508
0.93053127329403
0.9681457021979156
0.9682490929960259
0.9622252421320563
0.9608446035215835
0.9605376996283764
0.9795384185847902
0.9748052138106436
0.9783269830572907
0.9188405902634923
0.9681781974428597
0.9749829188743215
0.974996417373612
0.9731854439976267
0.9623315062378599
0.9426786573994008
0.9725440375178627
0.952699099538342
0.9598221978400695
0.9843381438253268
0.9677858047909992
0.9850224333597255
0.973276046090191
0.9039316846277681
0.9247913426765191
0.9559281852612103
0.9862531258950624
0.7540513922463963
0.9692929475383556
0.9429886647520401
0.9260476139179145
0.9820224887219733
0.9820425064435713
0.9451788854442082
0.9890094912034892
0.969461750587274
0.9778826208972221
0.9448094961160808
0.9753312399585009
0.9676747299502999
0.9677394041089601
0.9493348553365237
0.9499932383879256
0.9277202707199087
0.9582290056709449
0.9855696418436275
0.9804408630793819
0.9252519322962528
0.959692732873951
0.9836300867715544
0.9663934877069468
0.9788953180968551
0.976201662517156
0.9268373698669139
0.9740329318008689
0.9491534155304461
0.9641061275717837
0.9649335176702196
0.9488902760112826
0.9833131505473676
0.9894838247878197
0.9695645101561229
0.9767615623908166
0.987452227145128
0.9663377416976792
0.945446849679526
0.9746734551738779
0.9103940228874727
0.9458612111367328
0.9846481030662765
0.9686937730704309
0.935710086772054
0.9763738294726466
0.9787392259591009
0.988595543721269
0.9575696835587485
0.9683551459988128
0.9844511653673962
0.9836630138682516
0.956058049846804
0.9781142978570593
0.9662811837389059
0.9508384427231262
0.984664264702219
0.9798871288633987
0.9589604165904881
0.9701329245363364
0.9803548795944234
0.9732107126366015
0.9651017235552551
0.9904239999813288
0.9546778418019906
0.9747656290464598
0.9707304443962411
0.9729446571973821
0.9646881770462246
0.9847244101720916
0.9646024383979696
0.9398573412339034
0.9308145672061928
0.9791451011203093
0.9581258803971252
0.9601409844175117
0.9626932071401012
0.970537482744133
0.8787689423527574
0.9695279732941788
0.9548687736919622
0.9682551853697811
0.9798301693594633
0.9206895401318267
0.9210373880335421
0.9763373277618538
0.9219795259314225
0.9776048683947577
0.9747509381488466
0.9845318037679538
0.943157007200685
0.98184135712665
0.9526119321138933
0.9818482743650966
0.9692342906778492
0.9515591435922858
0.9628529679338796
0.9465729042047212
0.9858703730341388
0.9713604909392703
0.9766750392179977
0.9564693399762424
1
0.8828275243136321
0.9130157147495226
0.9761194566043159
0.9823560351285443
0.9699155402324012
0.9599229507571423
0.9827075683998578
0.9484367347526721
0.9780425238654347
0.9595075430987321
0.9777277432465309
0.9414342527678277
0.9411999875066371
0.9803176969880524
0.9850111831929407
0.9828177934313083
0.9524330481079218
0.9837619408417644
0.9689144762927567
0.9854603785031594
0.9757977215320377
0.9252753729559015
0.9712629440618342
0.9730792051472648
0.9546597103147986
0.9770685347171957
0.8691648469366734
0.8902706145707078
0.9682718099593819
0.8585746041543768
0.9795971756610691
0.984030129906545
0.954166416301133
0.959738166614458
0.8895841602459736
0.9393801948827014
0.9771364978150553
0.9703997817148556
0.9749970337558583
0.9853611367278783
0.9839832169237727
0.9605843366427437
0.9584197742667866
0.762260799816661
0.9300604967186117
0.9815259971509972
0.9632771169738252
0.9863500059973611
0.9848327341835917
0.889216173374027
0.9716070274760776
0.8643756526749169
0.9701457170235813
0.9627164988259026
0.9721139832890898
0.9853608656183809
0.9607607306622566
0.9860166698649223
0.9743711618533376
0.9686686874647925
0.9443565922118996
0.9785195002990722
0.9832601374638124
0.9274384339339624
0.9519962715550723
0.9699029604452982
0.9225535630108155
0.9610279540412862
0.9193805511273059
0.9425022103007508
0.9778687256981266
0.9848978126215626
0.968849362778649
0.9849895590222332
0.9736315354883484
0.9788302954381493
0.9662487750562103
0.9723092609171392
0.973111130487858
0.9578878155390247
0.9425775183591888
0.972127658942982
0.9873121303818289
0.9774484118534702
0.9730571176957994
0.9835768667667419
0.9917809267223713
0.983676756265767
0.9691618344754876
0.9532098624156052
0.9796759124335428
0.9595123666627593
0.9900355452852821
0.972604060708431
0.9664067227118003
0.9712274090559477
0.9321171233425982
0.9853776292945432
0.9615050875185842
0.9801353911272989
0.9760083569578911
0.9809892879167397
0.9467174672742817
0.962896603210153
0.9464850732714533
0.8491666666666666
0.9657738564703325
0.9554674076358515
0.9450770547945205
0.9854409883800038
0.9308215164654869
0.9777192570698894
0.9813570617024996
0.984319813009683
0.9763167571408093
0.9562541617062491
0.9782666417536164
0.9508911362284355
0.8695941555868976
0.974519326401995
0.9679956068094454
0.9635303743096748
0.9541287545249976
0.9842297132980157
0.8629266768376744
0.9713313445281094
0.969390007921975
0.941510114422478
0.9722615765211042
0.9094574377915992
0.9587786830106884
0.9108723467652884
0.9846027486743346
0.9931817441709001
0.972086784480735
0.9807082612884918
0.9579309504962552
0.9902177624059257
0.9869898767114236
0.968199151411828
0.871830590117527
0.8947992229738908
0.971220898503034
0.9311144281767079
0.9188805638511296
0.9676975147036608
0.8368272663640025
0.9584697826734148
0.9411078402033383
0.9314209595553616
0.9210822524484279
0.9680814133809089
0.9622700966881919
0.9844787219391269
0.9574120816724367
0.9711662567274676
0.9375566241549934
0.9782243016010346
0.9771688475093195
0.9813990282008531
0.9586994528074836
0.9618990587046429
0.9584971619262046
0.9777920412871651
0.9691485769207457
0.9570075604703097
0.9750227826900816
0.9682686564653034
0.9807844117569665
0.9925186719124603
0.9858172266636138
0.979425143146275
0.9632573835584443
0.9768265145478758
0.9822363542164023
0.9819909502262444
0.9726505725123188
0.991164994425864
0.9429401385146171
0.9636730172543193
0.9893768552756775
0.9892978756236819
0.9564154046849299
0.9592353306441291
0.9347157240311065
0.9836633584502892
0.9820233810967642
0.9907588799841693
0.9671683773616547
0.917128006012024
0.9804421380384016
0.9284080699175039
0.9815782388046476
0.9772128541088816
0.9732894856248947
0.9278648129582432
0.9590626085562355
0.9302168096892728
0.965053269966889
0.975470245297547
0.9852890953177829
0.9566797762300775
0.9799943381903486
0.9835465364699879
0.8270538306901943
0.9576435537817252
0.9702305548517862
0.9608817211094964
0.9780265887811637
0.9648669001219055
0.9437490990454582
0.9677243261685432
0.9746353704884714
0.970037929893338
0.975952397447444
0.9748184981849819
0.9701816885672838
0.9793146971427403
0.951582402859523
0.962289522689405
0.9646860062633921
0.986094637467334
0.9599621627397976
0.9815527626485041
0.9717822992502445
0.9709528204541804
0.9831880864723316
0.9689575948718091
0.9635286858764144
0.9893128196852123
0.9591955787534541
0.9831882142579491
0.982575260000957
0.972823939990181
0.9711634558621779
0.9637635832639521
0.965959250854136
0.9717853127660357
0.9618697595522425
0.9837501542149139
0.9852141847795185
0.9881851931226624
0.9813035462531179
0.9857015653430721
0.9667070994218294
0.9898072006081128
0.9781515284750038
0.9846372697541868
0.9573608682457332
0.9683527302485678
0.9818658935015695
0.9707348826902302
0.9779129841165691
0.9450049023459519
0.8652261946633459
0.9600164121449873
0.96428170279681
0.9270428634721347
0.9856139246417317
0.9680621607181726
0.9852007100237388
0.9848142946274211
0.9833262863123748
0.9821947816054319
0.9607309785531911
0.9367183758998866
0.9701300771835054
0.9783993103352383
0.9580644922329306
0.9840908638568046
0.9802260223639
0.979986605024976
0.9818670563629538
0.9385164933298529
0.9442115557387332
0.9839329866518843
0.9814721447655894
0.807324853140744
0.9637278161202859
0.964856524093124
0.907470529210359
0.9812962324173087
0.9547053065367929
0.9781023211565286
0.9773675179832376
0.9260604756624352
0.9736477020464709
0.9639023350561733
0.9821778907414025
0.9699532637702442
0.9591456433768781
0.9818948864346442
0.9627222873807335
0.9592593127614394
0.9739805380253307
0.9827425321525916
0.8710948752739798
0.9609554289282648
0.9801794964735022
0.9168362204301864
0.9570998358356617
0.9838166380145384
0.9590498885092781
0.9797330255100752
0.963556310010079
0.9837116250328755
0.9901760511068192
0.9795944830838147
0.9560027905848095
0.9816577444494694
0.9492336054549709
0.97681549997791
0.9772757652720224
0.9820863382804741
0.9132105434345882
0.9860102394373481
0.9596205302846023
0.9778290401127772
0.9873629521602125
0.966021841709724
0.9329881614332609
0.9787846145334665
0.9824935109617944
0.8923363491218733
0.9641829329329329
0.9667443019435941
0.9790079165060633
0.9705906114205276
0.9699093965296308
0.9568146669495043
0.9597994202653238
0.9426189308484552
0.9680782206182331
0.9715488046810813
0.9695883542967719
0.9561692021132954
0.9833283888568952
0.9893667032302836
0.9486615896024083
0.9730736258282168
0.9835556808736885
0.9629708625122937
0.9682834126788518
0.9865830538136211
0.9819284830693698
0.8217191518064163
0.9932234396841041
0.9836713439525391
0.9751724757187111
0.9659601818867877
0.9889529722487194
0.9312251205090464
0.9514308343853654
0.9931088697608839
0.9769506536980657
0.9702561466163871
0.9477378813785541
0.9831837466563459
0.9806624196234605
0.9791934230003301
0.9711485581329761
0.9698507203233306
0.9839456190536044
0.9702371513235015
0.9811173504678
0.972308931976967
0.9672306001296955
0.9043747727408404
0.9806607864373723
0.9846094717030187
0.9529992209815632
0.968050590627649
0.9858056448635407
0.9696343825443597
0.9655136334526956
0.9595364919166433
0.9596621743036837
0.9892868175669799
0.985425952018737
0.9464309572232319
0.9817021257325037
0.949165955142756
0.987253986794583
0.9762984103806458
0.9915508039284578
0.9818724164830993
0.9665941693058883
0.9560122528218156
0.9375620371077346
0.9333677486730809
0.9697682465362133
0.9451143709597215
0.9716162834213481
0.9704484615373357
0.955449823324549
0.9741113856681239
0.9755092094817971
0.9938892204562958
0.9726458096432147
0.9773422309939521
0.9782583990930837
0.9953559593366098
0.9815705767770926
0.9732253346833165
0.9797252297680437
0.9620985045779896
0.9741104355626433
0.9751635071581611
0.9772075986459859
0.9787808385016514
0.9853417094993338
0.984046908136761
0.9785572679490712
0.9829611881504059
0.9782410167227678
0.9852028943759849
0.988281620005142
0.9749700716764407
0.9851165232844622
0.9070617866815609
0.9761685162595579
0.9843541123810892
0.9704967923309835
0.9784073594697151
0.9533332080365365
0.9269834731376073
0.9738776240991899
0.9742762838559363
0.9711987805611826
0.9801632080145318
0.9817368542458554
0.9754942065594224
0.9580693790259474
0.9759775221113597
0.9558453376703842
0.9835776940514909
0.9834080717488789
0.9885855373717004
0.9846146887885481
0.982021441225693
0.9787830593525919
0.9587946276147893
0.9765898256748633
0.9766204309517579
0.9796081915263861
0.9688462918165178
0.9741335865590955
0.9484376352857006
0.8267974578205893
0.9674295343779936
0.982261484720768
0.9601404439497196
0.9851768422760658
0.9806392824090553
0.9547167381456078
0.9802558883396336
0.9476134491714698
0.9850656938467238
0.9861191575980583
0.9735430289199982
0.9891663449967076
0.9781319376669062
0.9867629572637616
0.9776095513610926
0.9907958002158768
0.9768283923528776
0.985309206832687
0.9635360795448288
0.9315003865962493
0.9617859497262747
0.9854965887290029
0.9522895298766536
0.9747990175888213
0.9928877213465654
0.9511050514659364
0.9815515336454991
0.9816708401410023
0.9616183577479038
0.9765427468083587
0.9332111586234982
0.9821588754742525
0.9920947887408391
0.9739278571957632
0.9770132131298134
0.9517729390436461
0.9863996793022869
0.9834528271142252
0.9800304262195738
0.9742822944879783
0.9317932958920561
0.9488435394925966
0.9861943738953003
0.9369235897625838
0.9611854455405999
0.9855684510114696
0.9887866366058619
0.9844964639775939
0.9747662793108733
0.9832054004028526
0.955418065994989
0.913480376074465
0.9736857440705512
0.9890450418994413
0.9854329174961427
0.959757554564793
0.9814513504718516
0.9689258404643896
0.9956389378820459
0.978410905772302
0.959706111706794
0.9710003908303123
0.980488011856306
0.8289657389359497
0.9794039107263587
0.9903782252470325
0.9863384760334472
0.9915357031245862
0.9805461141251062
0.9878287628271235
0.9776091735175436
0.9884104457288104
0.9826296743063933
0.949943043754659
0.9543793363469157
0.9751113252840021
0.9760748913406887
0.937993114330799
0.9894287445395249
0.9786712611582278
0.9473790414445378
0.9885691002854178
0.9836851895913997
0.952210820394348
0.976770747706403
0.961303602058319
0.9839448806281045
0.9637507284912945
0.9852873053916336
0.9657681659802175
0.9725267292603986
0.9754652830656443
0.9619610052969684
0.9605526462646772
0.9866749194770196
0.9787264664345917
0.9799987755657754
0.9758988285841677
0.96907619071232
0.978357566061288
0.9277880625038385
0.9947422416004104
0.9731576900641649
0.9884340356097326
0.9768434089115109
0.9664006609401689
0.9884662138005005
0.9763375021622196
0.8960068454078722
0.9744162413450528
0.9918080234217337
0.9504872359660558
0.9791588937041396
0.9851827190100773
0.9632136008566946
0.985947952357644
0.9774208320123992
0.9892279765519971
0.9777695077277639
0.9800689762056365
0.9555715658021133
0.8979300589787954
0.9303815519669035
0.9181390507989144
0.9854846324686075
0.9766482731832151
0.9602538341369845
0.9938196443066932
0.9121585621425781
0.9675021664229752
0.9705932605600379
0.9823473210088112
0.9858768981921023
0.9264112347103827
0.9873715834565374
0.9644225204618734
0.9848462576319947
0.9787213442927784
0.9888827347956085
0.9765388515138732
0.9876213585739548
0.9903448414614517
0.9875166243501391
0.9869432669483285
0.987150213375746
0.9815988243473864
0.9737044078475438
0.936237984985617
0.9733693122058037
0.9900353467285204
0.9730322882140663
0.971133792798641
0.9854280914974557
0.9863758202441413
0.9779000400025509
0.9845988920460602
0.980599822252996
0.9884100911742882
0.966886199141016
0.9755932919779714
0.9727252331138719
0.9899939508884916
0.9950089915617651
0.969780012949272
0.9498844282937936
0.9886760450962786
0.9810847156867958
0.9920555865989651
0.9824173883208256
0.9785627167664505
0.9807101750103967
0.9869369343746622
0.9649070922030443
0.9522296607284693
0.9866241345561315
0.983318110534751
0.9881168343504426
0.9860370846403437
0.9810919352405852
0.9874520870839213
0.9755705216197667
0.990516008361756
0.9735000402360167
0.8940063319951993
0.9348669033265042
0.9811185239119269
0.9875005187583001
0.9949476522352155
0.9826698413340538
0.9844403797159351
0.951264787314372
0.946128034092821
0.9472597031651776
0.9816972613479683
0.9898691356610829
0.9572517199888934
0.9714139577176631
0.9790618725289284
0.9798866207788317
0.97537892040922
0.9606123323822154
0.9044505172750341
0.9772725444938597
0.9593025883969659
0.9907059793059244
0.9779483378971101
0.9867330217879469
0.9325235145328143
0.9682171384257464
0.9912441957051622
0.968642478933597
0.9794462531763859
0.9798115746971736
0.9622744762354966
0.9708257621643448
0.9840482677415751
0.9831219331543376
0.972498671326061
0.9558433249397287
0.9745742374828377
0.967434375645909
0.9849298268137927
0.9885770985019101
0.9559486881769534
0.9635057146090302
0.9825992938354198
0.9498712179222066
0.8666819859153025
0.9916778853920656
0.9827604227909954
0.9801107954094509
0.959487200971972
0.890458586392043
0.9756729997248141
0.9758924936366998
0.9451987910923623
0.9686599723840416
0.8574371816741069
0.9601463485695716
0.9803804407265239
0.946539646636585
0.9538061158100195
0.9782544447728228
0.9754051347024731
0.9838377781365396
0.9726245199221276
0.9676020616869836
0.9724625155607006
0.9389339967094142
0.986919255868316
0.9421637670846318
0.9603866151253622
0.9780305886664798
0.9908876249833136
0.9637343303276886
0.9857202941415896
0.9271473643362896
0.977437081665784
0.9684491445104005
0.9781101267881457
0.9881943868237637
0.991197868171269
0.9623782567420274
0.9173218965928044
0.9605914294885513
0.9703553463132233
0.9910515757598821
0.9743643441954385
0.9812351650320211
0.9856919999617177
0.9729926617541611
0.9890900970587694
0.9747251638434486
0.988745621353972
0.9715356160111173
0.9823832065526671
0.9920398810002412
0.981176983206547
0.9940359324319054
0.9827126377013364
0.9949060808659662
0.9844254841642966
0.9715086555733207
0.9827997603744657
0.9655089412190732
0.9847139114969818
0.9812454648631551
0.5079220950881287
0.9720910116839324
0.9231449364075359
0.9729011163220821
0.9828988429998468
0.9851922223181832
0.8911629982941027
0.8855790795248468
0.9404491814271388
0.9788052044182678
0.9798377063007572
0.9838464970995091
0.9866452478346555
0.9798709047265824
0.9428083228855947
0.9907353405168705
0.974083910784678
0.9841067275017795
0.9625776436815549
0.9812415440096681
0.9646074911621892
0.9842641309069846
0.9944927000554427
0.9853936904100343
0.9769065358289418
0.9864056540223178
0.9923965036381484
0.9782791525149603
0.9176709825013012
0.958046646153341
0.9366577009692837
0.9716218236173393
0.9572565555509168
0.9919380990127549
0.969125639703257
0.9767456889587799
0.9911414208879671
0.9214920520993857
0.9869372836347038
0.8940454389617775
0.9341950692261457
0.9725683244764175
0.9909355277812152
0.9861739385511019
0.9751519264733154
0.9741882922697427
0.990320834615752
0.9711701959388654
0.9865875209569985
0.9599013145810413
0.9814338648651291
0.9406272444338042
0.9859994580435372
0.9699019664048616
0.9876085304177508
0.9731768167860798
0.9811177635188322
0.9913897561820012
0.9543918291550604
0.8931912525387345
0.98495674068021
0.973170403310573
0.970035495143494
0.9872614842863355
0.9376286642734403
0.9427450410520962
0.9504491944293779
0.9810857283222796
0.9458160498311018
0.9907917271235223
0.9718330840416864
0.9866237417248571
0.9866199404721083
0.9856486396746861
0.9721913952103676
0.9820669909069383
0.9928100960329831
0.9806048619198694
0.9897952821365479
0.9897250548071992
0.9918183079606724
0.9874005630667496
0.9698300091101161
0.9855792496048005
0.9805114717976342
0.9737312978261697
0.9672741903037618
0.9922940387029742
0.9835175779878204
0.9613001014969114
0.9852406326651442
0.9896670063240546
0.9812417618986534
0.9421362842778194
0.9875573580197724
0.8733274851101159
0.9858208046096828
0.9803443827931451
0.9735870386579285
0.9845032729376876
0.9718598230323997
0.9866404941029601
0.9834683230845744
0.9882348238554602
0.9618143152855941
0.9145746673171942
0.9628318320775348
0.9843783138918346
0.9878499106611078
0.9880492845167076
0.9743161766292038
0.9709363576992707
0.9813381526735552
0.9630216552400908
0.9603216879695944
0.9882092622622506
0.9880912244100123
0.987819803018824
0.9665952917398363
0.9468776983704139
0.9814329154798205
0.9717981582385897
0.9778713636111411
0.9388791998152439
0.9823170368196347
0.9773331217215433
0.959809730824202
0.9147499888088098
0.9858093969347166
0.9841032826434397
0.9818515882343204
0.985464641515597
0.9827322446698739
0.962043795620438
0.9753491319047478
0.9783090433701884
0.9876960831544647
0.960329173406378
0.961735930363783
0.9773272452166795
0.9683464140131969
0.9709584533113945
0.981610083288082
0.9798597076135542
0.981290497798458
0.9811594559362471
0.9734232176952304
0.9718987165502355
0.9872902115829412
0.9881344188463537
0.9886167441120195
0.9784097580066532
0.9904716350079188
0.9784331336469337
0.962453366027001
0.9518438073752296
0.975886346678093
0.9760317323445719
0.9635735109043697
0.9690042881818448
0.9623356946889972
0.9701233824857057
0.9814766443846824
0.953661476501387
0.9837780794138401
0.9846461191533799
0.9818875602881144
0.9925265394804551
0.9763662387955065
0.9561566585637766
0.9860837852104227
0.9620985725337905
0.9364882056461402
0.9266737876522111
0.9874667794153177
0.9917154711854449
0.9816549676759878
0.9762665356104353
0.9648273892295216
0.9542276030000927
0.9675056204419586
0.9909442819781552
0.9660758835225232
0.9872503104947216
0.9651560584414565
0.98771787584899
0.9854164562676203
0.9646103598536923
0.9811959677682446
0.918589774831855
0.9802147387788699
0.9274319184235018
0.9744904180987954
0.9812023342490565
0.9790740309104601
0.9873258274740163
0.9545353655966847
0.9703830720161303
0.9900007272198386
0.9696076893778146
0.985748127770136
0.9604540918163673
0.9736593498193943
0.9614780458096908
0.9760598536373123
0.9876869307520716
0.9827126185320139
0.9876259298352997
0.963939939168059
0.9827370425171801
0.9869678487700282
0.9820292746270521
0.9572868713944409
0.9777020663675142
0.9862704939853547
0.9763616325530979
0.9810560995698728
0.9879252941713035
0.9897929790250077
0.9896493724932074
0.9544419407781235
0.9918259851736246
0.974622519289637
0.9888178416442006
0.9878095433860349
0.9796048671424886
0.9657624348692792
0.9941670563318297
0.97983797256537
0.9543030908939432
0.9845485958776757
0.98589696339182
0.971696490020647
0.9869700331796168
0.9897628765136439
0.9970211463288278
0.9656110713148679
0.9553865583132001
0.976776700581408
0.9473263876284169
0.9550345170719572
0.98885162282498
0.9797352765876095
0.9654977992797643
0.9841577674793471
0.9741337772131937
0.9796593174044637
0.9842894115744043
0.9902513915518945
0.972424316032007
0.9881554671244224
0.9718117967001788
0.9191250412508023
0.9883700980392157
0.7946048112729525
0.9843557526484356
0.9759269268869264
0.9856741125908632
0.941281674761851
0.9802401275865874
0.9876249829197435
0.9744730589038856
0.8698690482768321
0.9903430711299362
0.9776924649011385
0.9636111539054075
0.9741083051288727
0.987563331845746
0.9875298995946546
0.9687708432586947
0.9750825366045238
0.979419323322643
0.9813666175199552
0.9882625611129229
0.987463629382051
0.9598991927696883
0.9855536187588051
0.9878176319285452
0.9876508516384869
0.9908219085567637
0.984225679741837
0.9698528940794671
0.9218771322838818
0.9735974505173234
0.9798496440247606
0.9860997350036136
0.9753070088409728
0.9568097172845776
0.9687546271882541
0.9771078875793291
0.9603278875814006
0.9855613159552304
0.9664052936311001
0.9759427254450056
0.9871580797539273
0.9513140880787386
0.9899512182981159
0.9873700807671268
0.9889303694213966
0.9760528291990989
0.9840828106134228
0.964333283745775
0.9728959799973357
0.982927301991253
0.9886204435515846
0.9381365873904346
0.9504717194263458
0.9873246009408723
0.9774636932405273
0.9858190985218387
0.9828122560018411
0.9923568143466897
0.9894603897872762
0.973157830591103
0.9786191972119433
0.8583463764614431
0.9760136759442278
0.9790021571129667
0.9776361668870988
0.9635317398211533
0.9579314196358762
0.9903548458325699
0.9721496140951894
0.984669081663648
0.9753504062336675
0.9791315650122755
0.9851059900361258
0.9787467042577075
0.9837505313961339
0.95701334099696
0.9887367428032361
0.9730037166347562
0.9926617203802458
0.9860358056265984
0.9862639094370965
0.9674152520220767
0.9537487359753455
0.9842518280720528
0.9805109730835213
0.9842507347856155
0.9830324074074074
0.9851542885794115
0.9851312856995262
0.9502354001075285
0.9891809229554248
0.9874799780715858
0.9909995262908574
0.9874474519349878
0.9884462115063696
0.9848126679835497
0.9786523316520662
0.980665402232501
0.9904261390254082
0.9865570134623736
0.9298169838758731
0.9912335598926875
0.988193284738933
0.9817234735441087
0.9811052236706368
0.9876622203875229
0.9697643632512576
0.9731212587117871
0.9831101505710083
0.98645933034179
0.9760433249629583
0.9932881877081884
0.97737024541295
0.9897060533144403
0.9888305547880016
0.987758831431303
0.9876479001430243
0.9840904884425988
0.9748200371904127
0.9746045858009378
0.9833160887746691
0.9815096476230655
0.9618294044575058
0.9433719433719434
0.9800933178938764
0.9855391655400482
0.9894231032250417
0.9766132237975355
0.9678177537279524
0.9703076371238587
0.9631855134723619
0.9810150102997384
0.9461864961388157
0.9640036098039896
0.9741316849150876
0.9749813644364543
0.9797036807198541
0.9712308408934631
0.9861548748563262
0.9853021765706016
0.973964501808748
0.9848635536688902
0.9930815054168443
0.9773263094261411
0.9929243830103054
0.9471344813825705
0.9874905760478039
0.9764851880652343
0.9733851158862608
0.9780914501031729
0.9871048878005759
0.9627209222891584
0.9839769519749407
0.9874574470295281
0.9881662276810944
0.9805157233581273
0.9639402650927316
0.9667805999923762
0.9051043833847479
0.9858374240223275
0.9712354631053818
0.9815615336015695
0.9848409460311142
0.9608524870528478
0.9939829146045456
0.9780318076380782
0.9871196658044741
0.9749760342951929
0.9867619362751806
0.9933054127799987
0.9804933924508057
0.9909413692643846
0.9886671211912836
0.9887322587246746
0.9886711720081329
0.9898527012474406
0.985215345722433
0.9747790522752915
0.9830582983903693
0.985897435897436
0.968770161206405
0.9440856985533363
0.9672700719610868
0.987222583130637
0.9724549455442676
0.99407313172866
0.9773905606927147
0.9771579340176493
0.9836728182978306
0.9125691680419377
0.9853636911325065
0.9621583084745127
0.9754102316602317
0.9881031986463463
0.9839461911862686
0.9919643336036811
0.9868176548728268
0.9676098838533363
0.9765123886473698
0.97149534401547
0.9749768152755379
0.9836199413338325
0.9921785139176443
0.9818144451081664
0.9815337667333938
0.9259911894273127
0.9917450196861961
0.9791289343929793
0.9317844340117892
0.9910366569821352
0.9807229215280743
0.9752831123348271
0.9866782877696075
0.9866663877937316
0.9784037019702041
0.993256624046635
0.9752705883632055
0.9479933271409533
0.9729007461321564
0.9928231921441152
0.9905514924828578
0.9862498466223103
0.9871621369178335
0.9767887460586951
0.9444960015080441
0.963186811536301
0.9912089083978919
0.9827952734166497
0.9672832000717203
0.9832762892920185
0.9864388776206635
0.9680507826613005
0.9888050377330201
0.9890251397465539
0.9823244843076276
0.9717569191014802
0.9887640728806142
0.9902416843415232
0.9783932126084688
0.9749724558986278
0.9875351967584644
0.9844764144050798
0.9857682937074687
0.9842430314747991
0.9670082616014342
0.9692053112621393
0.9903184694247203
0.9828477788192386
0.9788140881799182
0.9866413728209567
0.9868355121600092
0.9584307970341128
0.890973677019765
0.9704898811833772
0.9770305245536504
0.9892153247624927
0.992077014000496
0.9182001199012516
0.9842675129195049
0.8803679381437324
0.9921243732506942
0.9865141201319244
0.9893530729535972
0.7837654733215257
0.9841613696075938
0.9922336569309612
0.9866716863005496
0.9794577549310446
0.9825885403944026
0.986570420551601
0.9879623771288427
0.9913571727547315
0.9755844079083467
0.9853603852763089
0.9820549340796051
0.9838806204991754
0.9763361260103137
0.9919479405554122
0.9748296971462549
0.9830169556523406
0.996467608053503
0.9849235003298317
0.9917235315480628
0.9673663736159702
0.9702897565359284
0.9479225473881469
0.9614625839971083
0.9918582890765967
0.9840602587224796
0.9379072653131758
0.9810727805156775
0.9909762040060777
0.9514621046349712
0.9816726525882016
0.9838882101405009
0.9792849300348074
0.9630779424567963
0.9642080151644067
0.9530317237399816
0.9886195076793304
0.9866123399301513
0.9299684835001854
0.9850460507154691
0.9670729532076818
0.9824198365492609
0.9951184354767398
0.9917301324503311
0.9807623136276614
0.9858492987755312
0.921291952748518
0.888574332718443
0.9761412017472492
0.9607166515181859
0.9516385451515164
0.5927696279504291
0.9845596327215732
0.9821026732161776
0.9870909065271648
0.9860875796443709
0.9868825006977393
0.9686349109724547
0.9767500427223587
0.9815462294717822
0.9904927843642286
0.9897308465036074
0.991830540217637
0.9576804323293964
0.9818224198273043
0.9843654306654089
0.9907658429673948
0.9886736897206045
0.9889075212221384
0.9879672168546334
0.9609148720342221
0.984376894781519
0.983220999026436
0.9789716694687711
0.9866992604788827
0.9752729731700688
0.9674081652859831
0.9766053805704998
0.6066301778828213
0.9821843645383089
0.9872719989956298
0.9753523430174663
0.9883539424746987
0.9838969517162874
0.9359066670840769
0.9864078350949368
0.9872444408501381
0.9570697941476692
0.9885880319330407
0.9696468428864391
0.9798308922220365
0.9732875649773579
0.988413505213294
0.9721977166160936
0.9841238871545843
0.962278747369724
0.982168433113721
0.9885419669929701
0.9553017508068427
0.968665578364947
0.9313105128700543
0.9842947713880809
0.974134224725381
0.9804846021231203
0.9792944601284399
0.9789252156386163
0.9759186389126508
0.9907282947394147
0.9767069786358525
0.9565371467435076
0.9698498972013126
0.9601831048527592
0.9841519551628899
0.9849820870677073
0.9947185211859321
0.9779926001964419
0.9928860845628035
0.9853814127288941
0.9446527636890228
0.9871266551443386
0.976750894399319
0.9883521333987249
0.9831336548934184
0.8889433170048985
0.9790528993793928
0.9626400427790748
0.9863561371351838
0.9723438385738925
0.9784925976266307
0.975420415645635
0.9895939168719583
0.975080762446379
0.9756983864275716
0.9932907936313158
0.9987339323708875
0.9558474193611717
0.987484774162844
0.9843921876552313
0.9921733237139546
0.9835507062634289
0.9767635414358786
0.9837200267856198
0.9615344220973586
0.9785429671771132
0.9812733543708451
0.9756621331424481
0.9031669437573496
0.9903984950502426
0.992583184783469
0.9841022343097137
0.9853970042729023
0.979395980584674
0.9883404778915614
0.9780180249625818
0.9308346866964406
0.9828044825041616
0.9884522830020083
0.9879592348174756
0.9924436452730928
0.9865736233376321
0.8975169765960691
0.9911555969748019
0.9774835281421748
0.9768165216017383
0.9432650896361515
0.9824490884108201
0.944326910286086
0.9672993943615642
0.9066205467099153
0.984910448993067
0.9391105946973698
0.9877867025697213
0.9772955164016617
0.9673447542248527
0.9877243934803835
0.9748447814543538
0.9765501691093574
0.9875805597530577
0.9375357433103573
0.9782095408145285
0.9787949760994918
0.9721645673305772
0.9962626663354479
0.9758043316760958
0.990998990649792
0.9863238000187131
0.9832898002536118
0.9886956033200567
0.981699017359363
0.9918638673579385
0.9789503541864163
0.982422513037489
0.9704155483403007
0.9858541057921055
0.9844818117017423
0.9832051388196142
0.9847061645835387
0.9804318945254694
0.9783850579369581
0.9932664157256378
0.9759852568232041
0.9839290136194799
0.9322919619251799
0.9814947389228883
0.9912419905810087
0.990202662738828
0.9533078945238617
0.9911628055497901
0.982733474388734
0.976588764555893
0.9827038374298764
0.9736989946777055
0.9901324544656969
0.9804987393874778
0.9885110420505486
0.9865336587580883
0.9910633621834534
0.9587230709543295
0.9889357659746864
0.9601085141097305
0.929265003879502
0.9776610153964941
0.980473602650194
0.9844489209806417
0.9896510380513662
0.9874774257860321
0.986435383579161
0.9605673849837524
0.9720617479736193
0.9788642697057106
0.9639898884539397
0.9721614142331998
0.968891658627784
0.9785111075251466
0.9908037063706212
0.9822608608256489
0.9940021645756263
0.9925539178834256
0.9629499531647263
0.9769620889647938
0.9801830749112647
0.9878508266051519
0.9803837613520806
0.9770376624551458
0.9655367819079802
0.9758108924853939
0.983259119393998
0.9811909189524253
0.9923356964935811
0.9907281360166612
0.9896409020285478
0.9785838205468043
0.9605109138307176
0.9885074519842326
0.9955564268444096
0.9862891108665542
0.9941710628095477
0.9879505459263792
0.9867527927384364
0.9919427176537265
0.9535864622963819
0.9805272831241192
0.9523474086144711
0.9928207707298674
0.9885237036591961
0.9686560969050709
0.9801965230536659
0.9874200133774018
0.9836371197218965
0.9847146713729127
0.9891874531634729
0.9853724223153695
0.9906110352489813
0.9824834970632569
0.9812592592592593
0.9768587716399986
0.986850344395742
0.9754032441618743
0.9792228818132758
0.9896334754504195
0.9960296546150873
0.9853764864939436
0.9818542378321373
0.9856454285283929
0.985593420122063
0.9810616592828764
0.9831263742424907
0.9850259859597692
0.992632212815699
0.9697558983630085
0.9900824039519383
0.9875868427995427
0.9502069820411515
0.9708051469954943
0.984297236008405
0.9397549843862599
0.9833447679418671
0.9832597853761992
0.984321082252226
0.9892976396433454
0.8632545931758531
0.9852547347516902
0.9838247639488693
0.9789656342289531
0.9819715158556
0.9146822709822089
0.9658892846605202
0.9599532143661942
0.9799388805075239
0.9934580001202573
0.9591773449965753
0.9462482120587918
0.9860139312009782
0.9832412816351481
0.9776845295993847
0.9910098037886287
0.971105628139434
0.8855640814592571
0.9899677827168549
0.9370774699199766
0.9651286669118673
0.9882148300164798
0.9877532987836231
0.9862453748909351
0.9858900523560209
0.9693894561366951
0.9859924868304667
0.9846328596309665
0.9505200833151671
0.9933227493462832
0.972540950557583
0.9395111611578459
0.950693429074758
0.9794681137823529
0.8531172456575682
0.9895644424640748
0.9960386790984103
0.9963955024478304
0.9589693052311177
0.9777360721906574
0.9835733774546841
0.9812414621551443
0.9346995808104331
0.9928118244195883
0.8907359233461114
0.9858902501254984
0.9826264987763695
0.9964414068363842
0.9769538691674046
0.9785689603756527
0.9964427637482374
0.9607268722466961
0.9903882249710392
0.9846943390158684
0.9875987400344293
0.9773050136383147
0.929287060524041
0.9941672088326508
0.9742431203294318
0.9671024217183403
0.9866403389279778
0.9886186894441611
0.9847057535165816
0.9772621712878159
0.9846746655021584
0.972203951468617
0.9850930266059418
0.9936405983822285
0.5849590711374456
0.9541209906617946
0.9634911564987443
0.9846382428940569
0.9902627364589572
0.9566100538500439
0.9840317416121398
0.9839134603045194
0.9812181042416129
0.952634492403164
0.980274232425811
0.9921665343217662
0.9847757369668814
0.9617254538398516
0.9789093422953443
0.9781088170932272
0.9701693046323334
0.9791262660295154
0.9709448444504822
0.9683779673502364
0.9754153621662557
0.9918439962108084
0.9718728944776047
0.988463312277578
0.975003056766941
0.9845863535460349
0.9914699559165236
0.9820013615659412
0.8025399796407579
0.9845148507968509
0.9855087155276865
0.9611349884069446
0.9766067640263507
0.8756083757781551
0.9913516794052383
0.9850062823528831
0.9776014947852077
0.9889629311707967
0.6024084062546596
0.9663034646326377
0.991492354602105
0.9536820376272508
0.9833935639304767
0.9752595595471639
0.9364190130669772
0.9822543647253728
0.9850258107735351
0.9890434479230572
0.9671381142689298
0.9879375297172744
0.9396658166843331
0.9880903179327735
0.9778044343676676
0.9914935281101298
0.9885187924668426
0.9883164025222301
0.9647746210219857
0.9656452631202773
0.9315792851715435
0.9863835876237146
0.955300292326808
0.9673647379973972
0.9862006079027356
0.9709737130151235
0.9842421104452781
0.9905100274251502
0.9683335772058267
0.9873242497842358
0.93180567395785
0.992091317073934
0.9635227691650983
0.9787024801943722
0.9665618229137731
0.9723823031547945
0.9838693953460469
0.9916487218894887
0.9625408524610053
0.978761202385728
0.9654991610738255
0.9787468315230482
0.9808955054907732
0.98886493130423
0.9868645420498167
0.9895428543366025
0.9918232376371562
0.9918702985562772
0.969901687409792
0.9810736500903914
0.9458507664358803
0.947697906183381
0.9880624545360075
0.9780379763305739
0.9877808482881989
0.9874560042702965
0.9788023050060725
0.9793197837541915
0.9646210013908206
0.9674754008433997
0.9819336914383212
0.9690545222369922
0.9898659088890862
0.9621334300002959
0.989189207853103
0.981615509824439
0.9906088870864955
0.9926333368866148
0.9712542254013544
0.9939427312775331
0.9675116585370913
0.9743891699264751
0.9916553680379634
0.9748609912815779
0.9838517663952282
0.9474786924594699
0.9886570777030766
0.9869427047163079
0.9857556694492535
0.9741018280331556
0.9457259773669408
0.9869664924000016
0.98982735225581
0.9880911058799771
0.9759734173979723
0.9923806704538459
0.9879819970053214
0.9679458814166335
0.993542978209761
0.9747774420040647
0.9489633686749409
0.9482548564398674
0.9886910939038344
0.9777211136478192
0.9885002696229042
0.9937692253553198
0.9437807927930384
0.994876151301082
0.9888472884048105
0.9836657891896711
0.9945058716137843
0.9882326924752223
0.9935777361519936
0.9865221908861511
0.9821259564064668
0.975878240418751
0.9885655514550185
0.9873341561723755
0.9827236503482911
0.9723777289424296
0.9744665838582359
0.9823154558706558
0.9938245251734991
0.9882842171376486
0.9850972290202462
0.9882526731132274
0.990958243220762
0.9549463202944564
0.9748358789299173
0.9800542574742237
0.9727870719535107
0.9887334204903446
0.9626689197718394
0.9801097010426011
0.9686973787204796
0.991597598269731
0.9718354497242705
0.9695543119495903
0.9643749251089953
0.9922550462052206
0.9724023127031718
0.9881811330890966
0.9896450879730438
0.9891226105734624
0.9794725685359851
0.9267976766307098
0.9828745804915016
0.939589453002868
0.9716099746622447
0.9801238646689149
0.9784100971315459
0.971816544963489
0.9882775938082974
0.9667757936507937
0.9904832931587849
0.9588781905656972
0.9881774652816442
0.9883112437032328
0.9572834176375472
0.9688585767597477
0.9797340214865204
0.9831120152109474
0.9772640254016798
0.9731624626008702
0.9899909140468836
0.9814583859774968
0.9812786062306216
0.9908485531541205
0.9852872396352628
0.9852555172228235
0.9921345186017024
0.9068286895257961
0.9775788739217194
0.9524635556261148
0.9739959868984036
0.9781029816831713
0.7840631460251832
0.987305383965504
0.9847697170355251
0.9802706392301768
0.994778181908927
0.982225550770767
0.9867449285645177
0.9871357388694421
0.9860325437938514
0.99138275610731
0.9844247975011912
0.9768811355125999
0.9618229835414964
0.986402040954903
0.9812625880594567
0.9848706255826258
0.9889595921941239
0.9946589273955564
0.9663109798567966
0.9589045202030294
0.9773457866758204
0.9881774254481641
0.9755466936695035
0.9863493054872284
0.9810213193485106
0.9983670856992812
0.9759745117581963
0.9915787577267758
0.9874290054576721
0.9744446463497795
0.9277117492208066
0.9923722569740396
0.9880125656779072
0.9817946594332596
0.9889317735121366
0.9945948741821191
0.9847317431645556
0.990202361064294
0.9809074317494161
0.9949413610835811
0.9633625073283959
0.9861450385279221
0.9799179679134427
0.9867068197926478
0.9795092129451498
0.9909663147169864
0.9898519811259776
0.9886902493049687
0.9422591122338506
0.986617108513271
0.9888141990754485
0.9717569099695091
0.9898797789932532
0.971891343955115
0.9898407621597833
0.9598370255092216
0.9631661006533939
0.9632785714092423
0.9911830843206442
0.9834545174472239
0.9800543461101289
0.939074209825845
0.9783230345947409
0.9836384704519119
0.9567511354849032
0.9906486289852597
0.9782037259191306
0.9892385657958875
0.9676311139066104
0.9865425090885899
0.9815100154083205
0.961714418821337
0.9881264662248528
0.9901488007689996
0.9898206255867965
0.9749134905637225
0.9918564232080057
0.9764817428358136
0.9900575911481951
0.9666307400701896
0.9614252534009783
0.9866612696517038
0.9696617193423417
0.9883138028951841
0.9703131907368994
0.9912185690569705
0.8821298661094342
0.9885527951330898
0.9948298302525099
0.9970523212969786
0.9717504737347968
0.9749716348386417
0.9923693281691105
0.9706040652734039
0.9909958048636296
0.986600372297856
0.9788234904043617
0.9879691084531461
0.9172706365277307
0.9787236382936011
0.971282565164765
0.9809824169101438
0.9791791903980763
0.9716001039872616
0.9634660643658391
0.9841743865301721
0.9617919612006535
0.9884084417645193
0.9916471786468202
0.9851261021027492
0.9826168395084289
0.9764297408682888
0.9438079650845608
0.9835980605249958
0.9889422819612971
0.8988580750407831
0.9496613076484139
0.9753104769454354
0.988788211605345
0.9936096217393434
0.9423372572319804
0.9480156392442348
0.9968986202893874
0.9916411274519252
0.9795143611900103
0.9912095696553056
0.9905039016765963
0.974034249530662
0.9863530172956589
0.9762047870919485
0.9830358196579929
0.9946602759182837
0.9950494457245539
0.9817517158165734
0.9860228143739573
0.9804556180795062
0.9872885282442365
0.9863064184568513
0.9935987509758002
0.9800652056494209
0.9153568186268402
0.9671494559506603
0.9760477982376464
0.9837587851862641
0.9030317081486533
0.9866812090212744
0.9845661828644128
0.9914586036026456
0.9785403250536645
0.9763828963477376
0.9902085855059943
0.9695514748757439
0.9718299278846154
0.9859206660137121
0.9814068929894625
0.983986907266892
0.9898956700299291
0.9780718937548617
0.99183202410836
0.979740976324166
0.9909714954214832
0.9916691901038115
0.990277474089299
0.9805319726308852
0.992657595684371
0.9735755016789396
0.9884975926293784
0.9886221134730081
0.9879631438561797
0.9843284808854956
0.9805492721951719
0.9679315694578389
0.988394965299549
0.9862882750022806
0.9787011636653246
0.9919050168746537
0.9931664576585972
0.9767209077782995
0.954157800718382
0.9790832101088855
0.9840059326365158
0.9890161166332652
0.9889386317133583
0.9340865335900294
0.9731551094336568
0.9856601460507937
0.9880368902000896
0.9820553662519911
0.9906358215683462
0.9932184771070434
0.9475416786706311
0.79836419013723
0.9714170240474213
0.9769883537192018
0.9655610707515642
0.9854042625337841
0.959907193374399
0.990933998694659
0.9907205290168554
0.9853581515769653
0.9897908677892631
0.9882126517611418
0.9939991691508447
0.9913442510977746
0.9868477717442419
0.9858549857272609
0.978741927744814
0.9875534977490368
0.9226656843907732
0.9885828077055028
0.9625830270744125
0.9880706198624826
0.9841822287090054
0.9766798149742091
0.9760994492299973
0.9624921438026453
0.9955561274825205
0.9891646387768124
0.9842605558305562
0.9734401959483102
0.9742451013884207
0.9868213261925606
0.9498762206652112
0.9892314943629743
0.9916340768117811
0.9794843083719361
0.9663404311598995
0.9858982649802737
0.9908040789269544
0.9761409775903802
0.989832096837173
0.987644561557605
0.9564752744583698
0.994301941854034
0.9902863042854321
0.9824925264083115
0.989699447859152
0.9822644844857567
0.9899747012595543
0.9877045187882356
0.9907937932018841
0.9915216959018517
0.9810266995670004
0.9204574778251509
0.9866724865415394
0.992271421338685
0.9964418292658427
0.989203541341386
0.9876213793411246
0.9898220539131851
0.979095196025563
0.9835397108393459
0.9949557224526399
0.9814461333177458
0.9899656522326049
0.9872648207312744
0.9924431810065283
0.9642969652420456
0.99895310178963
0.9793317258008957
0.9781183778268621
0.9939433775165801
0.9815979792352981
0.9685122157919305
0.8960263201970501
0.7377217748963018
0.9768861753161797
0.979099357159511
0.9922136320941164
0.9833360704362719
0.9246292813264343
0.9814463960474805
0.9897542669980414
0.9860704429580429
0.9923588497202833
0.9640725114889589
0.987155783759843
0.9908774613206041
0.9908837708019144
0.971623238848219
0.9791275251363073
0.9583412458942601
0.9726488354072224
0.9671659535378843
0.9961862447020646
0.9759892391563968
0.9842678504534763
0.995050587370053
0.947124519841975
0.9943617333463758
0.9883120327338857
0.9879352148191252
0.9748196363350381
0.9886991948782617
0.9881295723992906
0.9629419198623663
0.9910640999829645
0.9778892086757855
0.9769108036388039
0.9937190405707224
0.9882041685698802
0.9669414552275645
0.988401808531551
0.992181209258433
0.9912728635011995
0.8561640239420351
0.972668709067698
0.9895230982609623
0.9824656168197117
0.9901250400769478
0.9851909419574234
0.9831754865023677
0.983473815497748
0.9943962918672109
0.9892649448806563
0.9907427833102231
0.9888219240391176
0.9783303977009363
0.9893279681588558
0.9619696890240704
0.9798709997102533
0.9891008338918779
0.976379846426056
0.989985120146899
0.970353915337052
0.9896510973281681
0.98422494339328
0.9880061131496102
0.9616012317167052
0.9855329760616995
0.9894161050182527
0.9913643641069458
0.9349545274812179
0.9955711516050982
0.9806667716400177
0.9769376800908958
0.9773468629353593
0.9616302231625384
0.994137471642644
0.9931692653421569
0.985363213504122
0.9911060363754641
0.9902147236215857
0.9842670810355548
0.982334242387396
0.9678785068750333
0.9830898075552388
0.9776297472168084
0.9907840134570066
0.9888125939699952
0.9863434940244393
0.9922098367775325
0.9770437881175906
0.9803296197949889
0.981694081445658
0.9828636947120477
0.9975321486245539
0.980551301684533
0.9907622507839653
0.9954989898301039
0.9898922269497419
0.9889339945108887
0.9951652232405617
0.9760355445949297
0.996709263423463
0.9629713147485225
0.9418591836453555
0.9822850260770108
0.9777355885398689
0.9943698806777937
0.9791831713459446
0.9884577622128936
0.9870851204354296
0.9913854078506271
0.9920819577826551
0.836343732895457
0.9544436426733182
0.9500290079288339
0.9839601529457797
0.9564896842154932
0.9884455951413659
0.9823810580994439
0.9855572117152868
0.9809497986162612
0.9869086181601615
0.9833573900148295
0.99049239978872
0.9868915402226931
0.9870091575395356
0.9789786256811829
0.9893755509060739
0.9939175586647735
0.9654311526045658
0.9657655280826003
0.9670939117574563
0.9916855400430985
0.9875204380394692
0.9908886805042108
0.9781109726749843
0.980833326720259
0.9925290490513264
0.9907847922608721
0.993609088476056
0.9895537558608479
0.9882404033795446
0.9916149747798783
0.9881008564111277
0.9580779602843834
0.9894419465749802
0.983075109104311
0.9839290524026615
0.967610974793665
0.9905720800348423
0.9694558871314319
0.9888930290327589
0.9697625365204331
0.9732076882477129
0.9973384410470503
0.9890927888343242
0.985887168195852
0.9947809073191891
0.986016865989067
0.9873405964179952
0.9715131966890427
0.9798401969446137
0.9838674737177445
0.9967588721564706
0.9738164378881687
0.959962242006347
0.9897632452343621
0.994576650163134
0.9852403789343197
0.9265922249793217
0.9843176585899569
0.9778283601221227
0.9819565509375718
0.9833317792903796
0.9826062390495247
0.9875217694953013
0.98560496303726
0.994215567722504
0.9870241440894543
0.9899260337092276
0.9714691254156579
0.9541342204077519
0.9926136452363478
0.9429525032092426
0.9846499431080438
0.9249139663256115
0.9889471379338796
0.9909320408790946
0.988560045115315
0.9508063537438816
0.9882249651396994
0.9784052886333365
0.958990414222933
0.9722464330731252
0.9813996822520578
0.9829032014962696
0.993388925788706
0.9847433908308235
0.9486834758916408
0.9916404066829181
0.9841828389549534
0.9831540812860863
0.9732920876426672
0.9868978405315615
0.9848462661651681
0.9843336617405583
0.9631182407569204
0.9440716256658636
0.9887282249800752
0.9735993713786342
0.9655683246543365
0.9838480270672155
0.988780544543419
0.972834642554841
0.9817454217350622
0.9760535151877977
0.9920652430066336
0.9894478785613201
0.9810163156614129
0.9874027053578176
0.9863044785268841
0.9507401735579377
0.9922470579835044
0.9870984618115404
0.9950504565112926
0.9988357305343101
0.9942575610980309
0.9928789188697275
0.992842641018684
0.9333118345905425
0.9940831049384005
0.9836235335887688
0.985560942041007
0.9903134747517828
0.9939015490600552
0.9878443770565843
0.9321118484520712
0.9819672498062574
0.9650783082873629
0.9824306920324247
0.9773671218797125
0.9711422941996252
0.9946280202463949
0.9914265522463402
0.988487204260004
0.98113720134514
0.9817823807306891
0.9876190755915841
0.9862886654179774
0.9836434768799897
0.993623546235574
0.9881741868683843
0.9936969023762549
0.9955591342001985
0.9781680875604483
0.9845710457852347
0.9930863008473186
0.9878299105223285
0.9898929652879358
0.9802487892887665
0.9848917753481851
0.9817677518396264
0.9910862171869317
0.9931094614723228
0.9865719056734411
0.9909587336976498
0.9889569070557973
0.9922709531635169
0.9862234580384226
0.9895522388059701
0.9942959848073792
0.9888471581858356
0.9910955457646105
0.9869820974834376
0.9920151578588815
0.9973072490080681
0.9895005888691207
0.9828175869736945
0.9942319532091735
0.972735771018138
0.982593138523511
0.981884670756005
0.9803564713845229
0.9868216998521097
0.9799539094514482
0.9883696981117193
0.9876951006073047
0.959236638915796
0.9433464625816423
0.9910000128387834
0.840675534083812
0.9638207689978807
0.9895059695550236
0.9909092138643666
0.9863943638375949
0.9808256930309635
0.9559862350266511
0.9857556282181381
0.9901538414531678
0.9878953185723963
0.9822886867861275
0.9627049817539944
0.9532418705890113
0.9935615416280745
0.9783538252323739
0.9593371728648792
0.973734218354503
0.98860548932631
0.9903817959682346
0.9683837687498514
0.9799470096624814
0.9173690792216055
0.9777793701137808
0.9780624978167295
0.9851192863675015
0.9892658227848101
0.9640617384497137
0.9849550375216646
0.9887283430329787
0.9827101983500087
0.9956155171478751
0.9077656102525614
0.9493230561325359
0.9790288213524728
0.9861019556141507
0.9911536918757136
0.9812557240702358
0.9409181795178392
0.9912150064423286
0.9881275216614855
0.9699728995992396
0.9759100198743118
0.9414569705911133
0.9813545660415982
0.9864529625621281
0.9959435534263695
0.9443210982040515
0.9904487021665729
0.9853708718476271
0.9936483076655356
0.9867907411914568
0.9481901221695868
0.981905823491372
0.9927882104498286
0.9761528526383387
0.9765815441278222
0.9827723384520252
0.9725802244957212
0.9862393951459412
0.9867381730716118
0.9888122155336955
0.9649655901322348
0.9917491931358586
0.9926685192551513
0.9706089691448403
0.9917225042453011
0.9897255582446687
0.9870862507657673
0.9933754307289004
0.9867294652645255
0.9833397521246199
0.9908326097168643
0.9883202791894437
0.9865028527619291
0.9850780052932163
0.9798226006342645
0.9957452783451624
0.9921765357454752
0.9901641354010967
0.9910104999309749
0.984789557805008
0.9930233974256742
0.9325968396028528
0.9933550242272036
0.8950688456653967
0.9843738822260161
0.9646499772053416
0.9887779418585434
0.9747755821853452
0.9868730346523864
0.9907456408168804
0.9825732616611756
0.992763082698173
0.9797619744848604
0.9729166045943449
0.985302723953301
0.9872558923147369
0.9858157184474837
0.9369980521785854
0.9924130522357997
0.9907496439446993
0.9604847207586934
0.996727376209448
0.980056839243791
0.9940154107257926
0.9933488103284454
0.9877884675589149
0.9809086133699986
0.9876758639409738
0.9815009727936721
0.9744003285359616
0.9920014946328253
0.9921576922375595
0.9933035075502475
0.9905815166744988
0.9858600726130899
0.9779059129289598
0.9799069803798952
0.9506126484505474
0.9799747439540687
0.9920841430343752
0.9689532659196501
0.9878160048286801
0.9868076222626927
0.9897303562905502
0.9823681059453546
0.9921684654360768
0.9842338656408295
0.9608618619209796
0.8010912639524365
0.9892150844377039
0.9963992895895677
0.8301102043329252
0.9911654956802367
0.9924232675573857
0.9883842956232353
0.9847679070920228
0.9686248016280062
0.9822714054976674
0.9889675498601029
0.9974767321613237
0.9942926829268293
0.986982200972317
0.8681960375391032
0.995384197664947
0.9859076614557222
0.9851743759134892
0.9899369945877857
0.9741813282522789
0.9937491197673238
0.9603684625580966
0.9787435140250587
0.9868652755629168
0.9769209209209209
0.9281369769815172
0.9878461456690821
0.995125974805039
0.9900419755291596
0.9911049600299865
0.9857818556341599
0.9942028985507246
0.996048843442867
0.9724664535946574
0.9863535076510737
0.9851077347564849
0.9920404024763192
0.9815984856838313
0.8939892637435837
0.9884430341591758
0.9269332721827747
0.9918510439950041
0.981609025657739
0.9905537131946538
0.9716582500257652
0.9852980026299152
0.9864402447484965
0.9464387160914642
0.9173932996787517
0.9886733682571145
0.9755502709540869
0.9803463877903869
0.991525669419175
0.9635256986581701
0.9594195100808561
0.9908041140141342
0.9943200913694116
0.9714403644558158
0.9864664856519193
0.9667130496267456
0.9915123071546258
0.9885909353946454
0.9898190141143559
0.9611325383394336
0.9565549433049887
0.9843389830508474
0.9860584984164441
0.9912144516686778
0.9681478909911474
0.9920038203727044
0.9922928248895014
0.9884706932460577
0.9943229793091465
0.9806131144599928
0.994375315198485
0.9908582442084577
0.9943774302809831
0.9774743358445107
0.991720141263332
0.9677999902719003
0.9838709227183273
0.9888021182200017
0.9810872256168227
0.9813407942358691
0.9927136601022739
0.9737006736080465
0.9788302846470721
0.9915043780331682
0.9911293944249455
0.9938813884499609
0.9856230409840913
0.9925371136366679
0.9969191840356224
0.9850699025564871
0.9669917887962493
0.992963136468306
0.9770977849933584
0.9939428003400207
0.9908433538055098
0.9859435783451688
0.9852563235493034
0.9837732043529135
0.9946342796272903
0.9942490849698925
0.9792076615165912
0.9902301133159755
0.9719541937782217
0.9835895577863707
0.9844505119185183
0.9848806346436784
0.9847821570424686
0.987633718113373
0.9904015293064284
0.9566473766203408
0.9181047300213911
0.9850953285053263
0.9870687773109103
0.9743318155110202
0.9850851098991902
0.9890856672158155
0.9888323473169889
0.9825131151636273
0.9261320750854081
0.9720113332185402
0.9944328604610198
0.9003644378280665
0.9882719734090294
0.991655092773209
0.9786218504283166
0.9740044811080558
0.9787280657267471
0.964574513699747
0.9844662130256551
0.987089690087602
0.9236863169789999
0.9866629124383712
0.9845394675122427
0.9447627328834662
0.9942291934917477
0.9722165992428182
0.9895385551262894
0.9854185946775613
0.9954035381037576
0.9948913102995127
0.9937747459047327
0.9944855263646836
0.9879295861412384
0.9899138204368678
0.9671450955813224
0.9892879647132955
0.9254959125920907
0.988801600745802
0.9907693457866095
0.9841058264303789
0.9770604501041856
0.9761540020263425
0.9592451082551812
0.9867974095208768
0.9847439157282964
0.9844902146918659
0.9856096695450195
0.989796331279537
0.9854525219603323
0.9935032864872717
0.9893404855236916
0.9848233777395788
0.9944615897616694
0.9848959400083421
0.9919907649299555
0.9815332669476778
0.9939005041779784
0.9756521378294405
0.9839051531701466
0.9888900065944629
0.9745809324253536
0.9813581082013833
0.9710660198769522
0.9828302872062663
0.9957993584094685
0.9876234175562018
0.9972048857066279
0.9945474764858676
0.9938812325294156
0.9890911521579288
0.9880253891838066
0.9732562839515495
0.9955328258146225
0.9592844281814485
0.9907765837633891
0.9861196139482418
0.9807527380600897
0.988965266231564
0.9866790541287853
0.9842824349661018
0.9608266361897371
0.9852577602783628
0.984249352389339
0.9874198839613946
0.988424856738251
0.9689445286328556
0.9836059576267052
0.980777267028834
0.9879312318209978
0.990197833275906
0.9939431079694447
0.9939080360979803
0.9919441762122864
0.9897380037837528
0.9788946011763198
0.990166133820507
0.9897227533460803
0.9905100513259196
0.9760588829792665
0.9883366076026626
0.9804748790666484
0.9948405107790932
0.9578706497292468
0.986965469263482
0.9897493862766463
0.9927764305247407
0.9933983764338048
0.992367720314649
0.9872485822842937
0.9881111126707185
0.7884721304252038
0.9886568692455538
0.9936268603757988
0.9833520908325614
0.9885505705019629
0.9889633247214132
0.9955712256615018
0.9960726209093225
0.9907120438664835
0.9925494966936798
0.9915830945558739
0.9831272920223714
0.9932617779666121
0.9716595710390954
0.9900988344421828
0.9840830208313505
0.9826130257402154
0.9529762005446641
0.9961879989236703
0.9771804079185019
0.9818908712474433
0.9858225565201211
0.972958590781224
0.987313462190446
0.9888950854135238
0.9697899976967164
0.9878482145680352
0.9925502611049947
0.9696409714889124
0.9819885461142766
0.9915622198393306
0.9828108412350337
0.9494838677504612
0.993685002463415
0.9329538476857461
0.9741699573937441
0.9866333612710826
0.9800977536741321
0.9277048194677384
0.9914006624457733
0.9766633742309386
0.9806851154129315
0.9934937502544685
0.9683533562592113
0.9921401653943704
0.9961143289577088
0.9952497593022597
0.9860309767418006
0.9845542234739911
0.9878379423210742
0.9902623765254508
0.9856137628788807
0.9855426641335986
0.9932182371291829
0.9899670920619632
0.9925442532017293
0.9831240441575494
0.9964624959056666
0.9951370649387414
0.9915563819315323
0.9911184368999525
0.9711367857835934
0.9743521416496371
0.9943504272819741
0.9579155700021303
0.9684101501812532
0.9911024065621068
0.9948892179922757
0.9856690894402365
0.9873637801416904
0.9792587509802524
0.9913388411933043
0.9889172293073268
0.9943039507915276
0.9914408177357323
0.9734555549353109
0.9888570838999148
0.9656451634569316
0.9889285969551854
0.9922958442228984
0.9778353679328923
0.4630897915634577
0.9894690653795525
0.9810291113207675
0.9942121289602752
0.9876014975446104
0.9751462999598799
0.9879781642898634
0.9793119248328669
0.9808083066591351
0.9880586566325277
0.9918538398018166
0.9681687679440769
0.9458292494700475
0.9890867443108764
0.9718456010359584
0.9882485942264734
0.9772181707687633
0.9880283502830601
0.9567094135066629
0.9884114881273113
0.9930794519847006
0.9372197309417041
0.9741397061061663
0.9786000069181012
0.8601102062251624
0.9836385934348065
0.9925772744793674
0.9810071540441205
0.9933741595105474
0.9879129529468526
0.9905325630929313
0.9798991628777337
0.9969391258499022
0.9768501197246333
0.9830542565495047
0.9870821837724741
0.9890982127912815
0.9883295986043644
0.9906701961788918
0.9893647089225005
0.969441580230173
0.9860101670807835
0.9891583081767131
0.9892003470248601
0.9399404964297858
0.9648972348874499
0.9915762577668832
0.9884249084249084
0.9459916820506291
0.991866110085009
0.9862053501793792
0.9934630635813781
0.9681681636463564
0.9094924316835032
0.9941242534813437
0.9810812199960937
0.9831534117710481
0.9846999412017364
0.9907503787815918
0.9932064854808642
0.9809902880036918
0.9827748898276136
0.9850895172243487
0.9747632638648166
0.9809834973713975
0.9944281084708646
0.9737022533857332
0.9821773218332813
0.9902676227971503
0.9517004561141846
0.9823951130530691
0.9777913626820891
0.9810174087794484
0.9820099713474739
0.9900907013928241
0.9952755678957287
0.9945951189766759
0.9841445858137816
0.9897330019468024
0.9928207013441682
0.9599390277097284
0.9804761116657502
0.9850055933224335
0.8830108357192641
0.935961824881502
0.9841097647508323
0.9892769072445196
0.9808261784499489
0.9927958776037733
0.993163712330262
0.9824296675938277
0.992896909195623
0.9926851242742327
0.9636949316432986
0.9772403106506597
0.9942922374429224
0.9879348391455889
0.9818939268265274
0.9809851900636641
0.9929859167851737
0.9952981849611063
0.9584824562163661
0.986973982181963
0.9806169897327383
0.9887415455425961
0.9818444453785687
0.9877458412408953
0.9903515267674348
0.9811834925612832
0.990751079294283
0.9945567986436488
0.9925293906418323
0.9852443588767322
0.9924206828657091
0.9746869629265897
0.9924071441265327
0.991838775375159
0.9782349940486312
0.9839644800638037
0.9937141643661075
0.9816783259684558
0.9892110343676631
0.9950488119015175
0.9945932473110033
0.9892234454690829
0.9907194959753521
0.9631336582370774
0.9966390597168229
0.9729045054950978
0.9917811817402604
0.9826916439504398
0.988784585899559
0.9571742033401769
0.9750860222034669
0.9774949391811268
0.9580541006248348
0.9947728348132268
0.9918998993422427
0.9626731382999477
0.9859083792837491
0.9551771863331455
0.9877787067467549
0.9890073278785715
0.969981364075672
0.9835108140539225
0.9882289565376857
0.9930215129909864
0.9186815098277962
0.9803035564165357
0.9903394390975887
0.9948533167514269
0.9869890645058526
0.9735279100439376
0.9950730236902436
0.9854775099718573
0.9921153261800373
0.9858177644012966
0.99182754375957
0.9913751540151069
0.9818374890107986
0.9890759797198652
0.9568947183489293
0.9849378881987577
0.9723519492322321
0.9846957393156109
0.9882582232375353
0.9840400358469857
0.926152853918091
0.9772302165560365
0.9933317476412831
0.9792581774192953
0.9868161289450199
0.9363799675765675
0.9904808280118242
0.9839484610611033
0.9622806902777596
0.9731550366067683
0.9434306708340422
0.973367389140621
0.9921159184927524
0.9859664199372502
0.989666810108014
0.9945527813661474
0.9804945931630736
0.9887866399110812
0.9910244133420426
0.9642970132289701
0.9830595455935639
0.9810826278817448
0.9040218556972794
0.9909394722532793
0.9054036576217699
0.9947634066127877
0.9835798562562857
0.9812990381296239
0.9884116825743595
0.990205221546177
0.9951326974314022
0.980719113601844
0.9920975015084913
0.9902230718238858
0.996188802361486
0.9929309566409712
0.990492380784895
0.9846481169678551
0.9912133661117821
0.972356127741054
0.9775375187158327
0.969336930580056
0.9952232675052792
0.9933527467891629
0.9824770994276942
0.6877338883752786
0.970627150039693
0.9894447368225989
0.9976688668372922
0.9777776622755612
0.9882033879251593
0.9922509422614906
0.9252809630532225
0.974101456275941
0.9890688516084877
0.9984894471096689
0.9929722320971722
0.9762697167922676
0.987391332501088
0.9935346688324856
0.9819522887233689
0.9896832736099873
0.9903607700868406
0.987478006535201
0.9953726880663577
0.9919209104957691
0.9565246103724575
0.9861501922517868
0.9814637509095784
0.9784566541402099
0.9794985862615814
0.9840825148996895
0.9604971962932995
0.9861623600366756
0.9891681027645669
0.9889884592689869
0.96927385967208
0.9963874943554599
0.9706203182449235
0.9927453447286856
0.9924008903482872
0.9869944651497388
0.9655087821408558
0.9938126505913296
0.9571111914831141
0.9927048389320344
0.9796190238163166
0.9904786924161663
0.9769058181632757
0.9929011203445144
0.9889438637657546
0.9856912846196144
0.9551553403340769
0.9739050022276218
0.994578354168914
0.9938377142264289
0.9762211300560886
0.9934211812694683
0.993302008055838
0.7685363225115386
0.9906187103568987
0.9865843084802495
0.9848852922772756
0.9736044161094698
0.9865725078150276
0.9351677767504215
0.7912271956933506
0.9894966567607727
0.960416017588309
0.9836757230784221
0.9592212232561214
0.9396997677006266
0.9907469727563228
0.9943006316785397
0.9858253113132562
0.9963608417531249
0.9925477994680584
0.9832531476541082
0.9899091826437941
0.9912716581380734
0.9889502357734743
0.964333593699293
0.9714066778690565
0.9906530953104745
0.9774788391777509
0.9914369940573675
0.9734669622621198
0.9693622219449243
0.9807560620160484
0.9916218560277537
0.9934638123404868
0.9892029673704319
0.9814129733436601
0.9925656601486867
0.9651228932584269
0.9911374969838334
0.9831453159138538
0.9847329613213102
0.9948603937170207
0.9868174313927047
0.9966689162297323
0.9662685356634582
0.9422815688314691
0.9936301790254948
0.978525327596323
0.9089677548835965
0.9906843124988612
0.9904331462385241
0.9789521295469522
0.960783952889216
0.985115503691355
0.989903016190733
0.9927937855462478
0.9847976944886542
0.9671435955267362
0.9945923118124511
0.9853600785033511
0.9874287496192727
0.9479341732745299
0.990574398773594
0.9700056747616268
0.9827002632568634
0.9910705630791162
0.9873206730015813
0.9883201439397404
0.9954511109491683
0.9807999918751619
0.9668189346507947
0.9952995705180613
0.9779312629348309
0.9911091837149999
0.9779038123449655
0.9934905911377709
0.9690561770074014
0.9903626918647016
0.9925903481710004
0.9863411189690744
0.9521838846996894
0.9885353249816602
0.9463128317202623
0.9934282357340548
0.9965093476910738
0.9893409526416644
0.9854629341437962
0.9734237735817515
0.958571167215514
0.9822808472545844
0.967611161579703
0.989203294293615
0.9807384794301497
0.9834542782079326
0.9571585835728702
0.9800867620922277
0.9799710396301863
0.9841170423522844
0.971787862808192
0.9951309791018974
0.9890417447714335
0.9908752762523707
0.9871604499520998
0.9541424674410419
0.9880876309510549
0.9850235119008417
0.9916124666502881
0.9683546263006841
0.9934815950920245
0.9907030619856513
0.8960846854342902
0.9923464950426161
0.9606044352377605
0.9819139536464351
0.9880971033632024
0.9693705198482019
0.9888886381004279
0.9725072625950919
0.9873960378735697
0.9980619602701856
0.9914595963777649
0.9738974820466672
0.9918201749159974
0.9915965124963875
0.9928276747164797
0.9357410231526411
0.9906751424315134
0.9802721795652454
0.9837329570092386
0.9931036370104814
0.99568426692065
0.9918114320970037
0.9834089449881115
0.9929700605059466
0.9852641532048636
0.9943469899178273
0.923777698956447
0.9885886258570941
0.9353497026524135
0.9907795790348789
0.9897077629258706
0.9882462456400076
0.9895695773454327
0.9785783408111199
0.9928124473763695
0.9748863253620748
0.9592892478029084
0.983764000786009
0.9900984648491749
0.985652619483867
0.994350996850095
0.9803119804746914
0.9832220977249476
0.9924058975153865
0.9867929206686347
0.9728593426261095
0.9931482431504169
0.9949325073554416
0.9827645610467315
0.9787628388292532
0.9826853656199086
0.9903531045858021
0.9965964435028426
0.9926398110668021
0.9652140374598057
0.9876204069396108
0.9956710269045678
0.9071030781916231
0.9251791036102971
0.9923881825019055
0.9354834156890357
0.9843970110293166
0.9829033889731917
0.9877540970547554
0.9918249387063758
0.9891604638476834
0.9846816647765002
0.9742156110108573
0.9735213204951857
0.9731669827980901
0.9994609164420485
0.9858722951610838
0.9938697717228026
0.9932929406791602
0.9865859675668563
0.9381132207114886
0.9791939721293265
0.9761778560070407
0.994599889564466
0.9721655668866227
0.9886228812200581
0.989903370014387
0.9934437052171488
0.9151401550651785
0.9930328904713238
0.9942330984364678
0.9857700632475082
0.9943595575691986
0.9637373530691342
0.9951333236194084
0.9859783762911478
0.9735409116066487
0.9938098774010569
0.9836606879873502
0.9850646377117898
0.9898842733115563
0.989790454431871
0.9849945187391328
0.9742401078397528
0.9853596611535514
0.9894795855790579
0.9761015195250803
0.9783200811445352
0.9721916299559471
0.9918219177281417
0.9871092884251615
0.9873982189482781
0.9905235674684244
0.97900792090332
0.9916159076672779
0.7879900744416873
0.9701892202798799
0.9835947754824993
0.9735314645952944
0.9686829438032825
0.9893346744333283
0.9817655838293011
0.9794559588634076
0.9111969111969112
0.9417746909009533
0.9697345071558618
0.9932119482557299
0.9824137032037777
0.9889606179862487
0.9839526727833079
0.989784279896731
0.9804114946437681
0.909534822366665
0.9672626947156184
0.989575169042337
0.9593799125635406
0.981637843564082
0.9886609975326048
0.9835407332873946
0.9963871212840726
0.9855990645238666
0.9422610265716216
0.9861376298602748
0.945067711023778
0.9875594022478565
0.9809523884574831
0.9858064753359931
0.9756512125313853
0.949533307080748
0.9889388441614937
0.7474368592148037
0.9797873265776541
0.9837595621959401
0.9953719024890735
0.9457569913211186
0.9887619079397387
0.9960796954771916
0.9784030985792731
0.9860439390483979
0.9824995413305557
0.984202223529544
0.9919207906862227
0.970042445132105
0.9676837387780817
0.9311816668623564
0.9583737451222359
0.9903035478212561
0.9837004328929294
0.9916207907992284
0.9534804814457659
0.9927796923594183
0.9872118367993208
0.9857585500113109
0.9889981334945713
0.9700112759486664
0.9921825375922959
0.9911174892874606
0.9952119253720783
0.9674493965470585
0.994325614525331
0.9913382669242827
0.9844168796359783
0.9836699317631521
0.9869626320676588
0.9941959517315043
0.9783352337514253
0.9836300412425919
0.9873097238801894
0.9832756037045226
0.9650221495059613
0.9882455945299905
0.9898155934786346
0.9862875410111887
0.9810597960644797
0.9666632124983999
0.9799450529430197
0.9886338451796739
0.9544312490578047
0.9900917298489652
0.9979249180085638
0.9844693623695264
0.9896044750259888
0.9963301829881359
0.9487535214258412
0.9939078369965636
0.9827222265655539
0.9691709114953225
0.9919271875178602
0.9863636434889885
0.9860919451494302
0.9991488685626092
0.9841121560970127
0.989849122513035
0.9463839066207752
0.9812956830415747
0.9889482134189598
0.9824375995028825
0.9621351404737666
0.986237411589665
0.9820430668355562
0.9729456868678763
0.9923182676734917
0.9942032922656721
0.9785740125628967
0.9874228709734244
0.9922911495913228
0.9547648866873678
0.9731786482512124
0.9908377293722709
0.9736518065016815
0.9904456050672297
0.992682831366563
0.9903685347397994
0.9881735788104034
0.9893347494213361
0.9891059234556138
0.9846233206988584
0.9920955512551873
0.9871006997261941
0.9838176745932928
0.9958858293674103
0.9683472977607918
0.9918331594337314
0.9852287185913378
0.9759793076106557
0.9721047466410613
0.9629431795419644
0.9862565305469666
0.9938855932797621
0.9901462881922448
0.9947709205267464
0.9552420575249936
0.9853564547206166
0.9783960118769799
0.9807317366710796
0.980108240003647
0.9606881368081511
0.9878893321949377
0.9896488802623226
0.984095221034289
0.9857968036750953
0.9809628023624883
0.9949852753236651
0.9913531992158627
0.9875564744620569
0.9987537262579826
0.9711568712032511
0.9881675061801826
0.9950476576572427
0.9940885960415599
0.9884264463429256
0.9809118576958308
0.9777369239266063
0.9907125084016968
0.9823775848445242
0.9974815175887561
0.9745137861762952
0.9971734892787525
0.9912853815092683
0.9938647138900625
0.9848781270682985
0.995022638001859
0.9788913389866462
0.9910646675753445
0.9867003426472146
0.9850629904899515
0.9946114338637703
0.9888035280526748
0.994463397992007
0.9928943331378389
0.9506535604290783
0.9903302618484511
0.9856671944350716
0.9896691059414936
0.9917123502593351
0.9882822074322668
0.9842308920971549
0.9803776214144803
0.9899678823427289
0.987311686412169
0.9641734252088542
0.9938941140776699
0.9931696134158213
0.9948864425378275
0.993429465827316
0.9865422758874851
0.9881469761143086
0.9791566145375075
0.9925310234074651
0.9946452167590867
0.9918095754535801
0.9511677412626451
0.9795793802068833
0.9730986227845835
0.9704636424282855
0.945430346051464
0.9976201436599411
0.9794053594460737
0.9957907285982851
0.9586944988841684
0.9899165065679805
0.9891847646602359
0.9898888073257942
0.9922301059531007
0.9935638669148441
0.9929392485259064
0.9983742018347133
0.9919555533434536
0.9902393433296761
0.9947886921758995
0.9843563605758028
0.9862224437230143
0.995968565013268
0.9944491426309444
0.9918098071923418
0.9898923239194319
0.9928340092178655
0.9869607028181181
0.9238087243944796
0.9935941926748513
0.9955718145752522
0.9658222863892899
0.9948046784536592
0.9876295288735006
0.9967535345477109
0.9939702452927967
0.9561922085796574
0.9814209935393411
0.9701914973017624
0.9493499311436657
0.9863852779115176
0.9912578529194382
0.9882720593815936
0.9728414040481681
0.9919918262260661
0.9846021357216672
0.9835907360949324
0.993799548823719
0.9928802883653929
0.9845824958464523
0.9705835955597254
0.9956737950665919
0.9561467411713765
0.9756950481664326
0.9421332014329826
0.9875544849736178
0.9712014267087974
0.9865956349888297
0.9965064659332176
0.9940102681118084
0.9710424910219303
0.9895272376449614
0.9920269563882481
0.9880187622025163
0.9902301760560458
0.983319885110226
0.980840817179749
0.9954751529750594
0.9936975436580411
0.9946006008669852
0.9664732792315917
0.9841869597769627
0.9859182387249771
0.9896655167066762
0.9947262774913174
0.9863803214307827
0.9774693700531281
0.9505240366115979
0.9704856265699134
0.9403681364798657
0.9938229398144551
0.9872286706624687
0.9238628718061054
0.9848859543817527
0.9637908843125379
0.9771338691493617
0.9850663527956149
0.9940982203914426
0.9831862012766536
0.9819818299756659
0.9751595048583641
0.9742545487639194
0.9865008880994671
0.9929769984917044
0.9949996572872162
0.9916907371503185
0.990118314352816
0.9834547585082535
0.9837771298563527
0.9943661744901563
0.978442083299395
0.9920421110428093
0.9846582824620186
0.9845896483826313
0.9705194077137111
0.9971114736948935
0.9889369553215132
0.9854334603546827
0.9898084840727206
0.9843262974677193
0.9485309092255568
0.9695714745012783
0.9911206563093568
0.9908809566732768
0.9886863901711405
0.9833062179241001
0.9863174855856031
0.9959463926963863
0.9931622916846559
0.9831862033120596
0.9946085947536364
0.9909151455193239
0.9590482356749758
0.9790468339556945
0.993222294325474
0.9911794036265573
0.9728596794857387
0.8227947297732293
0.9878377585983716
0.9161376491765264
0.9946462335600197
0.9844999282536949
0.9908029070303892
0.9755901884154672
0.9570049912004847
0.9900988238045911
0.9752066115702479
0.9806561335985468
0.9812782135186842
0.9625278564943461
0.9943576194527787
0.9529432344966325
0.9918952207095256
0.9886837981950759
0.9843661648964621
0.9628405151497167
0.9761572661494202
0.9884834206910809
0.9886241946042794
0.996131757412939
0.9910289329654856
0.9787654780169541
0.9837600252915123
0.9941280160874884
0.9876574805144785
0.9938122747788067
0.9607882294522766
0.9876382277058094
0.9944807744972057
0.9945585395822363
0.9750080799354813
0.9847768658052525
0.986069619195069
0.945768997610812
0.9928597471160437
0.9753191388859367
0.9943342140796799
0.9954703018814224
0.9808304181382931
0.9954109958346418
0.992768231161879
0.99143433491901
0.9698480765615348
0.9568648500338971
0.9907977212316925
0.9848141589058631
0.9670988050088927
0.9852349878056819
0.9831392820909223
0.9847184676305978
0.9863892358083748
0.9167645906776342
0.979695492207831
0.9803523435597904
0.9859646706659592
0.9971744025440907
0.9809105435756958
0.9939689277259379
0.9895121673302809
0.9781535691368537
0.9673986564135567
0.993860869266567
0.9533970099937884
0.9912462863358658
0.9930445699301673
0.9786283741183541
0.981698504237566
0.96491706470637
0.9780184209751934
0.9719677572309151
0.9896362049297304
0.9866815935762816
0.9808696304713714
0.982795129698253
0.9910601181794867
0.9762983852015981
0.994969028079112
0.9955411011641403
0.9965908255210066
0.9879966521475178
0.9850763421996424
0.9909307597717829
0.9739887825800067
0.9858757247983327
0.9863156422486049
0.993518061039014
0.9883123368373146
0.9566887130648224
0.9908357710087089
0.9860631731687409
0.9749637622471145
0.9902129262890909
0.9903566437404738
0.9925664374651552
0.9786500836261183
0.9691498542274053
0.9810055202706713
0.990466158845971
0.843769663918424
0.9857131119854666
0.9974620932551244
0.9858233514100502
0.9858018057592897
0.984109788176658
0.9875600476667916
0.9876410274816649
0.8607289488793318
0.9736143395836562
0.9840071623179631
0.9742026689415636
0.9923178072495736
0.9921797500165332
0.9929091283279388
0.9829238114682521
0.9782387929783839
0.9872206913485936
0.9589839728189993
0.9741578812033942
0.9921352708388732
0.9874308439604949
0.9868490524092702
0.9958761261852854
0.9809363210243512
0.9634724473257699
0.9883262680673887
0.9669529549060382
0.9871576929723955
0.9525408878504673
0.9632312649321614
0.9945399186941164
0.8429690794574961
0.9453489259866732
0.9811279774114922
0.9909502558746395
0.9781446516586579
0.9919258736836986
0.9714293732985322
0.9938309361947537
0.9466606092149719
0.992889275867073
0.9763800458222048
0.9901316497581347
0.9954339928297282
0.9942740983354201
0.9823122062088592
0.9944047173038393
0.9598269230769231
0.9967548265872155
0.9628905624098703
0.9861001660419496
0.9833121724342548
0.9938097279306084
0.9830400273593912
0.957239712693831
0.9949796202405806
0.9923693183423965
0.9874709628136172
0.9133262226184412
0.990875513991485
0.9841065282649571
0.9821822928820484
0.9916568501367109
0.9925001654089103
0.940268720637335
0.9942135658731179
0.9889740324340158
0.9842522526237655
0.9946659730412505
0.9816923334587158
0.9966164301884232
0.9678391499496198
0.9933278359836419
0.9862492969263273
0.9886441930675085
0.9859317984931615
0.985099452263243
0.9897857590619124
0.9948048460561242
0.9723159001282121
0.986790737361834
0.9883370623134673
0.9898386307591523
0.9967380293104613
0.9891729440259538
0.8351797044878095
0.9074937289908499
0.9767134410698216
0.9867959676774798
0.9814329656637798
0.9846360724202469
0.991891229436106
0.9881433737102606
0.9813815152837599
0.987853511016583
0.9890257123002085
0.9870149439519906
0.9839170764270867
0.9754431190622562
0.9871980344960902
0.9756038813570986
0.9937278921254421
0.9850809150871411
0.9845758354755784
0.9888516393917571
0.969443461946576
0.9932466238678589
0.9842546594888985
0.9919004544346804
0.9770535760047693
0.981754458973542
0.9928870624578057
0.9907970490590309
0.9916649473901382
0.9913737311805981
0.9777225334866981
0.988600988539046
0.9855266342779093
0.9498997863431606
0.9743439321052837
0.9884652131659771
0.992291196546456
0.9695658235642667
0.9902199575159938
0.9881505788637585
0.9360718122393984
0.9909732951614503
0.9866574134187021
0.9922064584147527
0.9825305692160994
0.9578223861334931
0.9943921625830825
0.9881880463028585
0.987513515398835
0.984586920805007
0.9857837586122958
0.9827937449189422
0.9675588785046729
0.9879176755447941
0.9929742388758782
0.9808394935848416
0.9544539159700958
0.9917888612175156
0.990151150441177
0.9663455325991759
0.9774186514807547
0.957210381252884
0.9949335145103368
0.9828410078192876
0.9911206414883497
0.8924256277210556
0.99577483413805
0.9906094041218371
0.9877557228686592
0.9921938186422432
0.9948481966243096
0.9716205890623801
0.9919016299035394
0.9892108344617223
0.9954082126606089
0.8939643409923457
0.9884504163761081
0.9769354436183612
0.9931854348626016
0.9842789993994548
0.9880204788714966
0.9947153325817362
0.9903885355512068
0.9800922108633026
0.9818760846617645
0.9942500080940201
0.986564189425826
0.9904848465034165
0.9889257163775586
0.9803810580417285
0.993398164913637
0.9929206652263478
0.9884396952515289
0.9936837204173278
0.994957846608295
0.9838839461690573
0.9892720185526931
0.9757138027272667
0.9937615959970779
0.9960880492946327
0.9930804509134283
0.9965406795904299
0.9905056506054443
0.96989032693284
0.9864203778677463
0.9837260789130501
0.9951263995270245
0.9761899063442777
0.990340565033096
0.9317138528764684
0.986028427882552
0.9839045823658856
0.9937446135939373
0.9658755405976274
0.9935517880343336
0.9881347841758156
0.9922081895514003
0.9921063439750769
0.9668613463790292
0.9926198331477084
0.991980540164868
0.983547610163167
0.9932003080291895
0.9875762823548111
0.9799133220275108
0.9845357607282185
0.9955317998744904
0.9781317119018454
0.9875054608999563
0.978065725393028
0.9821382188436163
0.9765366607963576
0.992306502744916
0.9898376846481176
0.9889350943145148
0.9886846813644621
0.9651421489577734
0.9849862862683375
0.919164575227078
0.992520825787758
0.972068938800458
0.953506342601523
0.9846535241560845
0.9729461734144292
0.9955322326522751
0.9512752865848236
0.995289975420182
0.990206707040079
0.9946411634524186
0.9901806990522339
0.9952425962904771
0.9961077363896849
0.9833771414324892
0.9920082991465082
0.9939880735061458
0.9903415040408818
0.9851511425260309
0.9930610282888993
0.9935324693989988
0.9324323993847041
0.9930338406825725
0.9881443610233288
0.9926954031615532
0.9729188255613126
0.9963572328781313
0.99431706002572
0.9731971010357188
0.9909936501673858
0.9888032513479816
0.9931993117812189
0.9905582731249125
0.968888104349361
0.9712543464483308
0.9804935195343735
0.9882299895393717
0.9764971323075129
0.9861724107827066
0.9930495778955191
0.9873001510091419
0.96312545523472
0.9776269615478689
0.9908218970528143
0.9881860755099293
0.9582345795653935
0.7437951630920925
0.9669908029910305
0.9890339746493171
0.9716110797060487
0.9702637889688249
0.9821324174218065
0.9862770318413576
0.9940444205624216
0.9961657909522545
0.9941409742120344
0.9747137498928828
0.990362821309246
0.984145993033477
0.9816402767359748
0.9938190265306399
0.992773877036637
0.985405136937704
0.9752234939072999
0.9898557796860994
0.9862349618626165
0.9764081391919788
0.9209539726274899
0.9857854744654533
0.9838471698721046
0.9820033356953439
0.9686542276040735
0.9737900812903345
0.979110046524483
0.9921538434412596
0.9864702511090828
0.9945676839487618
0.996120233569777
0.9899473537765607
0.9862185527535972
0.9852799139290649
0.985762435114546
0.9785661809008113
0.9912856171113295
0.9645682267633487
0.9823163765729997
0.9856817080883785
0.9811510012282756
0.9902198638199304
0.9898746730863052
0.9957120202981288
0.9932852694294333
0.9837352350313766
0.9945400297503891
0.9938709419478651
0.9869036774037825
0.9670378084991567
0.9925699978295247
0.9899678644914189
0.9918357107834753
0.9854872797305193
0.9722572728845007
0.9942451300113474
0.9793404621957841
0.982405378786356
0.9813387591901436
0.9939487833773808
0.9897454809333753
0.9928615308420917
0.9880600194895689
0.7645372752440234
0.9887943394391037
0.989468249655985
0.9910102974954117
0.9905513335201828
0.9461578423856919
0.9897122516020516
0.9935977023529939
0.9754034217484869
0.9942664501205768
0.9886370842892582
0.9731755195188226
0.9937140981454128
0.991078366907765
0.9939594670220434
0.9808295992652927
0.9855929915094057
0.9927036761053154
0.9726957676624091
0.9706717088996767
0.9787752328817891
0.9898197700109082
0.9897561129316864
0.9954260911669087
0.9976996290651867
0.9822277043695719
0.996512824821965
0.9984887835159764
0.9901250222459512
0.9933392804044008
0.9913346737089269
0.9903529646465367
0.8803681803394761
0.9220022429740503
0.9871010112371781
0.9935408853221492
0.9145174186179326
0.9880442216623813
0.9603504508537444
0.9706387709723064
0.9792560983052916
0.9837075451902035
0.9778522893813563
0.9943906040496274
0.9941035884716816
0.9907787830042725
0.9521711593204296
0.9854815059581586
0.9536422452210932
0.9953811453681155
0.9508389558785924
0.9828133041303125
0.9836357943935684
0.9933543357785085
0.9974452131760485
0.9881158298814997
0.990897567786024
0.9775807741468049
0.9844073818217705
0.9692429607983953
0.978680033051955
0.9829284908287718
0.9741936311369488
0.9909958427815571
0.9857081202473389
0.9939927409905405
0.9927716667051818
0.9699294493138304
0.9493979168430858
0.9917318421748128
