0
0.08361513338535796
0.19176160351255506
0.4029302482688735
0.386110895092931
0.37051191640695497
0.4129764905095692
0.5638180123499942
0.5971104687533706
0.5277209343116905
0.5692027047415271
0.6615448522586141
0.6432856881639187
0.7282059577433243
0.6968330408521406
0.7858838692172025
0.7852445528320537
0.7588154623107194
0.7096406338050042
0.780070787926851
0.743317186533267
0.8191975261426838
0.7717494974820902
0.8605337820005279
0.7971786420076706
0.835995601306004
0.7407988188741707
0.8219059021163522
0.7400435327484994
0.8587015969011169
0.7492648187371458
0.8561136664188043
0.88104516792509
0.9035838974813213
0.7850494638272164
0.8579905707911807
0.8516557445532527
0.8784724155207927
0.8037276251006884
0.8959226615398235
0.8554677640838292
0.9028877621510321
0.8361278632663548
0.847424426278641
0.8053447556873629
0.9228830313014827
0.8771567677123723
0.8993435070046102
0.8624150732974305
0.8574819522121729
0.8919170940533209
0.8683364194522951
0.8492985245677682
0.9223288447452193
0.8932010337236385
0.9229306839033906
0.9087848089588689
0.8240830758370435
0.9126153098450697
0.9329827653457766
0.9049663366687015
0.8885157873443793
0.8459498344164912
0.8884452615890077
0.8945821752825643
0.9037850566447004
0.9221990939145341
0.9066719953338158
0.8968666601052957
0.8929366089713685
0.9124536314482882
0.9243641231593038
0.8545966405543839
0.8292940936150345
0.8025880593397434
0.8988809884601935
0.8760525300166955
0.7981299915589897
0.9225271873493217
0.9105867787979098
0.8805899479508331
0.936252655431242
0.9217772224897794
0.9164678920536925
0.8916825700630386
0.9191289795203708
0.8603132335052942
0.8902890738547445
0.9448187451036251
0.9165491195340584
0.94729621201981
0.8917165290716756
0.8820585059828404
0.9366869935677888
0.9672901549244651
0.8942564646241942
0.9355866808354915
0.8772964473952266
0.9382569200862748
0.9151280415565479
0.9201429236482004
0.9337185749652109
0.9064633780768078
0.9048838155363266
0.9070606873458512
0.9141680624208506
0.9332027131553295
0.8583543846986648
0.9308348451747289
0.7322834645669292
0.9140439639866128
0.9153217284911851
0.9221552320420023
0.9316463992106675
0.8097260240983198
0.9351828223542707
0.8814783041106602
0.8950475308302784
0.8966508125247721
0.9154594175895493
0.9322376314981723
0.9138234892259904
0.8467180507210343
0.9415428067146803
0.9065120612899886
0.8373129212841312
0.9303149577116088
0.8843868329320111
0.9515664712247415
0.9566810904905888
0.9349317273865602
0.9277230519162377
0.7622724206200477
0.9079002523883086
0.9452142568453428
0.9549490153210242
0.8840508328231839
0.9291729819829496
0.8986030658627218
0.9156472211826348
0.9461479121553287
0.9456131400985608
0.8743225896679003
0.9475787554764453
0.8930958627135922
0.9407689450222882
0.9494708950342954
0.8992114508125595
0.9612568835570824
0.8852078010191561
0.9497337640637183
0.8331842705057557
0.9637144037914509
0.9502675631435094
0.9567795115168161
0.9092016919958286
0.9353332525693057
0.9079825684662729
0.8937867370882929
0.9308984347080266
0.9418108866137929
0.9525603467749538
0.9191571224051539
0.9378172751759537
0.8941962403036383
0.9318235077499917
0.9351350130949155
0.9538280591890904
0.8473378461131064
0.8909415451513545
0.8632737335956586
0.8868535310843003
0.8121523980445491
0.7683117543497762
0.9269790213771313
0.944636188148105
0.9413478763517631
0.9229955175496749
0.9529326276128106
0.8503844340967975
0.9505215375351989
0.9309966360239974
0.9079273217017476
0.9550127422224359
0.9269565466307895
0.959812608772373
0.895996966884719
0.9012344043427716
0.9247197010144154
0.9532547127401325
0.9123306513211925
0.9546232538022739
0.8944741709332652
0.9694791136016302
0.9524447572982266
0.9620578588103188
0.954207243259081
0.9559033205051876
0.9030516966522433
0.9495026757445855
0.9486014780948584
0.9339098981231181
0.9690655879475826
0.9073905924382256
0.9270165058266951
0.9223253579420356
0.8892352371261508
0.9407148943404704
0.962206422285681
0.9378337635808763
0.9436009520677058
0.8963492063492063
0.9481280444280593
0.9619971723068503
0.9645731106250631
0.9577702013203659
0.8140282730514519
0.956919547728911
0.9607916332448941
0.9644930524712899
0.9653361921153157
0.9634104376432372
0.9423441272986193
0.8569164109399716
0.9395210284321978
0.9600888578919499
0.6114846808775092
0.9676154042500945
0.8778460554825418
0.9610141975186217
0.9063001206208661
0.9711142524453441
0.8429875173189881
0.9680086556956614
0.9435906002895645
0.8092245038937463
0.9558271368622543
0.9180117309585991
0.9355672803472534
0.9590916619127362
0.9451354339414041
0.9462034810235528
0.904819960185347
0.9383384534984367
0.8845155538322413
0.8864252111318937
0.9034069962724778
0.9611067353327275
0.9489305794931201
0.9626870791637672
0.9085318985395849
0.9664759185549923
0.8298054553270939
0.950334659035794
0.9612534895799519
0.9561339696926503
0.9643761122399406
0.962374100300821
0.9699166578031696
0.9307655323468134
0.9712828997999077
0.970603729849331
0.9317643145245125
0.9675128531089336
0.9276618202312346
0.9382431686365769
0.9513148696064171
0.95126586869786
0.9507121112680809
0.914480063886829
0.9637130519197938
0.9294020119642417
0.9331453356045749
0.9049723344266785
0.9054041831543245
0.9561568619639946
0.9645718645155138
0.9392458643692603
0.963203942521007
0.9646347754148621
0.9564868784965901
0.8908140323328931
0.9548135261655292
0.9324389764390593
0.948683952230314
0.94986890610523
0.9456655739940121
0.9496768473665952
0.9477243424988835
0.9769684895896601
0.9583895441662438
0.8966507639934455
0.8264313924752292
0.9422863762251343
0.938625252715138
0.9460935531539629
0.9523737139935466
0.9740710653300623
0.9565656374080846
0.9004711582864294
0.9303966265108743
0.9469966257768999
0.9265351441996761
0.8620222690340054
0.9628928022950334
0.9783313171627623
0.9475630513298979
0.955401574346419
0.9510600290666559
0.9006096632975533
0.9666374327491679
0.9684833710604214
0.9174904848994118
0.9560349493543648
0.9575952764358562
0.9135643875838926
0.9456287343750965
0.9795012771115633
0.9565541647168928
0.9609952824830044
0.924784739166381
0.9459570465174821
0.9069297312907757
0.9560592945249946
0.9562660838631547
0.9533256286613797
0.9486537231518353
0.9706547068398187
0.9717047658224128
0.8758730091266721
0.9602973324024291
0.9052646308427593
0.9564392221272614
0.9445254186936017
0.9591977190050143
0.9646337372301254
0.9809051715767192
0.9398174780725116
0.9705254609110763
0.9496420538232305
0.9667484346624021
0.8932466498195729
0.9706393591293833
0.7244695814830362
0.9483863052831742
0.9510679211592611
0.9767382757797994
0.9697039107319226
0.9573954272211316
0.9496950619712768
0.9349504180439432
0.9550237670763668
0.9642315186246418
0.9295291148163578
0.9500223107931298
0.9759660284173519
0.9731929084482955
0.9192858507714242
0.8835525996070563
0.9518333257446158
0.8913467794404685
0.9683581892569618
0.957939985532672
0.9128345542142405
0.9645889609418307
0.9613878476381857
0.9244727054589083
0.9240547392197619
0.9334269730947133
0.9605000410318133
0.9502298596258327
0.9781901664434666
0.9485192295119965
0.9263159973761449
0.9579550993755116
0.9790808563734634
0.9584755273585122
0.9712498574709648
0.9709011651077841
0.9704813486201965
0.9409247838531677
0.9771112748710391
0.9240885649065785
0.9487912650286878
0.881821288625075
0.9756552324335213
0.949747314362753
0.9271270047606339
0.9453198745470601
0.9778737203084507
0.9771595074725068
0.9612463397494988
0.9763318504119178
0.9768585934117833
0.9431706619940599
0.9542680606236987
0.9308866729991325
0.9616681499680358
0.946004547302486
0.8921822832262726
0.9517550535907552
0.9629794442155382
0.8753294760527162
0.9227192472861064
0.9585895687992226
0.9349097649759406
0.9451660931592889
0.9725910291035912
0.9636673924557171
0.942829674542602
0.9686007288127246
0.9489867072840583
0.9275518236212792
0.9578339104784739
0.9711982295289282
0.8751035718006857
0.9579303884906657
0.9669269532154477
0.9663108914535082
0.9613157742066485
0.9113914248766851
0.9558501298380117
0.9649136555880546
0.9702604817358544
0.9543840251210721
0.9363596863122282
0.952225903718056
0.9687376399029365
0.9613209362711728
0.9353256722435452
0.7379648470471923
0.9242371390439214
0.9126740264178417
0.9628752368604767
0.951910935797268
0.9276216666635317
0.9513789107763615
0.9230624691725321
0.9733093136229642
0.9677775510135802
0.9757920188695164
0.9845672589599178
0.9489131047591434
0.9061326308399166
0.9493851657389558
0.9594594937447514
0.9727376706522057
0.9546564715022403
0.9749432977660217
0.969471987495726
0.9750634773141631
0.9670853331294983
0.9777602402327112
0.9713772737083767
0.8998642135174993
0.9503664618604493
0.9376598895920291
0.9535052669814748
0.919667606756569
0.9733573739972368
0.9414367668926356
0.9292421809283474
0.9588786369296954
0.953562538072564
0.970369110222707
0.7891990405322022
0.939634876708934
0.9741342158069115
0.9688573440637676
0.9504950115118956
0.9419938998536512
0.9697274408263364
0.9634396722818064
0.968113691110341
0.9576595275982711
0.9765428480959133
0.9456950455837754
0.9339012261965305
0.9828729943574063
0.9461606818659583
0.9389335992763875
0.9575037021960514
0.9665385090086839
0.9878295542462655
0.9779027900293483
0.8997614979955683
0.975928345253648
0.9670049563370309
0.8910862081593789
0.9608299302259178
0.9686594818640382
0.9551729290176841
0.9744522994743836
0.9557873687404348
0.9799656581094978
0.9630205717573518
0.9668403824782191
0.8367197806461626
0.9671984596341631
0.9565156000696579
0.9564624022104737
0.9689702289202852
0.973207851703109
0.9787810983009708
0.9397312326507927
0.9223604083787159
0.9466963956304839
0.945087112101836
0.9584986569907168
0.9612742606134074
0.9426116755556628
0.9732922521235214
0.9547342037334929
0.9730609371955103
0.9549543622073619
0.9726168117425189
0.9287487662160477
0.9673916595855938
0.977345237197208
0.8915541552705589
0.8934152031339407
0.9780155156377837
0.9652786374269563
0.9527853399738558
0.9692326937301484
0.9560180140916685
0.9645579955363341
0.9736902743716773
0.9772025667960988
0.9639588767837962
0.9793312269615587
0.9727092604753543
0.9493838797242655
0.9530284677628995
0.9607938267364075
0.9828102993752483
0.931065724262897
0.9543343176202296
0.9455842551722885
0.9852723803380903
0.9736475229920633
0.9494255541371707
0.9487925770617229
0.979574308602839
0.977265284995986
0.9831356400428192
0.9753381341125235
0.954780430294481
0.9961362492064535
0.9712690275483866
0.9718778913653044
0.9731436040346247
0.9831357850527179
0.9511343842441565
0.962889327242525
0.9271730789711549
0.9630620538561927
0.9515407450767237
0.977514200155589
0.9762773722627737
0.9715904679614812
0.7995342336239939
0.9724531330619732
0.9811081836560427
0.9342640349536124
0.948971746004312
0.907134276910221
0.9739341895280796
0.9569846649486263
0.9794047451233917
0.9529759007713523
0.9807292590520633
0.9588883920165694
0.9783635336995021
0.9540387286757843
0.9695785905639175
0.9363497736478437
0.9791739369599035
0.9183774547435675
0.9504336446110507
0.9193764596426605
0.955792940778469
0.9744544878307154
0.9392195937258936
0.9464938029301527
0.9709727319603264
0.9306930693069307
0.9763987986301575
0.9395788926436184
0.8858329821181288
0.9701700019723567
0.9572499414382759
0.9880153876504242
0.9557371888230811
0.9615457421779929
0.9167423554344535
0.966775858933781
0.950586261880215
0.9778833469533633
0.9752201533406353
0.9503526417294582
0.9882335867465979
0.9573637190392126
0.8987321721610096
0.9803740117467076
0.9659698852359997
0.9412046789635033
0.9668013950911046
0.957406284430703
0.9794421584588717
0.9772591948697864
0.914055276103118
0.8723534350144855
0.9751598106893061
0.9537025012051481
0.9819318236877227
0.9533853805457031
0.9677986407828751
0.9770082896546597
0.9710213093978234
0.9486931707082071
0.9480888993673201
0.8948483478950555
0.9706762182161695
0.97722571847545
0.979962436862931
0.9577001915386941
0.9704808532865661
0.9626668218908421
0.9405414685967529
0.9523108388837728
0.9491473014475436
0.956439318024809
0.9446963627107503
0.9716188323176725
0.9480432670445368
0.9414220932074457
0.9772160724723916
0.9093929469837202
0.9681156051448938
0.98497704359918
0.9785360296600486
0.9565499642671396
0.9299897878134574
0.9662528299315264
0.982221747340785
0.9732222956191641
0.9707265583499716
0.9852370251157538
0.9658826876570724
0.9676084973990651
0.9778430208070829
0.9521760995288124
0.9696729867061239
0.9691675069321906
0.9805704869776669
0.9794224301393752
0.9776060538615624
0.9849884334381813
0.9657812830780179
0.9833758274591453
0.9329018179740083
0.9724748683580661
0.9280202078583737
0.9737951549392228
0.9728257968074315
0.9216849136551982
0.941096521196637
0.9793271552417964
0.8024364640072822
0.9625191216006749
0.9655210081530105
0.9663408349937934
0.969634158832768
0.9561344880715356
0.9678158430505152
0.9612092686459087
0.9590314343870865
0.9803004972507641
0.9541204108894928
0.9834808036301198
0.9625027695731112
0.9504482981534051
0.9315354016614317
0.9616925445688617
0.9616254960236901
0.9882661919656008
0.9573601410656764
0.9674782793484213
0.9715157165431235
0.9661018198979441
0.9570617151881001
0.9505008716467619
0.9352082178232658
0.8895234316323494
0.9656520889004758
0.9633107941531582
0.9616780886475442
0.8688892690131038
0.9689044554279416
0.9210761497452842
0.93566104045514
0.9676619892489204
0.9616121290959249
0.9316610032719501
0.970369684808048
0.9312919117168341
0.9686389274061801
0.979954714970698
0.9791857407227038
0.9250958419345325
0.9818433255817154
0.9587325791297133
0.9508722209993397
0.9483189461094151
0.9686166820075851
0.9764268850437249
0.89430603390437
0.9738997250822579
0.9801576936323857
0.9717824949113114
0.9365926021709302
0.980756878278557
0.9087781767705725
0.9664009440315019
0.9837301729234563
0.9675162545468372
0.9177686720059601
0.9790322728369018
0.9610878812502673
0.9825336867606451
0.9838537732185848
0.9287266914608285
0.9927610059520617
0.978441260515499
0.9480548507119286
0.9199273003025032
0.9587817330304919
0.976496836253246
0.9586874431096171
0.9280575539568345
0.966556941955053
0.9697734968651394
0.9781405450851257
0.9542727442581431
0.9786499071735094
0.9844166875158997
0.8897511080804636
0.9432069510268563
0.9504500538107817
0.9776876931943207
0.9600220731423672
0.9595038264674437
0.9184582236054585
0.9478370971369547
0.9754193412894802
0.893687662280033
0.9705097862429092
0.9740545409790562
0.9708968725768933
0.9681099597970111
0.9500055004950445
0.9573884285506614
0.9862216778934476
0.9304147014980083
0.970508964814541
0.9765451777511378
0.9330815212275252
0.984689498601844
0.9780001386545883
0.9709154246840955
0.9776111876827915
0.962405230122793
0.9807814166267407
0.9772729892201883
0.9650731838324157
0.9816600158407137
0.9797064276269013
0.9633170874419038
0.980567686375599
0.979484232095557
0.9791578311209127
0.966744071732461
0.9664870591243676
0.980238144278247
0.9677851310700473
0.8878601351400923
0.9900739132824092
0.9803946429986529
0.9630120301002787
0.9755990441738999
0.9834419587810463
0.9834538828836026
0.9671338599420856
0.9388499245373952
0.9582612391099778
0.9743143744933802
0.9649803165480284
0.9844098612824101
0.9541692512184315
0.9546417198665306
0.9635516792031688
0.966285260151166
0.9822312158567629
0.9567572747090287
0.9614891186867001
0.9494636562959674
0.963851447380888
0.9742839262936636
0.9759752114640098
0.9829269104587468
0.9778725197190592
0.9664874051402292
0.9789924267369114
0.9585945928538074
0.8219786990581816
0.9385505893855058
0.9895454816226842
0.9335376211447187
0.9627669989117418
0.9754681326937941
0.9762913647783762
0.9407988068822524
0.9766907283837306
0.9607392193581236
0.9569314054683753
0.9812049398995171
0.9297401565868603
0.9591609252752152
0.9691186734668922
0.932689236665602
0.9739669671486478
0.9547228195821615
0.9682399107384759
0.9172379615098704
0.8003929774124929
0.9637899120777418
0.9824981473505106
0.9721800147482408
0.9681147080200118
0.9810427661141556
0.9757132589858923
0.9453873699451627
0.9866523116446325
0.9751980281034921
0.9570785952305337
0.9546658389535727
0.9710412601059382
0.9683918593743628
0.9296995217189944
0.9598404793326334
0.924861204075473
0.9823718679536875
0.9702283378338854
0.9634233949468753
0.9600559881658088
0.9768664996289411
0.9740969610982856
0.9636633712119139
0.9461464567306285
0.9384401713324957
0.9339561320249513
0.9780912298114516
0.9638439806428938
0.9897860618202633
0.9788802698145025
0.9651216414917791
0.8792416959609728
0.9808018159468852
0.9153853850515292
0.9713645446437643
0.9842838966239653
0.9286391685824632
0.9675312549020584
0.9785275831908405
0.9808370420546844
0.9555841257519891
0.9404748993894486
0.9657341628665622
0.9788049518991223
0.9771507086333681
0.9739417335859888
0.9925364556877547
0.9894310771306499
0.9461046189201374
0.9632146141656116
0.9501849894291755
0.9764703614788101
0.9680072937958619
0.9611343312132371
0.9780030933150026
0.9760128711423138
0.9215670098556846
0.9641325588603927
0.9750949469374562
0.983038403145922
0.9686951928698168
0.9545850282296693
0.9622098148692331
0.9772276517957418
0.9828817271968148
0.9765261329924507
0.966163884773047
0.9558161796096296
0.9816757668448587
0.8857655766194127
0.9555578461611652
0.9730366577522667
0.9599784246963674
0.9795898259139278
0.9743521491285546
0.9639460307626684
0.9882958963282937
0.9450986625787711
0.9766660378492787
0.966688048517363
0.9834501793187732
0.9762962750410946
0.8929365695397737
0.9702578028676472
0.9867770598437604
0.9706252570445794
0.9729454488481531
0.977919536510578
0.9549650246577698
0.972374729670748
0.9449819093985168
0.9689963379057787
0.9670774453383149
0.98053028654761
0.9838845596029574
0.9751908562599552
0.9487081188431858
0.9706095515304543
0.9908406746167687
0.9732534186012054
0.981683727960327
0.9841435325493999
0.9512617933573675
0.9774034783694753
0.9762391140737555
0.9746737642441589
0.9712484919552153
0.9711990522422973
0.9500325787440985
0.9593967197186754
0.9700493827160493
0.9707023652527016
0.8297290905746644
0.9672174616440609
0.9750621105363907
0.9826623064725196
0.976619474819359
0.9596340390462296
0.9275565029735487
0.9746114983692524
0.9757564740295153
0.9854051702424839
0.974707953321401
0.9801955969102943
0.9541674201123179
0.9855306473088474
0.8943071005432901
0.9637496513608436
0.9541076034148389
0.9790105773468488
0.9876274356342051
0.9627652346100832
0.9769737744179456
0.9696707923254404
0.9845249925229858
0.9563384838955052
0.8646701647018197
0.9769887581182211
0.9619275357571462
0.9825537874771517
0.9751558011430442
0.9795129753191177
0.929581794130078
0.9696904087571878
0.9707193569052822
0.9751537799424769
0.9469154153575021
0.9764966736068187
0.9806042252505588
0.9704521836108788
0.9623467296536872
0.9650775479384488
0.9779967582808923
0.9519279638347956
0.9837497767189164
0.9564421438040528
0.9712298170869698
0.9582775198415168
0.9396165992189761
0.873995342364602
0.972671922291828
0.9235481499632443
0.9793211172997438
0.9568965517241379
0.9610106936689694
0.9719319980728198
0.9807434122673462
0.9669453345218879
0.9867281751542744
0.9466660711893171
0.9936867068324574
0.9872633098412159
0.9873263054569994
0.9777981288055047
0.9676001743028597
0.9747355461192492
0.9944227113478186
0.9647397135712662
0.9684423190447926
0.9760250963593103
0.9659189813387062
0.9710830477914503
0.9577658459926663
0.98378841391874
0.965479598943191
0.9839937575160446
0.979567077453547
0.9629199702133252
0.959089842631716
0.9742451040210488
0.9659447854031328
0.987207145014454
0.9538213076321959
0.8947477253928867
0.9769730761259049
0.9742763556093567
0.9484003923079061
0.9710031213660567
0.9727627064338619
0.9514398510004934
0.9767138009301993
0.9599904457736091
0.986366833434889
0.9389491828214136
0.9732305405907486
0.9891640616142147
0.9611599413579611
0.9649930330499585
0.9563910281129611
0.9869295176697197
0.9726458878130374
0.9822688970227711
0.8633809251856083
0.972241523687352
0.9776001161498838
0.9753823918190666
0.9570446695075935
0.9869635469828069
0.9744595951042394
0.9824498567335244
0.9704576010755787
0.9806147810515108
0.974543340633703
0.9710629488494797
0.9616805271068714
0.9818459269802026
0.9704611557720586
0.9436457963495664
0.9812635298215929
0.9764732818908138
0.9763257999552473
0.9617098135700353
0.958608332629496
0.9331352666950217
0.951871518709409
0.9744366778100986
0.8702774267316603
0.9718013077654369
0.8199055800634626
0.9720905082771816
0.9668694924534345
0.9436859530190761
0.9161991317813714
0.9663664075076206
0.9635260464053976
0.9790187809414045
0.9029978620079989
0.9744973428108643
0.9709463026802074
0.9618555537593905
0.9835466871828766
0.986746684247266
0.9762469374102969
0.9906911347603694
0.9791186765189817
0.9634471452165685
0.9592731153739164
0.9797448610328657
0.9848368861147097
0.9606005084721689
0.971897119629967
0.9866235530792159
0.9770196762832574
0.8531882432954065
0.9866300592114562
0.9681323119414263
0.9736120670547473
0.9751727938374595
0.9786705460615808
0.983718164399018
0.9381102197661865
0.9722343488705518
0.9708101358031115
0.9633920785057835
0.9839071645071227
0.9707858287006501
0.9478828383068282
0.9944105017288686
0.9777073357913879
0.9664888996404342
0.9817416427557312
0.9704134191681535
0.9822958645164273
0.948475755302462
0.9370538933575429
0.9866577663091579
0.9825013057344896
0.9883204495720519
0.9773169860036321
0.9840501516416861
0.967111387984419
0.8990948070509767
0.5607120191555963
0.9793657599419521
0.9882162453899433
0.9728436985578068
0.9721588956855192
0.9589761773536474
0.9790479177462023
0.9106858997449807
0.9841861266782755
0.950441394982956
0.907842739892593
0.9803008797042526
0.9222124807072339
0.9523489966749247
0.9697139100136769
0.9558975129934281
0.9868087656731208
0.988621361664676
0.9339896945160103
0.9787770217378214
0.9680632968159395
0.9674934593535109
0.9714753223242159
0.9699254930681898
0.9670869991574935
0.9575649939540508
0.9546450521875114
0.9940691350788068
0.8027760545905707
0.972025932934206
0.9674124906493972
0.8378093340364271
0.9499829546489569
0.9773927858971395
0.9624510258789566
0.9766040172367811
0.9816284488872379
0.9719565125784838
0.9856593934403732
0.9720380513116171
0.9758924505415186
0.9701502283421827
0.9813591209430412
0.9110201606790965
0.9697281616993403
0.941817305737711
0.9181214306381809
0.9841261991890021
0.9490526025944778
0.9708166043163005
0.9869540998797445
0.9890366976967276
0.8933515396930031
0.9602544619190669
0.9503786604017466
0.9459055742425021
0.9787115440766597
0.9739625380333486
0.9273293441127167
0.9842441401106137
0.9669017491911673
0.9743164925411923
0.9617665871954411
0.9905803295245132
0.9675929255199895
0.9861182558755557
0.9726752569513488
0.9113863681526131
0.9084437833674202
0.9851741487958575
0.9764705429074503
0.9776650268259655
0.6259601033951825
0.9611882776850506
0.9854105677400777
0.9765889482501124
0.9754908069755656
0.9775429814706844
0.9320049074102781
0.9879237135660309
0.9538432567938141
0.983099907726848
0.9726264815616572
0.989287676815075
0.9508820286659316
0.975157084590177
0.9642591246503227
0.9677528829642098
0.9780700306683754
0.9822505153389112
0.9591771211130269
0.9755432833679982
0.9885793146903915
0.9754239833696486
0.9721773325850945
0.9879129325096435
0.9838801073665374
0.9782752998477425
0.9883619530025141
0.9488298211783638
0.9252460860060191
0.9600282819811662
0.9927523874488404
0.9760627061816286
0.9863900971754687
0.9820126825884561
0.9859964505298451
0.9824198965719465
0.9645010533452794
0.969051817110785
0.9786152924436456
0.9675540577218854
0.9841181235546191
0.9868383857800291
0.9634665471994767
0.9817815393276849
0.986893039049236
0.9083918253057027
0.9769277323870045
0.9704133866577589
0.9614184872396224
0.960591645112732
0.9595386427444386
0.9610082089165896
0.9745835348569539
0.9859994378833553
0.8820838306240506
0.967010777084515
0.9396556288274085
0.8439328493091934
0.9707433523377724
0.9717900837870281
0.959477574782642
0.9816371102833596
0.9717053688286805
0.971714939568169
0.9708909404125624
0.9809358851564874
0.9865946063004174
0.9551961064987117
0.9723969769244882
0.9822310826037964
0.9895132671091511
0.9781141554020557
0.9826359761295823
0.9664882728607679
0.9664466094090501
0.9823143997241244
0.989022396387512
0.9229445056782295
0.8597319072336113
0.9593445143928108
0.9720332785626207
0.981066044299453
0.987165880118276
0.9896470588235294
0.9659769512833944
0.9869444819233759
0.9854590849184222
0.975774690412443
0.9864304327321921
0.9840096016248904
0.9899202803623213
0.9639048937443879
0.9658181382017726
0.9896327232526717
0.9873263456034147
0.9868517802590984
0.9838982785928643
0.9204635383756525
0.9109087342919366
0.97628536659568
0.9657615911037069
0.951984437300277
0.8491911636806401
0.9908950168753596
0.9748698231224405
0.9857338059922783
0.9871750053849441
0.9791809811735606
0.9822910228615529
0.9271389329343189
0.9813172591698297
0.9667434918668524
0.9662296564195298
0.9636222818696716
0.9860310204081633
0.9942957492122405
0.9859639752302424
0.9811841371415152
0.9767455549464902
0.9759419978381931
0.9678177002648544
0.9700686504372774
0.936547811993517
0.9637451025649266
0.9836297031756245
0.9660885379701917
0.9798134310721912
0.9194528174212598
0.9788062074751495
0.9808665658547558
0.9820130290814858
0.9747464033632892
0.9762212042099733
0.883741252710711
0.9785298439240679
0.9629279418526417
0.9714616320828812
0.9845097128873114
0.9754901960784313
0.9403478091907121
0.9694535498647597
0.9785402202573362
0.9827980379750964
0.9839290037852182
0.9657010392600697
0.9881004623711307
0.9660475419613189
0.9753416903596852
0.9890854166951435
0.9653849811392525
0.971402784679194
0.9826631908177407
0.934727326985714
0.9479502826184748
0.9612449807002336
0.9567996578190718
0.9806212186160895
0.9642391433397418
0.9579950605322687
0.9608847381316168
0.9763147026832092
0.9683942860563698
0.9542929828280687
0.9693943998263512
0.9899393733073723
0.980055967663128
0.9733110431551975
0.9790241562965394
0.9788824798137862
0.9937096584265109
0.9713762751675756
0.9746533957495177
0.9583926866302459
0.9637131036465415
0.9397730034965689
0.9829897946522738
0.972712206437009
0.988453417985373
0.9801086254983329
0.9817261062840978
0.9815197914343503
0.9412851527170222
0.9816068114834625
0.9659641098543379
0.9885497570389646
0.931151001370341
0.988586329672534
0.9821929212859521
0.9899508369425261
0.9767398629442265
0.9808879062537195
0.9855013208090533
0.9857211433644134
0.9794019906022359
0.9554946562629724
0.9364635788004189
0.9652770704049465
0.979480352552332
0.9771032865160696
0.9661110971028014
0.9939607032057911
0.9184809136093686
0.9712008981414817
0.9662474974974975
0.9807267922994279
0.9815321269790457
0.9845700040110313
0.9810483610574019
0.9847005563853565
0.986341075429996
0.9878958534695063
0.9777749738635134
0.9718077979549123
0.9769255480597743
0.9805303512973175
0.9475666375534381
0.9848339094147853
0.9763348157040351
0.9680144665461121
0.9507915731737722
0.9622532255825529
0.9769633996484625
0.9570160482184371
0.9472079847656583
0.9830061452935408
0.974173379824456
0.9781771093421066
0.989914607169192
0.9695568066268198
0.9740738753721935
0.9854888196913519
0.9733931436271017
0.9793788971056719
0.9506392088897951
0.9942610510339595
0.9856328305751166
0.9745739922525479
0.9821619924341728
0.9533684571499829
0.9773759210671024
0.9844394370987628
0.9913558179740382
0.957030494003228
0.9731982892625972
0.9851938600526998
0.9774389111234949
0.9822050383035951
0.9818175181720531
0.9606204095182328
0.9832176236814785
0.9801123155602319
0.9767455838371445
0.9945974490210415
0.9865280897780581
0.9727525516183333
0.8423702167514049
0.966866345497317
0.9830949662688117
0.9666227986631803
0.9803840222930186
0.9773696527637534
0.9900981810981666
0.9823004709478215
0.8947888580777018
0.9805219560199893
0.9744592224495762
0.9916109620173151
0.9654376054249262
0.9813867226907275
0.983140332408205
0.989078006109941
0.7770389942220028
0.966218336338157
0.9852112967484415
0.9502539017004425
0.9484083548848545
0.9849359166899301
0.9852153397079484
0.9843722619597598
0.9840115441066248
0.9642743424823282
0.9517443026646711
0.9703966418809524
0.9024963128857814
0.9866501556507232
0.9758360215592378
0.9857375413740835
0.9805096945973143
0.9856817236201812
0.9913417028186423
0.9441830748678631
0.989336210477774
0.9910764635317518
0.9864800493986886
0.9714178262504701
0.9861529238088484
0.9882311504691942
0.980728318899475
0.9464868183736904
0.8786313100420969
0.8884119594176377
0.8929188984015858
0.9909446214899886
0.9847732131175361
0.9833313407854624
0.9686797453356976
0.9648860171497132
0.9829678647555301
0.9823918614735488
0.9691672225357895
0.9857618633170242
0.9893256090531677
0.9877219590105628
0.9886049810449148
0.9872522198224142
0.9865854024679497
0.9538940318484628
0.9820731274405395
0.9840988027775761
0.9904411533503129
0.9338243819683035
0.9840093788656572
0.9668451620616533
0.9846769172321362
0.9719245107176142
0.9805735640096527
0.9414502326977932
0.9793124246079614
0.8827087791131474
0.883861009675112
0.9794313115167831
0.9815744901655554
0.9510723512871329
0.9895059435364042
0.9877120606641605
0.974039477750441
0.9662057100289108
0.9653366199352951
0.9842333887488605
0.9906908900692097
0.9798793012714957
0.9819708685608454
0.9742664471987357
0.9915530042848265
0.933294831569148
0.9733513928477828
0.9688597437105788
0.9887764801435183
0.9553869636351315
0.9790762505147781
0.9442969362627083
0.9584911226475898
0.9874142156862745
0.9774321253146306
0.9669851863087112
0.9851088201603666
0.9840758952030628
0.9874504109009776
0.9807979792772823
0.9794411120358943
0.9871327667985698
0.9899044080189386
0.9658629582336299
0.9677771785240065
0.9570954096138685
0.9628851800551311
0.9755980317326275
0.989369738708448
0.9929468566248649
0.98738149586253
0.9904189897673443
0.9750934983213176
0.9011368386983669
0.9773895514303013
0.9709887782848984
0.9622333562735703
0.956882615955042
0.9725777516469932
0.9365652288402254
0.9741717320948127
0.9830739733111797
0.9527079493902069
0.929840453889397
0.9897336280813399
0.9851952246587508
0.9490684208453145
0.9912913315834934
0.9816453542081977
0.9880441147764981
0.9824990929540672
0.9690436304602805
0.9831884816929682
0.9593749303209376
0.9763376824112379
0.593224696272339
0.9750723308164562
0.9817243153348248
0.9805836810406455
0.9727148127073484
0.9895190972782746
0.9599904603744522
0.9461211172078672
0.9814483363462261
0.9923839009287926
0.9819914502790793
0.8289295392953929
0.9872989248286753
0.9813322671915364
0.9651523860378269
0.9681241401527074
0.9670452546183169
0.9803349307076683
0.9761068313931611
0.9828897115624698
0.9871811197419246
0.9572550057334391
0.9519660937132093
0.970729496553973
0.9875491415023583
0.8953648462597522
0.9761644906574936
0.9906498713422297
0.9443796175286053
0.9715516650648263
0.9532795683328015
0.9813431469125973
0.954993769667786
0.9966084304728247
0.9783470678356179
0.9803568241972579
0.9793284754107844
0.9923839072534825
0.9706220736857278
0.9835209530557086
0.9877847132132451
0.9763991595696159
0.9890675074205375
0.9695627535870526
0.9699654692028866
0.9715168349503487
0.9763483762486285
0.9828701579236012
0.954030051575625
0.9866533018941002
0.9820032763866137
0.9816817055867988
0.9737734010933438
0.9711216040511873
0.9785804650351175
0.9896877743148672
0.9903760108183658
0.9945875363821219
0.9802676088816723
0.9822298190731126
0.9758103203073593
0.9866488726086908
0.9723135346822525
0.9696088911942007
0.9798467381992716
0.9833549509750412
0.9632593523030014
0.9701958374436017
0.9873408138219028
0.9699489052376521
0.960089061137917
0.9755936058985765
0.9829022852650081
0.9876167223871625
0.9603582857160434
0.9793055101182409
0.9688542694279932
0.9408733652936764
0.9883048904167453
0.9854860866852929
0.9696766211092093
0.9889633759498074
0.9151722826031073
0.9156770198944377
0.9807720392936641
0.3969897774986719
0.9755120127930949
0.9507266690026864
0.9694623827102757
0.9596493854265422
0.9690090519294903
0.986646107913372
0.9728033816901872
0.9764908713142655
0.9834643060653848
0.9883021078842594
0.9843209128067298
0.9945858700269008
0.9901974649530645
0.9623976130186511
0.9811952652599304
0.9825389641537915
0.9882817912496124
0.9853585724947418
0.9755962438713609
0.9734267446349708
0.9908742414601214
0.990290710398371
0.98621652272529
0.9754398809992725
0.9820797228948225
0.9896773838361594
0.8133539822261983
0.9730356803417083
0.9764863584165432
0.9812611595785034
0.9850481869078969
0.9860547091914339
0.9764692413279046
0.938736348345218
0.9818571849619125
0.9689299383449674
0.901654306902453
0.9812090721859836
0.9162283004488102
0.9508862887970294
0.9884153438498303
0.9594479691281314
0.9797137650594709
0.7013145474106838
0.9824596917710706
0.9864908313369007
0.9679448075841812
0.9827540973868795
0.9725267522081839
0.9819118035023632
0.988246071672567
0.9923937644635455
0.9864366633441582
0.982366778273713
0.9803674256042719
0.9905317528148341
0.9512623101676412
0.9867802531737704
0.9661862736145503
0.9812115168494864
0.901778705767842
0.9314091459893787
0.9761972940081609
0.9713453227074462
0.9763954834089605
0.9852911563469086
0.9909474906274235
0.9737605392494733
0.9559317211948791
0.9856705296530477
0.8844373314365312
0.9741422225626101
0.9823684525153765
0.9860443290422487
0.9742833104262054
0.9810947691661926
0.9842968805013731
0.9843130139972434
0.9889634420083235
0.9403345787797204
0.9760491287936334
0.9655476630073944
0.9812103684620523
0.9895197117451565
0.9597006056535042
0.9739873417721518
0.9787426766942287
0.9828094966362326
0.906720046475796
0.9789775058954151
0.9758263358449575
0.9888763704849667
0.978342282182015
0.9894788532804472
0.9730059052773098
0.989249706442078
0.9821519783112648
0.992503748125937
0.9756026989803595
0.957638349795633
0.9859302369524962
0.9874823936227031
0.9644601060505972
0.9804698662739642
0.9881666642360251
0.9875371988906944
0.9912749581527963
0.8343855791551489
0.9845370301696357
0.9711757336024546
0.9531137638429454
0.9876959616034834
0.9920281947275585
0.9892250947713535
0.9879705922884878
0.9713523006261087
0.958010958775251
0.9953139624237577
0.9924685812803412
0.9954475506540138
0.6951770533808176
0.98559506397414
0.955469342475541
0.9640538259981347
0.9839878947007682
0.9718640584512472
0.9726222131315198
0.9813923574979766
0.9850449750487742
0.9695499281751611
0.9848833135366551
0.9484701862194719
0.9763371310372
0.9755156393587693
0.9892024824071992
0.974478526735936
0.9946210371656526
0.9867502323475442
0.9876741430625431
0.9457976259121548
0.9672986075296545
0.9788410580496899
0.9798183238110897
0.9992030938708544
0.9690985723611387
0.981450664776362
0.98868461497036
0.9679077604225091
0.9914059307251433
0.9712219447978393
0.9376954895159697
0.9912685997016771
0.9546030004431034
0.9761989932991381
0.978568139147685
0.9557925464281237
0.9661860139423485
0.966206066796843
0.9435341741477117
0.9906044780877418
0.9700822374257799
0.986504487119278
0.9573301758540543
0.9888128352127281
0.9785984666576321
0.9722534910815379
0.9298896974660403
0.9734529519748919
0.9836331277739531
0.9816802239741482
0.9600930245359094
0.9883500209226589
0.9623034107736487
0.9842842632868909
0.9792930032944024
0.9024077908135879
0.9847834391428519
0.9662247300348785
0.9696101018790768
0.9528345814234636
0.9910587673339005
0.9742269240871204
0.9739240757697781
0.9731063925582293
0.9863783135903337
0.9522494150326652
0.9788733468817322
0.9847894649632515
0.9927133015368309
0.8767446075765815
0.9456859997044745
0.9725093588059962
0.9903276399183586
0.9755143757911205
0.9609636344016402
0.9875057975894734
0.9641594788587973
0.8654113894107947
0.9770137643408204
0.9881557888515228
0.9816333870911601
0.9881321479755848
0.9931806675561448
0.9873984519925798
0.975563307678978
0.8356323224233752
0.9840090311180917
0.9908190126054655
0.9750404076733413
0.9536788949030569
0.9584325243939038
0.9774284210383198
0.9931864418178455
0.9487053194483535
0.9831514762516046
0.9799615573629863
0.9523980170817655
0.9318697823327955
0.9788627988082967
0.9896739500173037
0.9829179331306991
0.9462812029690838
0.9079295154185022
0.9754336692549149
0.9874682810650743
0.9714686220422417
0.9105373726399515
0.9747362258678268
0.9862381520514351
0.9850820846378687
0.9806121307072516
0.958445768802834
0.9827356487291891
0.9917895002437919
0.9917569573182997
0.9908179502117263
0.9543250224026145
0.9912571658646011
0.9443330172853913
0.9874910968660968
0.9827411839776544
0.9746625520383652
0.9608596592648009
0.9901069798517255
0.9782051799257705
0.9811073431936019
0.9821813712692936
0.9504996514059958
0.9852834081425709
0.9753213923622845
0.9750428300226883
0.9904545619051066
0.9848590795264338
0.9847888918685379
0.9893420430615841
0.9819458744729969
0.9881716149730867
0.9621009581340232
0.9858853369345181
0.9584432078700664
0.9908903368806163
0.9513482749146289
0.9617649852759571
0.9880600689315608
0.9804969972809254
0.9513190165480123
0.9847517687315059
0.9945815401817638
0.9898348157560356
0.9874463959388683
0.9409175563448017
0.9905317493104326
0.9754096479552027
0.9928170956705537
0.9837301448157368
0.9823683294480016
0.9851576913641714
0.9828467249715962
0.989241323568549
0.8105925902979989
0.9921725306539134
0.9957456424002057
0.9652469989810205
0.9858406591131781
0.9728247741436784
0.9934978856255575
0.9653092737105229
0.983016983016983
0.9703785844485756
0.9820496394935191
0.9602898190185957
0.9860063001276846
0.9322866371982319
0.9686369324189309
0.9927543056762577
0.9900615842004672
0.9830986446848444
0.9876612319195162
0.9532487283024804
0.9805103908689566
0.9924369967242211
0.9902203452304348
0.9857144541891557
0.9482259804696358
0.9806893263401676
0.9737884474659491
0.9745656880110211
0.9775095672652341
0.9851276070826228
0.973693250098927
0.9887103059356366
0.9677250792471599
0.9928655283738756
0.9817387407573381
0.9859223531214542
0.9639138695376821
0.981815692335394
0.9564979503372983
0.9922985923242698
0.9924281276263254
0.9911424203329336
0.9620676617042957
0.9820350817005921
0.9886767343411206
0.9736363653350624
0.9772504801614141
0.9819603854310424
0.9787345279393612
0.9820438727667278
0.9838221552794165
0.9825606937520295
0.989206463877163
0.9870412671490514
0.9857032220881436
0.9876954921803128
0.9620019057519058
0.9803772695736409
0.981362898864251
0.9862873109425657
0.9830727333048507
0.937467310796295
0.9812243435809749
0.9832638062097812
0.9931270937200195
0.9911443724820236
0.9790958867718464
0.9738125162830779
0.9739970943161266
0.9659653077838312
0.9790863318739961
0.9844931897862307
0.959741304616908
0.9824585782658295
0.9782580707016751
0.9916301016896762
0.9838334204445423
0.9670717653221582
0.9489303328417268
0.9755690082157318
0.9743765568585743
0.98737575362555
0.9870781790236318
0.9807063967553297
0.9933016421780466
0.9870328438189403
0.9749278704100669
0.9786814468313711
0.9903796813157884
0.9235123083254067
0.9697330385988777
0.9858029297411931
0.9839866771304744
0.9701434819135288
0.9841115780050858
0.9697699284803731
0.9494092817399279
0.994712454427849
0.990345144365734
0.9905030299856712
0.9964147898867411
0.9839052163854242
0.9896623018607856
0.9584085834239588
0.9773340060863122
0.9874487802282178
0.9899934161174363
0.9874474114577482
0.9832162112537348
0.9841818641788461
0.9700343334903806
0.9819667622677091
0.9536963144876481
0.9708529218050919
0.9157137284065003
0.9934582604278377
0.9412132400060259
0.9828671479936165
0.9688567613814664
0.9912865944802945
0.9784647352064669
0.99210800539414
0.958503404112443
0.9949881347177411
0.9536855347426205
0.9880282668333507
0.9731087779236651
0.9873715834565374
0.9824833712385285
0.9844150989148666
0.9807132808189475
0.9780743341808027
0.9894473301554467
0.9626483899623254
0.9825431835766754
0.9702726554879465
0.9878536251809499
0.960567536008553
0.987953303527074
0.9686897820808833
0.9903697504175545
0.9872763920382968
0.9334442345183702
0.9887494629815266
0.9982029737092591
0.9814457300216958
0.9750258939759385
0.9914808511950972
0.9843602518608792
0.9820764602114217
0.9840427488553792
0.9858199910410509
0.9802345239379878
0.9707794161901896
0.9944299330554066
0.98088226374331
0.9848089864834865
0.991040088675411
0.9777520059666751
0.9808597788996155
0.9834348320406788
0.9769951099760448
0.9873700321533235
0.9808884456826803
0.9673710488379452
0.9880766010121237
0.9896146433924705
0.9879504692098395
0.973536465142945
0.9796687784051783
0.9763704372500968
0.9792138089786008
0.9034735082885406
0.9797977888046417
0.9845680168994416
0.9785752943581849
0.977402174664858
0.9290666274707113
0.946992491774697
0.9742112516536168
0.9907315495555499
0.9554674073778027
0.996548266322669
0.9842084781097985
0.9594278016925825
0.9791411435938088
0.9886107451324843
0.9692802638338871
0.9886370034627403
0.9785378357536195
0.9761063233834306
0.9703386631288782
0.9834297550174987
0.9897668349301192
0.9854377419757712
0.9902494397066101
0.9765558206803281
0.9766403950242142
0.9434498578766269
0.9914398649893216
0.9483566891029178
0.9862117113186142
0.9805722409035906
0.9847436064391397
0.9900525332950278
0.9860162890629084
0.9829872901689617
0.9862146301979697
0.964317502416219
0.9737172631290278
0.9643190287118026
0.9805803934895114
0.9673574549612323
0.9810560779205213
0.9858527198888004
0.9845828478918974
0.9866256037517787
0.9949012870074293
0.9875834472774069
0.9866264294790343
0.9914446973265505
0.9849734393801544
0.9908294468160985
0.963371308975431
0.9669162999873726
0.9911330528327036
0.9832487229198252
0.9753703570939759
0.9907289325198404
0.9864178899711895
0.9855625451170466
0.987278749738983
0.9770193666846393
0.9884370212976231
0.906358093648636
0.9901801677898501
0.988876447966984
0.9858231846531542
0.9800701153182807
0.939810871743487
0.9886504690705638
0.9567209834519717
0.978325517225388
0.9815952355880048
0.9890935046395432
0.9885637753748929
0.9708240534521159
0.9782100691698183
0.9884073553331679
0.9564369071431201
0.9846890958323706
0.9572072072072072
0.989960433881517
0.9630423415535775
0.9834911964330526
0.9768265987224575
0.9645785087262131
0.9881465730838191
0.989051789932764
0.9853277321307222
0.9866829413920937
0.9681265206812653
0.9713904987662257
0.8427046979558792
0.9894589137205243
0.9793384134655987
0.9867239488418501
0.9815586276434844
0.9564602470976798
0.9922521037484974
0.9667996396860121
0.9554615704675712
0.9740231873126516
0.9879972198460223
0.952786097357432
0.9796044325992426
0.9905045578122501
0.9823768495012437
0.9796766869990974
0.9860673038157801
0.9863324705989193
0.9879332421815656
0.9686509701274444
0.973406157994662
0.9879628546128709
0.9681105630707623
0.9868043469853425
0.9719744026616939
0.9675628905866261
0.9736123457895511
0.9435690357219396
0.9624143835616439
0.9811003052528018
0.959480696959344
0.96132718700156
0.9897621235960308
0.9853518203589939
0.9790754362879392
0.9744562699322599
0.9863289255468745
0.97723707620217
0.9872582517922414
0.9754610812123077
0.9826087849776061
0.9834776792799329
0.961491556193223
0.9591045904920512
0.9807526765224415
0.9768497285141513
0.9841588439731646
0.9914410219848973
0.9648224555143134
0.9781156941012482
0.9830968902661227
0.9885768193260699
0.9909529322293609
0.9857976837363126
0.8744862643848483
0.9921676742177639
0.9894624279551962
0.9884596183228687
0.9905133568888029
0.928335712580117
0.9940883949037099
0.9871493880415265
0.9850715572239661
0.9840371891679169
0.8648273701640151
0.9891737891737892
0.9926581388743122
0.9806511801146206
0.9855426648531779
0.9913664853791186
0.9937323857572844
0.9818811655768084
0.9871110453116427
0.9910948851842242
0.9937075800824612
0.969760687111317
0.920575276491519
0.9956770973343311
0.9902905062086547
0.9519878798845467
0.9930998784714408
0.982117858521382
0.9932742782152231
0.9910537043837381
0.9766423357664233
0.9359002589994443
0.9146752951187896
0.9810076131283141
0.9800541905661345
0.9753899847512497
0.9698099937609892
0.9807553733799423
0.9863498843210535
0.9540153052507262
0.98744496374494
0.9902532139809981
0.9641732805952057
0.9890225909046199
0.9775516448888976
0.9748076718814015
0.987056233301209
0.9802759766765964
0.8032102968963388
0.9907526660141157
0.949764961762436
0.9918358574870254
0.987525754411538
0.9877454645902868
0.9653290887385595
0.8338801886149938
0.9866122402374972
0.9622536360845113
0.9885687322099944
0.9820199626270453
0.9781962826987366
0.9855049901309388
0.9857995267783083
0.9752875261233374
0.9850639690568284
0.9893173966947123
0.9662082087085514
0.9637227982151225
0.9892857586768368
0.9898965940387399
0.9854651375542496
0.9675696498961736
0.9813360485191908
0.9705601478211044
0.9899176849532184
0.9838080043450219
0.9765704991121998
0.9855413010059229
0.9920074597042761
0.9783391812865497
0.9938874779389608
0.9831243651695943
0.9879772824935271
0.9850889495829335
0.987167498023291
0.9927473058420688
0.9824972556300519
0.982714024253592
0.9895620724104354
0.9774669795154359
0.9655008046201149
0.9805100927086073
0.9879640189377118
0.980829740069462
0.9831050208345176
0.9840027020388111
0.9613319806395705
0.9751740772766577
0.9493107471587227
0.9144622622136763
0.9897433829361079
0.9846609586783087
0.9519180416059713
0.9775105295223968
0.9597586479001707
0.9714145988705268
0.9826016859818086
0.9926463257412979
0.9882291092795236
0.9901455698094611
0.9792239892992102
0.9878647351867582
0.9804625582400691
0.9884128360797918
0.9792451918430463
0.9845483592739248
0.9828462848318041
0.9872174087152791
0.9868275623502413
0.9874749269400115
0.9874565743116338
0.9655842292324334
0.9885903097497573
0.9888668495341769
0.9831337393787132
0.9759461856889414
0.9695415867457937
0.981640872780531
0.9822431688573658
0.982394584859964
0.9576254828216084
0.9748492284270557
0.9736067469127484
0.9871061221240347
0.9889661924891027
0.987790543232833
0.9921524804439813
0.9815003740733184
0.9511536616108254
0.9874933672456061
0.9850951774465595
0.9874011193765944
0.9810795269881747
0.9739494938295822
0.9753986121103814
0.9907006625696801
0.9793172025190586
0.9803761404759429
0.9427003573251659
0.9697204880978009
0.9839994185382467
0.9871372754533176
0.9842150183841152
0.9795773186708955
0.9787674600036336
0.9774731093236876
0.9841044370518378
0.8955307262569833
0.9908802833043
0.9802623784237907
0.9767127682928889
0.9654004341368674
0.9883126616588808
0.9898529617414022
0.9910187837956761
0.9886409098702634
0.9831380163904933
0.9527766295774529
0.9859466378196633
0.978991187078204
0.9872292537037323
0.9393294305481639
0.9894165844776572
0.9831772868863052
0.9935242370589301
0.9425643009089151
0.9905914639229022
0.996432131693847
0.9880704182706864
0.962321412845404
0.9767461423314683
0.9831384610856432
0.9873036888731015
0.9898085381389423
0.9834078596611918
0.992020427705075
0.9877971439193475
0.988161293895088
0.9855722786139307
0.981401100660692
0.9837505498114795
0.9714797567711893
0.9853232183587564
0.9888750367258781
0.9946874916992058
0.9960287739342008
0.9759003109870049
0.9706393216739653
0.9921776869168998
0.9748491501863904
0.9908810656165795
0.8717881259317724
0.9770027058689364
0.9837925608154837
0.9887463803052672
0.9795396348174505
0.9824423488194314
0.9349370807034258
0.9769209251851078
0.9906539410449208
0.9794344473007712
0.9830555669541056
0.9820405338606031
0.9648670378179942
0.9866764063793266
0.9551114941290532
0.9761147819985289
0.95973992320196
0.9750539127892102
0.9740021020148035
0.9823114138617312
0.9689186044051372
0.9859069603541242
0.9837355264581755
0.9726356536376464
0.9873442203028275
0.987971668206438
0.9931836533520696
0.9817868698465714
0.9772955104941248
0.9662838213306562
0.9723361475405464
0.9719659248690435
0.9863267428423523
0.9871801049287012
0.954236497926533
0.9870660150046547
0.985364939567132
0.9876507564821024
0.9817619378696735
0.9850984159097574
0.993244581362086
0.9698682480750062
0.9832893667813475
0.9909690382067812
0.9338255500796951
0.9794989617959533
0.8892787836539368
0.9565967430306376
0.9823354756267147
0.9889981324837965
0.9842456802671701
0.6032725964996404
0.9878560618039712
0.9914863771618248
0.9768276898668115
0.9709066944917348
0.9878123470457242
0.9823607501559621
0.9717631543803419
0.9571599676889223
0.9573871226289072
0.9808016916770232
0.984451265970181
0.9795735376241751
0.993664712961379
0.938782028532898
0.9780880276258174
0.9843561299816849
0.9829407271482129
0.9915888696780226
0.9940708027590134
0.9716218882807193
0.978785734728273
0.9622019922415641
0.9681028702157592
0.9878124809223148
0.9919004285528101
0.9851237549694353
0.9554926876399888
0.9547453973874319
0.9879424336952632
0.9790831801109487
0.959658657250315
0.9834077950654545
0.971129852864858
0.9840113892532274
0.9247196042475159
0.992296468582738
0.9881556559223558
0.99420153156181
0.9645421845392941
0.9678977574249865
0.985121563999781
0.9876233908019834
0.9425365880991429
0.9846130159066195
0.9819860501306064
0.986918514913692
0.9896331248848856
0.9800566457231845
0.9887406418363802
0.9812011707602178
0.9667416213154418
0.9794893606966056
0.9913090767658063
0.8654294403987982
0.9874298483027161
0.9288461172952528
0.9865708058583819
0.9786047646406056
0.9705779557080673
0.9903868473905716
0.9924323436746338
0.9899136654466206
0.9547996375129855
0.9738276278432269
0.9851356488896922
0.9890983090266001
0.9854599967354793
0.9878974412478155
0.99368244844297
0.9771468637398154
0.9459410805430247
0.9916538590912723
0.9881325164511006
0.9892064900582788
0.9874478794175989
0.9225213266441525
0.9500206195354522
0.9814611844882954
0.9416234740684767
0.9848546850784474
0.9937234335831565
0.9908768396029543
0.9893907734422401
0.9584652022686679
0.989322318258193
0.9870009116372477
0.9777922757578389
0.9726477845456228
0.9643643135263247
0.9835320761047349
0.9839941251095539
0.9931235122983337
0.9784059131611517
0.9633626786219429
0.9789115646258504
0.9883469923458184
0.9921683312181574
0.9294308987912285
0.9865836128413992
0.988004957118297
0.9923676771615167
0.9834543072619765
0.9614105043177478
0.9292999365517314
0.937224975929822
0.9922179141027251
0.9471846996191956
0.9849004152894313
0.9874496938717122
0.9732101433403069
0.9762579783286329
0.983405971425472
0.9464785144243284
0.9802417470852066
0.9347705376796045
0.9896316519960554
0.9847204630802391
0.9864497577500295
0.987650887922268
0.9846708361232601
0.9518460546910966
0.976394085736111
0.9802847817813469
0.9926734882505065
0.9426802797652545
0.9723746211962842
0.9880011075900687
0.9928435664093999
0.9881276567143203
0.9587598012809002
0.9864389065140688
0.9860384903915033
0.9171114625775911
0.9488316916145715
0.9855398763278896
0.9292335900866092
0.9772523051569147
0.9788994962715294
0.9896158245464731
0.9509495978150777
0.9864882307688336
0.9917298129147593
0.9888702810254041
0.9719333790185621
0.9858786779975478
0.9913575711537145
0.9673970361920341
0.931805442979157
0.9762501414876043
0.9602580682660312
0.9891066639158242
0.9826305637179787
0.9890290267820817
0.9846666817882822
0.9788352951817347
0.9865016738719588
0.9752897709624156
0.9884411028759661
0.9814966680219697
0.9780886671558687
0.9859098678850424
0.9882537289749286
0.9874488075162612
0.9700668636292956
0.9875188493911121
0.9892300641613199
0.9883418171804583
0.9886020016077038
0.9915347517369506
0.9806558032590222
0.9892515608946495
0.9900376874933259
0.9887618430007376
0.9806305888177234
0.9890121046466224
0.9941198115453712
0.9886662263382003
0.9921336202036057
0.9891734681164028
0.9849354059961505
0.9893585381522282
0.9367632438574066
0.9915097083848448
0.9424372924816726
0.9704806414134541
0.890657568104221
0.9871435050099686
0.9613698925061898
0.9598306454652433
0.9794596424285319
0.9528805188850467
0.9894149453618769
0.9784393118524856
0.9619121069437679
0.9851369521848087
0.9503367974318516
0.9862456759995537
0.981017862853488
0.9856916642981851
0.9566635384011235
0.9581047624855175
0.993174184955701
0.9751978608908933
0.9714937286202965
0.9908909418304236
0.9957170323067944
0.9789002799424983
0.9839297148318965
0.9865377456619031
0.9685679357138838
0.9896830394626365
0.9813318506202563
0.9895818951949149
0.9848224527270848
0.9901077426954686
0.9862940019495539
0.9749753592522009
0.9512349332078927
0.9338298167483442
0.9721723751345871
0.9896624072967815
0.9875440627137371
0.9502362475948202
0.9934525813835631
0.9769865218265943
0.9684595353906211
0.9569206460674158
0.9960039849457605
0.9865145228215768
0.9859708098246562
0.9659543643607389
0.9770031588392187
0.9849536359075316
0.9919065047413076
0.9912449241162872
0.9390427006904861
0.9859947603193664
0.9913986306670562
0.9903250185371789
0.9545241543191775
0.9731429103088947
0.989183962427047
0.98868739395809
0.9935452957878105
0.9817764165390506
0.9903557527594281
0.9902254695976669
0.9294467922620061
0.9853520793292666
0.980544235572499
0.9842539020992502
0.9887843502561714
0.973348514243339
0.9631724051505373
0.9803377807181975
0.9786836887875459
0.9875413485021795
0.9894389389539235
0.9882645576886281
0.9885648200831505
0.9746625059358253
0.9825870646766169
0.9888064015820551
0.9322203464015507
0.9982468702930937
0.9891682684814795
0.9871073104512786
0.9864033773155731
0.9868632915812549
0.9773146153081181
0.9774727230329288
0.9801216424251091
0.9472210720294251
0.9838026137112635
0.993652909027273
0.9931439646296408
0.9847402015942367
0.9797949963079311
0.9852727634339387
0.9810778610974841
0.9906763101285607
0.9808984094601232
0.9786142069254122
0.9855695425237949
0.9871414238620775
0.9917833424262139
0.98049090641774
0.9911283390369301
0.9912678875004761
0.980455390756112
0.9811445107514227
0.9811810846433279
0.9957280091319177
0.9914598912304555
0.9895025165435459
0.9844300930973748
0.9884096323280965
0.978476582414339
0.9769495325083393
0.9338638373121132
0.9935191918582964
0.9527025498314442
0.9908171125054158
0.9596495916162238
0.9944444444444445
0.9647064228101778
0.9927072409428084
0.9868866588684356
0.9660334008341585
0.9604614583124612
0.9853866707188897
0.9862079898541535
0.9845010757496131
0.9862167760419691
0.9812292906337283
0.9916903262475234
0.9849926291850704
0.9865645573021631
0.9873350872813166
0.9889957722714088
0.9912220889860729
0.9839579978572996
0.9884842740198191
0.9806514318294951
0.9842260756659108
0.9804907837433912
0.961558283270198
0.96178891702559
0.9907136825223358
0.9839983312971186
0.967080652724982
0.951226125876089
0.9608891840091756
0.9648641989578802
0.986884183309877
0.9694497250243986
0.982621444726887
0.9809382164572563
0.9850661681673807
0.9856026060649704
0.991506885751104
0.990587261109157
0.9899516487094289
0.9640391000880938
0.9866852018042431
0.9846555081188261
0.9830841025353272
0.9745247417569632
0.9845137299434563
0.9826148243862328
0.956747699066271
0.985684728210239
0.9863003799141064
0.9838690050426054
0.9205862369071977
0.9755657623147442
0.9868822262878194
0.9837956532666641
0.9863514033064206
0.9249361534490722
0.933820878611526
0.9746462961648568
0.9817605827936677
0.9928553170374751
0.9847862210008308
0.9192724467060837
0.9674411213702663
0.9948836203790444
0.9918236472945892
0.9863992598432567
0.9820248667850799
0.9859105493920506
0.9626428537273466
0.9911017953157751
0.9772612110463643
0.966375383100007
0.9941818567520099
0.9601754122279378
0.9720141791147708
0.967783534830167
0.9675134161388278
0.9904282115869018
0.9917567174826284
0.9872536271557624
0.9866029415958478
0.9823227717751514
0.9678597400396789
0.8626912979832807
0.9891226715374904
0.9913543551650678
0.9772520177037229
0.9900210997044766
0.9892792403970652
0.990116062452988
0.9802537654876643
0.981068815710848
0.9445418284527408
0.9678128907344449
0.9717199411043657
0.9872778391211264
0.9880514980434328
0.9914331283774538
0.9717018120345162
0.9865523426694329
0.9913010505654317
0.9830396912516532
0.9884197991327207
0.9823597009797533
0.9922753953829371
0.9692949995255716
0.9823529411764705
0.830489776649324
0.9907272274892956
0.9647796470223965
0.9922784711993178
0.9780535141051702
0.9900035281665295
0.9901911943236615
0.963503906458018
0.9917471715658418
0.9897086976137347
0.9841858348661484
0.9648587787415808
0.9612971323712678
0.9786468536107578
0.9903811069013234
0.9835403901724276
0.9808603981888755
0.9931020941732072
0.9760155015935288
0.992263570161832
0.9722698958199143
0.976962976962977
0.9855068072736864
0.9695572350676073
0.9777644415720309
0.9574966471312304
0.9889236696364074
0.9911469577851101
0.9730277700860277
0.9781390134529148
0.9850740862812707
0.9849365187945809
0.984344709619614
0.9844443407065854
0.9903827122730626
0.9842757143066786
0.997784150156413
0.9845459109386756
0.9916668974579114
0.9869750617702104
0.9684551644925753
0.9910792569785698
0.9892582849152748
0.9938296279846358
0.990657327586207
0.9726055194805194
0.987830819584617
0.9794864901196397
0.977932541943285
0.9844417519296356
0.9686212281813107
0.9571874288037391
0.9813073201105216
0.9814210547427498
0.9877387659273569
0.9904172111433063
0.9453502165576981
0.9802505261400434
0.9919044551611275
0.981407497022386
0.9796345393093024
0.9762461419896032
0.9781781704167131
0.9848738613393537
0.9785883683777052
0.9829676379279629
0.8487233374137427
0.9823153579450054
0.9850642226303699
0.9894761945900169
0.9602135203380738
0.9924044255846849
0.9731979612739092
0.9775702321757845
0.9900167096207766
0.9950142238345873
0.9866039034736822
0.9766130338534637
0.9730047935413337
0.9944964639468394
0.992608877004701
0.9478495492622637
0.9750092227868287
0.9921368552181606
0.984261613364762
0.9680937463742894
0.9965907817496918
0.9786752464505509
0.9775841835328851
0.9884779623087137
0.9670064991532793
0.9919603544981188
0.9878020888922772
0.988896389401519
0.9872178145939163
0.9808406833039924
0.9729823024123418
0.9919264912216079
0.9903630729616985
0.9932515337423313
0.9882265529711909
0.9858733028466092
0.9826707050569337
0.9924809246500539
0.9623608091190617
0.931664023539752
0.9878543166634235
0.9914294056030917
0.9902622558590723
0.9914776134119659
0.9888916980564472
0.9818286190154709
0.9784509759703325
0.9830959995844495
0.9742668545028391
0.9904152303765492
0.9719034906455492
0.9731257920904689
0.9616337562880096
0.9941361912995215
0.9918537997627481
0.9885811330897895
0.9941307901549585
0.9834665512676917
0.9930450406799507
0.9502590010871651
0.9888804797112418
0.9826779232936231
0.9786806674223892
0.9916835731210606
0.9413982932807193
0.9857848629813767
0.9903109243844954
0.9723113035735966
0.9888334655934701
0.9908263857861265
0.9919538173551448
0.9867804876784608
0.9936462389833982
0.9951231817035231
0.9946286444113649
0.9638047653297014
0.9870294493264816
0.9623509197493431
0.9685525644136869
0.829297019958373
0.9805900445785364
0.9645048972297519
0.9863045141545524
0.9911002150232625
0.9793553803595475
0.9792725138149505
0.9896744095001957
0.9904896447304385
0.968166609210553
0.9892903849746684
0.9776167804823026
0.9877921736023618
0.9777864022862788
0.9954217406709808
0.9719442081769172
0.9642743895994081
0.9894887522472844
0.9919109833093706
0.9876420574122401
0.9870107533926831
0.9855102264260784
0.9913440808314831
0.9916263577931008
0.9926162026323577
0.9888246176512444
0.9928591692708963
0.993981328883133
0.9546798523735857
0.9818659353817037
0.9715932516678519
0.7620342291470599
0.9856935854391236
0.9915642897897573
0.9901352248486452
0.9910126397677086
0.9728652462407354
0.9866787915810518
0.9906366632472663
0.9839508225566653
0.9768086693283026
0.9796498970867638
0.9948053464075176
0.983829175952528
0.9858108536110834
0.9704435788016242
0.9876843545689524
0.9844618883953877
0.9691136228435455
0.9877773394202408
0.986877687502591
0.9860312243221035
0.9878850246743224
0.9683032138681494
0.9704215191177986
0.9892982263096806
0.9860018290723637
0.9862215833466432
0.9548837209302325
0.9909043921508053
0.9899010403450901
0.9862027862623854
0.9764957547982039
0.9940823482129246
0.9964725949887664
0.9209828233966703
0.9549131738614967
0.9486250122880538
0.9743172951885566
0.9809573087460663
0.9910730328980754
0.9467351778862263
0.9715306410239192
0.9805791216493849
0.9882379523051997
0.9823817349218914
0.9830456562929893
0.980481253270955
0.9874852543587833
0.9863184684673151
0.9842603359173127
0.9330464518135977
0.9942970735840448
0.985239852398524
0.9814173709398228
0.987735165528432
0.9844985024981608
0.9848369776396199
0.9914138914019426
0.9849171443011839
0.9480206127425792
0.9935944823099783
0.964140085687047
0.9805032945374443
0.9462303798134711
0.9882041414764396
0.961443739987047
0.9875618473989756
0.9807698519973137
0.9918407042912925
0.9965719822153616
0.9805353896873694
0.9923425294635413
0.9799194496523529
0.9868848549882262
0.9240334175247717
0.9302557653137944
0.9828679983596756
0.9901261086474501
0.9594507512226126
0.9912375965128907
0.9852236941415298
0.9888688206569001
0.9675840267973799
0.9873400195567709
0.9888832092454717
0.9887044307757609
0.9426803188387013
0.9844056795131846
0.9726226582752568
0.9888890545367032
0.9864692726622202
0.9951455817685113
0.988950883318886
0.9778266590560373
0.9929342640225689
0.9725181304000833
0.9846306395637084
0.9851634975985262
0.9945493544058533
0.9803924793634803
0.9956290050025933
0.9715302883951981
0.9802909265747357
0.9812990919328857
0.983889189056437
0.9895047691563686
0.9824060980701117
0.9800602085320289
0.9867125628109081
0.9428251121076233
0.9915161536504706
0.9849805729246452
0.9869334983838801
0.9676264538120278
0.9724416732600386
0.9879184622834369
0.9819364140761128
0.9906807131280388
0.9822581230713379
0.9604482937236706
0.9893399919988133
0.9702580411700847
0.9565953165020125
0.982796515696597
0.9836691732088029
0.9676703410520086
0.9813424690759156
0.9867239985378933
0.9926906908618095
0.9852485699272467
0.9840649784258039
0.990761609284284
0.9889806302136867
0.9825318552400635
0.9230761281922445
0.9610617185006078
0.9918540856738001
0.985870792707297
0.9940026871870038
0.9619754138753113
0.9960310482554197
0.9895232589292009
0.9916202361552938
0.9728211991902117
0.9874849383866101
0.9811434937743363
0.9772379705424211
0.9723245593050039
0.9782943414180707
0.9749354088272816
0.9892636926213301
0.9953090958288041
0.9551217871992331
0.9019743036038653
0.9910703583842743
0.9708553431870823
0.9901534755124594
0.9824856035262919
0.9950970329548864
0.9877467990233404
0.975262986272503
0.9722061354985841
0.9846282927073615
0.9880847058157394
0.9912785201058868
0.9808426476456013
0.9818430675891874
0.9841818721606503
0.985517265217241
0.9920282751148032
0.9812832487702533
0.9827665375233176
0.9769533848943016
0.9853780747842559
0.990030105172616
0.9889403790083122
0.9396904448928961
0.9710110002268088
0.9939155810715444
0.9877633365176731
0.9934449438707975
0.9463635845265768
0.9881949828677188
0.9951550946095765
0.9898122226474123
0.9926597427326846
0.9822075587720543
0.9933422233659691
0.9870172204820312
0.9486350846085649
0.9898875997427746
0.9637253992355858
0.9847219739272782
0.9940013202451424
0.9902986524769849
0.9735193823550244
0.9904017248719056
0.8691457523889531
0.9794236687614762
0.995444427648797
0.8982557871968337
0.9930641615843129
0.98941840008279
0.9803779104129465
0.9946481514809938
0.9592203796839663
0.9734626587692607
0.9857319123501799
0.9931328168648516
0.9919652300663935
0.9876789822599313
0.8961400523939795
0.9925686240866578
0.9577694582428948
0.9737318016953092
0.9718688446648102
0.994889730532954
0.9837463584912924
0.9853148520816511
0.9879095847205187
0.9810291089532254
0.9716180963270594
0.9780695138507053
0.9786346808703611
0.9890504946074861
0.9920245062958556
0.8822336838345746
0.985908278458045
0.9410489590482727
0.993853937448144
0.9891370413956315
0.9931473852457171
0.9902585182615883
0.9817699614564109
0.9908316780378271
0.9778358196734734
0.9831643042925984
0.9774415441944442
0.969705141577836
0.9851155182989164
0.9859081168090528
0.9944384156266957
0.8762699905926623
0.9875363219357078
0.9885884303668004
0.9929292495862958
0.9976601587125442
0.9933665869964322
0.9876041205510437
0.9803744733360755
0.9821140627493712
0.9900581572862042
0.9893281228694686
0.9874189995036275
0.950060052846505
0.9889966298227161
0.9758242404635158
0.9905881823721133
0.9763396632279786
0.9886206179853124
0.9726453671592165
0.9692862127309747
0.9529218009008473
0.9888362783394237
0.983730809382112
0.9961744639376219
0.9891841899061002
0.9902121952802232
0.9926298628440726
0.9649590924948513
0.9782346140347256
0.9935479321651447
0.9929426802227479
0.9783468111927691
0.9906681254111239
0.9434830108616485
0.9778049327913414
0.9867465290092078
0.929961844733092
0.9930765902206837
0.9772832368860024
0.9906578038628348
0.989380544370099
0.9724912754699989
0.9910941270685865
0.9699546263136035
0.9799546363796148
0.9868289460831058
0.9927406268682211
0.9508194550034834
0.9822899546462108
0.9913579204996202
0.9904958532382918
0.9699162753902387
0.9802928680223392
0.9926643924110887
0.9835203630455795
0.964462764840679
0.9808980856092304
0.9797783846844954
0.954187226772524
0.9733587674928902
0.9871935233540972
0.9933273839251358
0.9901086636824781
0.9965356638867187
0.9926533914450505
0.9947334896854004
0.970607181134651
0.9767572714681441
0.7515250083546842
0.993992246326854
0.9873215967543287
0.9967305909334895
0.9846971958630985
0.9867536728911827
0.9764551760029431
0.9627974218420577
0.9906850082704346
0.9590135463702675
0.9887649321496655
0.9917717271148077
0.9842934362219021
0.9943087581213518
0.9805945326056283
0.9711647958353669
0.9906317206277242
0.9845715941006814
0.9871095862478612
0.982689231458934
0.9850165224126443
0.9946424288739751
0.9924487835392417
0.9928681113839231
0.9787556081858665
0.9060404638299937
0.9852347039054633
0.9678607154473541
0.9901426643793354
0.9865623885437755
0.9932289645059732
0.987491702388587
0.9802753828930207
0.9932216117373597
0.9880377590735331
0.9811924596846129
0.9831320902112628
0.9794246491712935
0.975266468798417
0.9826040856179535
0.9849840347495901
0.969723759358447
0.9864935084930389
0.9866010407605977
0.9585392754768617
0.9919434628975266
0.9796163870881508
0.9813974575948556
0.9917785786672573
0.9920158578812667
0.9937259127263686
0.8776585365853659
0.9812387753356709
0.9774070858040074
0.9811343015163666
0.9572435897435897
0.9920048171812799
0.9914245049098738
0.9887142511079129
0.9788763877505402
0.9803312112808594
0.988383330095363
0.9773318429028999
0.9818303128103277
0.9837786137856277
0.9930483788360136
0.9860909175276867
0.9733906600113469
0.9848990550783974
0.987351711807485
0.9343217003411178
0.9872833443380654
0.9878995857487505
0.9905368249646299
0.9707282369680507
0.9922855848065443
0.9721198967077923
0.9749167117324627
0.9841595560673903
0.9857087590742553
0.9950977083780717
0.973523781538193
0.9861968871455397
0.9903437378512936
0.9714885622720743
0.9801452666514097
0.9789113214726332
0.9801668112836677
0.9888411668545087
0.9669666786671467
0.9657958314565334
0.9806692163671569
0.9780799063162462
0.9917972545404719
0.9757852937149116
0.9839295901383849
0.9905741058628815
0.9816582128790766
0.9889355523493571
0.9841393958209912
0.9423722852369647
0.9867882457444301
0.9890447010456976
0.9848901443591664
0.9839936455976508
0.9855254714236176
0.9844366518581852
0.991883257058976
0.9952988128656949
0.9687452480378052
0.981252410601135
0.9588303885454249
0.9917672038193891
0.9806291248821463
0.9806814655018902
0.9913414133114216
0.9904533578339889
0.995324525229177
0.9990097784379255
0.983852551357884
0.9782917766812822
0.9682418247972422
0.9884132401056778
0.9871151246899461
0.9703438397826786
0.985844464135298
0.995297339127329
0.9684557318864576
0.9935634531362472
0.9791106468194555
0.9819100412192632
0.9916665565233482
0.9827272040019916
0.9833449598883851
0.9950388372340282
0.9833219633047288
0.9893062063858539
0.990782937679793
0.9901002091103726
0.9841303810043626
0.9887459722009111
0.9927398951318186
0.998204445909669
0.9700824810293632
0.9837457525323573
0.995471357918594
0.994308126746504
0.994852770693253
0.9762043413579534
0.9856821750777474
0.987934525199048
0.9803855696919378
0.995448081743949
0.9875295117320899
0.9836500239167367
0.9853882777868987
0.9924373737262219
0.9768808601097637
0.4254319681906789
0.9813117079665151
0.9632489294986345
0.987853598294925
0.9872102318145484
0.9841935313441093
0.9828899561314238
0.9872302817573302
0.9791065276535691
0.9860819639675312
0.9888452880183685
0.9848003846131388
0.8441956612626005
0.9908260275457047
0.9790156510346203
0.9938978166802428
0.9924890310106343
0.9900150895264079
0.9792688008957109
0.957976291798647
0.990780345289407
0.9775554663761967
0.9934366462642666
0.948849710103281
0.9898292278931003
0.9861240065503823
0.9896429516001058
0.8635778635778636
0.998496557502178
0.9936889150827563
0.9899256923187912
0.9886174298893312
0.9699713716704008
0.9545396779288684
0.9819763417440799
0.9894554282432241
0.991883849316388
0.9798479666653636
0.9953205736891834
0.9862167287667276
0.9599609845911053
0.9775529428839039
0.9920904794132374
0.9114907365442985
0.9164534506874084
0.9935287383249864
0.9807330809589235
0.9893243803991097
0.9752332273681149
0.9947002241314905
0.9900483983176538
0.9144884068602416
0.9702676048829895
0.9885661181670651
0.9888242012754211
0.9919279570908747
0.966804623597982
0.9905107451855987
0.9916604981469177
0.9843277125793183
0.9759807846277022
0.971674972862429
0.991038191433914
0.97803655261393
0.9909177820267686
0.9937268413183384
0.9885232781141934
0.9938528057148228
0.9886435551610491
0.9929552622841965
0.9912852935712481
0.9526550751879699
0.9821707567431641
0.9865572205554397
0.9936540808402056
0.9623422581291313
0.9879604789635543
0.9786438597058049
0.9779796454879096
0.9813681899003881
0.9892218230304826
0.9265981064641055
0.9802444007675396
0.9852651821475646
0.98685019127872
0.9925195099268125
0.9885407540818002
0.9946297174702227
0.9860265598109476
0.9864322389917536
0.9897062377782172
0.9912034746275221
0.9922121451104101
0.991316602371564
0.9795101373165167
0.9919125169353278
0.9752103082428275
0.9864498597659156
0.9949439650284041
0.9705423267244528
0.9727305392626983
0.9518995962445882
0.9121352885812308
0.9938015243173488
0.9933577493260098
0.9927295032709451
0.9976125676019179
0.9881431219614564
0.9632861956659664
0.9230302099559027
0.9518332953769073
0.9938937614025374
0.987966460774605
0.9789124469502457
0.9820872491421216
0.9809186424951697
0.9930395351233937
0.9764697101165318
0.9910693736935637
0.9897853487050893
0.9885278704144831
0.9668908641218171
0.9907849725106903
0.9902276848680234
0.9811906451260779
0.9851057302345071
0.9701949209756435
0.9813133049480337
0.9875145872284893
0.9842595397726525
0.9915733283964331
0.9687895675640705
0.9885792563904552
0.990003275136674
0.9916823999501169
0.9641401836919494
0.984031869864719
0.9788180764774044
0.9527449367823327
0.9848706498306129
0.914120725233791
0.9447291870615749
0.985036639257146
0.9827256275489441
0.983238631601884
0.9868912843291263
0.9843175731645529
0.991792784038156
0.9931666251761444
0.9539141776344727
0.9959846030295478
0.9725028353619325
0.990271221123297
0.9973835959235906
0.7902964045097438
0.9950570729718712
0.9892290249433107
0.9589909961157972
0.973106497301302
0.9894492591375209
0.987660627971863
0.9962411529575709
0.9798107463539548
0.9861939171191547
0.9911792046052705
0.9573413499821125
0.9596817431212336
0.991993279207092
0.9957266057407645
0.9816458645948108
0.9924316176239676
0.9932046352371907
0.9888472686848044
0.9936238126965926
0.9803881650380022
0.9915567158211623
0.9848658473940016
0.9782937279327171
0.8638098746658933
0.9856733156132802
0.9840573933838183
0.9577482880942264
0.9808689477508422
0.992587541358122
0.9884640158278076
0.9286010760228034
0.9899996112579692
0.9879181694727158
0.9773435457160289
0.9961553876527083
0.9662501358252744
0.9473924006391052
0.992590051457976
0.9901877272876192
0.9950945672988641
0.9823239808274835
0.9859316565167776
0.9927124756761203
0.9899391811549957
0.9690775974259276
0.9705059983484894
0.9974436298243187
0.950357401055624
0.993869956631253
0.9926629261976694
0.9867247714644202
0.9393679828970282
0.9883967844683755
0.9892385328272519
0.9686537499368852
0.9840956405235494
0.9864253077046875
0.9836860882771256
0.9931683874572058
0.9900339750849377
0.9817104100891194
0.9922541278455267
0.9837950580545979
0.9755027603201064
0.9953976962479524
0.9881058646016937
0.9919056121807424
0.98971289071347
0.9129850336529814
0.9845208408682796
0.9908596952323887
0.9876024610249043
0.9761074969021065
0.9868388323675765
0.9812640282690477
0.989565536848984
0.9928671912779707
0.959739766204578
0.9831068674256335
0.9834539613106119
0.8743288657999384
0.9574374836703217
0.5527798805618639
0.9890861815320401
0.9943709275974485
0.9910152595412459
0.9491477589216086
0.9928572543754196
0.991291013079351
0.9839931136154508
0.9748627927437262
0.9949582656433813
0.98555209116027
0.9853388257494003
0.9862158912739315
0.9915682847410616
0.9709616900948911
0.98459870492485
0.98987914467358
0.9782566221006503
0.9273413975632594
0.9505394196588498
0.994192523168675
0.9299965982537702
0.9767920916225384
0.988667611032414
0.9942335008162141
0.9838120104438642
0.9937770060705671
0.9853458606511303
0.9760035600294623
0.9838334424976802
0.9774049951653805
0.9892189276117869
0.9909328029804578
0.9903805500522378
0.9963367417849697
0.986263887816234
0.9758512913308109
0.9936134808287241
0.96982041955876
0.9875095511718075
0.957991893032627
0.9795460946301164
0.9905447917488192
0.9738715656989031
0.995015915563746
0.9911093098830999
0.9835481909708268
0.9746081444853854
0.9837306922000604
0.9930461311760708
0.9810007102538223
0.9916043452706674
0.9874385581649372
0.9852904174811775
0.9845370388141438
0.9892148768264818
0.9946686565042817
0.9845252266275982
0.9935908055498033
0.9975662425993552
0.979536887452881
0.9937750602341294
0.9900787679125825
0.992061458803859
0.9350943120872706
0.9785663749767268
0.9923198850548498
0.9933893918448378
0.9613896825338534
0.9766510803034121
0.9887897216341937
0.9388269564730267
0.9820834464111611
0.9919272742079974
0.9816664651106543
0.9975884184215646
0.9692978639544229
0.9866836168361683
0.9624360152250951
0.9782130023416062
0.9203197693467008
0.9935834580516419
0.9917552509763122
0.9868523835583576
0.9843439815679681
0.9892366318289701
0.9913518484400416
0.9812183245553016
0.996640244934608
0.9596931627661285
0.9886943468059187
0.9912911743063672
0.9779236276849642
0.9771913721890776
0.9818046745528316
0.9849809359011813
0.9877374644970972
0.9908503767491926
0.9343320085600734
0.8469504763848782
0.9925208898739996
0.9777665961235836
0.9954625921660967
0.9902251833503256
0.9917572850619272
0.9780718473742489
0.9795673076923077
0.9815879730193209
0.99378488132207
0.9898497362921683
0.9903815559863797
0.9429359015972522
0.989009694358422
0.9868609096620982
0.9872084038307161
0.9837375012134745
0.9889321025256549
0.982291615920495
0.9929249904762502
0.9815059193326182
0.9910466356122611
0.9806115646777245
0.9852279488622658
0.9974866664155128
0.9257422862793809
0.99587996897114
0.9609083373992582
0.9567108084284022
0.9960980068196998
0.9961566507956934
0.9837838088782834
0.9703463174420008
0.9887937395960255
0.9917572602460062
0.9813770995635553
0.9800617119910238
0.9844661891310998
0.9729119791235891
0.9904077120086537
0.9842242497156152
0.9923327923464594
0.9972242718105477
0.9868419873059131
0.9949494949494949
0.9917516640329455
0.9924488484138315
0.9924068918952264
0.9393491945422047
0.9672553894555876
0.9682371825134548
0.9542492744293732
0.9797240972593023
0.9931589483871823
0.9834018894682255
0.9810776854583818
0.9814290210890777
0.962310872624912
0.9936759656723824
0.9669866403936246
0.9888275967258122
0.996475260760753
0.984151603613167
0.9860054558761561
0.986292438271605
0.9850994191298983
0.9937540800783375
0.9825240263024785
0.9871204123455257
0.9929228913743472
0.97846808276858
0.9972970641515945
0.9691693793972488
0.9890923118309588
0.9787128712871287
0.992072110882748
0.9819078442801484
0.9953223735613015
0.9827858922885228
0.9865961596407983
0.9606091599185534
0.9916185116922356
0.668196014269569
0.9910290913751121
0.9907649684469755
0.989888077701073
0.9885135374359545
0.9797476739990655
0.9870858854986441
0.9777445055033704
0.9746949902227607
0.9779662701699745
0.9798076571227076
0.9831600509724058
0.9284122187649593
0.9952871780061492
0.9900026939559259
0.9846617812310914
0.779314838336827
0.9825945970698592
0.9802531182215934
0.9892022491167738
0.9841453952264054
0.9837780366617074
0.9908017572762219
0.9919689569296705
0.9861660569539514
0.9912257462579118
0.9888949103690898
0.9879828373671791
0.9892279675026743
0.9743119097095395
0.9846299653865173
0.9976105285312797
0.9951044048864015
0.9794293933754773
0.9739084365924227
0.9837488817371705
0.9602572125631468
0.9900912612086804
0.9756511762634467
0.9921235034656585
0.9902747294977668
0.992691508293372
0.9816087963491679
0.9417692678438417
0.9780955050929819
0.9925059774339519
0.9659417203621525
0.9885709812517124
0.983607799172815
0.6288595413252612
0.982518734784363
0.9855691966915663
0.9859130215059801
0.9918985025377968
0.9311117568674881
0.9830513794293965
0.975349031048135
0.9893703674745121
0.9925613236800718
0.8489141499830336
0.9838507641016747
0.9700999254151774
0.8307728910339202
0.9662474918729523
0.9934716054445226
0.9798051624831117
0.9856900569619091
0.9909163011105525
0.974329702082648
0.9837861660347672
0.9759962774975799
0.989708461330226
0.986492213940052
0.9783253311089862
0.8669792272680606
0.9843809047176459
0.9740482067340105
0.9880449665454308
0.9815818858717159
0.988259415778102
0.9766829811946531
0.9849726885211814
0.9936806825886175
0.9781562042150344
0.9874040512955796
0.962975982969831
0.9954718115572145
0.9879921084904822
0.9930724129872213
0.9890450080908156
0.9957832388119804
0.9814422249486255
0.9917106254709872
0.9838428516396873
0.9967564760776398
0.9872160291266353
0.9864226915808035
0.9956831267250341
0.9823110849750073
0.9963404341750919
0.9706222174294825
0.942284104769962
0.9911844287335253
0.9919167122802943
0.9878233254308058
0.9714445256108393
0.9962629999563288
0.9900595174935128
0.9914291115644345
0.9873896818433767
0.9957284491997944
0.9785761819776763
0.96941472624292
0.9866953259008645
0.9907379243216936
0.9697464549823679
0.9898672438458517
0.9987838780420637
0.992544970399746
0.985447018719359
0.9926188456722808
0.9918285950533816
0.9861627650450558
0.9820353548047347
0.9844016438169293
0.9907198784234695
0.9956469803116135
0.9915069097037184
0.9956984527597937
0.9849061949131201
0.9110583026130051
0.9910289329654856
0.9806575082336884
0.9859910112266508
0.9953088407494145
0.9948936999109528
0.9794606590706871
0.9838132851083845
0.9660895850508382
0.9893663707254499
0.98326458456099
0.989441517577824
0.9839807906697539
0.9857524430178857
0.9453146546829118
0.9927809977230387
0.9910105342925839
0.9799809187202533
0.9743236910809786
0.9876177340671195
0.9430765576755601
0.994004297032362
0.9917526058993125
0.9802856174513187
0.9923385022904547
0.933545021546836
0.9893464736746683
0.9890965966342322
0.9344704281510079
0.9544893762851268
0.9910841516681639
0.9873009015564069
0.9865585956389236
0.9148278471890586
0.9760037481412072
0.9619610058883571
0.9868381167872814
0.9844396039171907
0.9803754011864187
0.9814487412535172
0.988305861212175
0.9936428490295727
0.969215572675663
0.987102561507724
0.9835520036720287
0.9755139571369368
0.9870439759835957
0.9789345443177093
0.9977381998655844
0.9714739120991529
0.9743989981609242
0.9690012579435676
0.9751795469384045
0.9869355884077652
0.9991157954304308
0.981841019105608
0.9790593222851383
0.9915391531695028
0.984312334501626
0.9618676677064791
0.9949471024790778
0.984236591653583
0.9880495687149798
0.9922169246511223
0.9840149674298687
0.993567599761763
0.9909341275314005
0.9915506700134553
0.9941800851333112
0.9820771012504136
0.9900260834694404
0.9746996337541687
0.9755437676243813
0.992058112474299
0.9912008741615213
0.9894329617167754
0.9960467729183139
0.9851755971279246
0.980146010441569
0.985487060920917
0.9816439678178578
0.9907885358847541
0.9859308495256375
0.9817528715029324
0.955878045489401
0.9975810353168844
0.9889190000632071
0.983566001060258
0.9947874586254528
0.9836575996637335
0.9880098447189883
0.9829575097095821
0.9843649553519058
0.9894139222858156
0.9772608226775535
0.9837922570995762
0.992863892030958
0.979184575971807
0.9908175424271694
0.9809932267629005
0.9914091122028564
0.9436991550321518
0.9925287963773392
0.9867642332896199
0.9966331363948732
0.9968907587520283
0.9878341672116143
0.9781084048488651
0.948773289138067
0.983789559779956
0.9914977835670938
0.9920305241257446
0.8854778296470494
0.9849069411446897
0.9880389647187564
0.9886780390969349
0.989144888807214
0.9906301460923691
0.9958693287100283
0.9954892630591778
0.992126673350601
0.9251442247681279
0.9936883486916849
0.9664784102550524
0.98783130957044
0.9858534400342298
0.9959733985233038
0.9946541805685097
0.9799412400830677
0.9945935188563468
0.9847422990879366
0.987639872214038
0.9976055073331338
0.9953655401482108
0.9779152802910902
0.9797314842320213
0.9955876202425763
0.9936053244171479
0.9738248417557331
0.9640863894168434
0.9874040681693238
0.9805013272231627
0.9861198719128863
0.9904483827202836
0.9962921645028644
0.9940206501812552
0.9873513444832229
0.9876689446474585
0.9864071928769722
0.8699267331488211
0.9906213234478013
0.993462545775145
0.9922253469422538
0.9913902961182381
0.9850851291949771
0.9758353632383526
0.8132778379798378
0.9869261454887246
0.9890851740204297
0.9954426264405074
0.9916941374183957
0.994828767864486
0.9899850992425817
0.9941745294090034
0.9957328346271689
0.9578177693109167
0.9720926385442514
0.9972176422093982
0.9859344802350899
0.9878546859300981
0.9820893826178367
0.9862584022814261
0.9930323597122507
0.9886221027974683
0.9915522494361572
0.9744149687998509
0.9909801160178385
0.991461425073324
0.9688542668099305
0.9908687200156944
0.953125
0.9799558209932095
0.9921054309026007
0.9761503438922794
0.9951981262892786
0.9920266885456839
0.9901732618425134
0.9904518646817654
0.9941396366888555
0.9899480005859089
0.9874899244415027
0.9743036992325601
0.9937221237856663
0.9935927601809955
0.9565546467368452
0.9774398612447152
0.9850531739111392
0.9910979228486647
0.9717978848413631
0.9817965572988256
0.951178073685663
0.9951586486891731
0.9881230007223197
0.9717255742392595
0.9946886470811072
0.978102008557265
0.7839205955334988
0.9830155056528715
0.9284239742589254
0.9684172006703288
0.9707609705846126
0.9920570206699929
0.9791169718912677
0.9812617303384392
0.9898956713292333
0.9760844520880303
0.9862570911023614
0.9810699105762861
0.9841012704015766
0.980954975172245
0.9820060777054759
0.9787467186860295
0.9848317364439265
0.9780024528132572
0.9893708211897823
0.9915214563552159
0.9557479966653623
0.9815082960813728
0.9525679239937592
0.9890143597698581
0.9885075873590422
0.7895914060543917
0.9923287960324997
0.9782664843512611
0.9865946707360019
0.9927928870634939
0.9954532038239953
0.9823002930696922
0.9824729494504613
0.9835406846456997
0.9862061064329495
0.9971909074108298
0.9937150332984899
0.9945275487169529
0.9863656574488199
0.9719192422881552
0.9736866253214476
0.996213739331934
0.9869391302125267
0.9874622245354537
0.9940041571177317
0.9961867989470583
0.9885870450217001
0.9850965603138577
0.9913021216678933
0.9919898936613266
0.9811332567246348
0.9903151325069544
0.992407148261478
0.9917473938827279
0.9450607543848351
0.9708440512981846
0.9357507907558795
0.9887345191447887
0.9898571010908924
0.9921235894143828
0.9952174631441737
0.9920893925769744
0.982843495906901
0.9898509980810491
0.9882228952245133
0.9969976985239405
0.9902043331673254
0.9703648552976644
0.9787229400162785
0.9971515871609063
0.9917365223216309
0.9831249609580668
0.9893995507507958
0.9863237655734569
0.9317885079783239
0.9952101713889704
0.9964813939353009
0.9907830418065406
0.9914556789331033
0.9800880104092046
0.9512473535810804
0.9917426040143492
0.9847683465680814
0.9687264470907446
0.9928730711522843
0.9639251839899249
0.9931915729657841
0.8865752417598317
0.9854712372610124
0.9937037191258423
0.9915255235794869
0.9914393513310836
0.9784185924807022
0.9881750718503797
0.9854549505285312
0.9864739569130079
0.9944071030475861
0.9805695855432961
0.9889715780826079
0.9849956627654651
0.9897608973578473
0.993416901962001
0.9767023191782273
0.965548538365541
0.9904417993719141
0.9935979540596478
0.995642477193659
0.9812648973408408
0.9821801116164205
0.9942678422057135
0.9847053963435137
0.9819724080688766
0.9860091743119266
0.9818316199690923
0.9951775866240603
0.9869087147613365
0.9673176015751707
0.9899857686153747
0.9839726098491938
0.9741267653578871
0.9785378865969859
0.9912006177302778
0.9927114961467649
0.9718377574157613
0.9598279103688686
0.9828189924833092
0.9937281817643926
0.9917523211529548
0.9796757325615812
0.8942478555058927
0.9944341994246224
0.9933973882702977
0.9871001031991744
0.9944756005691805
0.9747321735328107
0.9635229108737382
0.9872822719974265
0.9900375166810746
0.9915007443725095
0.9902767976162472
0.986502559859337
0.9862816472889275
0.9755974922208809
0.9657845236921083
0.9900036745682382
0.991675338189386
0.9923328141486208
0.8423236316412666
0.9825709791709696
0.9812386292834891
0.9866940343926394
0.9840549234601279
0.9888314220983114
0.9878430104048735
0.9680022181015011
0.9858063385610399
0.990702111054371
0.9702794533099183
0.9771591082153049
0.9863883034336259
0.9902437160301125
0.9964449853475748
0.9975961941838807
0.9907426856714179
0.9806609278471933
0.974990981647653
0.9745215238785244
0.9975024496829491
0.9959123368628416
0.9446844219446432
0.9570085923411478
0.9651930580107617
0.9831860632275139
0.9862661181213243
0.9787223921168875
0.9961673501112273
0.8100396463271551
0.9815876923076923
0.9866853112840467
0.9852308169666314
0.9844664978837717
0.9869733169018463
0.9931045857359443
0.9813292481089879
0.9801224579411945
0.9922354367093402
0.9908865755969196
0.9896371739134384
0.9754993242696195
0.9844408772309315
0.9855957331627254
0.9827028661398741
0.9959152229217582
0.9829559908420249
0.9963992895895677
0.9909596751809033
0.9681189504373178
0.9729008118180392
0.9753723211042499
0.9700923350762043
0.9896138954183323
0.9905282160692097
0.9909177357294428
0.9867009363735256
0.9901693428827963
0.9699435685049287
0.976318580574795
0.9880365845790531
0.9921187405914728
0.9919557072192119
0.9857615439236642
0.9870725103475284
0.9928023795581374
0.9934831879814839
0.9850426370805061
0.9383678032713058
0.9911746270527767
0.990801231807367
0.986591011333788
0.9950538308080392
0.9947818292409643
0.9943483296784797
0.9855749215172213
0.9942665713302085
0.9959559529825048
0.9774808411053075
0.9876193598741916
0.9773075881981413
0.989562688775996
0.9895696145476058
0.974867681417092
0.9684497644649991
0.9948906902480963
0.970113745542007
0.9888139973339061
0.987069000462111
0.9560533453338036
0.9955750738413023
0.9859408410548824
0.9501067923242498
0.9949497391194397
0.9964067825534598
0.9688563859217455
0.9916780324533143
0.9865117558516541
0.9909783118176669
0.991638569390309
0.9887790883009244
0.9837906308929483
0.780132272445861
0.990193300720763
0.985283301476588
0.9837722619007432
0.9552205637245824
0.9561234329797492
0.9913922921043336
0.9771862798253246
0.9537604152438192
0.9951655931728742
0.9716309906280363
0.9931704595994241
0.9382584658300028
0.986856226843307
0.9004585537918871
0.9843544924869672
0.9808303509066396
0.989434768999994
0.994771830325109
0.993027646474953
0.9879190804477181
0.9869731063884348
0.9775517344796562
0.9805986356018224
0.9767635538978056
0.9902468255310388
0.9919784311893544
0.9879529839560943
0.9624680667948203
0.9904252804118837
0.9844330518774469
0.9784979031643156
0.9564399749787837
0.9846297911798977
0.9784044828091907
0.9648522248882886
0.9889527818639564
0.9270095356252624
0.9927234283700574
0.9816268248566081
0.9905895904605588
0.9847094405478054
0.9574469049615811
0.990976088689027
0.9933228435407084
0.9889205593781178
0.9919397887613832
0.9916364055854265
0.9896436768478227
0.9906184161082893
0.9983122510003575
0.9749192889389007
0.9937883571275575
0.9890283687473944
0.9931144985276286
0.9810991817167085
0.9694211103299135
0.9957048158559109
0.9959224981299227
0.9984525281371712
0.9953148040990798
0.971179848203501
0.9954346138615779
0.9946763454163693
0.9800410371199403
0.9906998917888141
0.9459516151587191
0.9666590308003082
0.992026167613791
0.9842647871676342
0.9833291732898938
0.9890950442458208
0.9837459878572258
0.9893379285873369
0.9878466141945156
0.9906262152458527
0.9912001810115185
0.9654303106489673
0.9913252238011108
0.9841414460331063
0.9964738590899844
0.964331223532944
0.9734704890387859
0.9939324735805123
0.9962151192288179
0.9859151172953743
0.991448618870635
0.9899127377934017
0.9948571598442284
0.9756962510041581
0.9902543702056064
0.9960275232902633
0.9419929070952027
0.9966041967003043
0.9836566485944405
0.9820854938820271
0.9795826435320266
0.989441619715084
0.991587657826837
0.9668917752150354
0.9887445291528841
0.9852134181342272
0.9851392051715272
0.9947072361438515
0.973303644795131
0.9912542565500431
0.9929169361735684
0.9898648279479418
0.9758571307721126
0.951474318527333
0.963089821715321
0.9962905880201667
0.9932771835621184
0.961270074567495
0.9948529101194341
0.9881546492284747
0.9915647567625511
0.9895776665401219
0.9869280262278575
0.984086270117953
0.9848884670147129
0.991911232804644
0.9931541492101553
0.9654469128124457
0.9957981157283381
0.9965900264368737
0.9877505255781359
0.9929802987215945
0.9890766320263301
0.9926144093253872
0.9973992367268468
0.989901494064225
0.985039777215025
0.9962098205348326
0.9958550078911533
0.9938301065897505
0.9901714011746374
0.9586527532937466
0.98937565742181
0.9965591933752492
0.9915501744445655
0.9733089440856074
0.934018938075789
0.9611274036389674
0.9589346896965844
0.9890572390572391
0.985647306477849
0.9797328350777749
0.9857586315832849
0.9917619519222112
0.9189264392367718
0.9899013266566562
0.9883273234792082
0.9790207336896144
0.9936792396978572
0.9922116994757826
0.9859819382666127
0.9906184033059275
0.9854179944027266
0.9717830602864417
0.9963105524588332
0.9809707858908736
0.9936243195235228
0.9908501963458577
0.985379560220165
0.9943191166660185
0.9988066542102285
0.9652754325671944
0.9951674327910628
0.9766833762734559
0.9559843000100887
0.9719397008255589
0.9964436973954948
0.9479057552561291
0.9858697067064941
0.995885186142573
0.9871089766783987
0.9885958660014256
0.9900052459344009
0.9872646126826107
0.9945665201757891
0.9889343851450868
0.9946260490677071
0.9885540190626411
0.9931357423932472
0.9777642362363358
0.9632758112912795
0.9437498986557701
0.9874736266312417
0.9825222350264456
0.9938786407878242
0.9924809938087283
0.9736118899946711
0.9785990659829716
0.9757108225433635
0.9201479030413395
0.9846542399247522
0.9940186059533961
0.9952682308505746
0.9975283083665069
0.9335698161883264
0.9813508771498106
0.9548599002184944
0.9928203588785434
0.9809607516665532
0.9907145965061702
0.9873791036093178
0.9882517680482467
0.8282161614374302
0.9884610132459375
0.9506344784896317
0.9767416381577088
0.9838901951486172
0.9949170375948381
0.9907692952996142
0.9842476843218386
0.9804061567273366
0.9769799665888255
0.983790036031388
0.9944819869235157
0.9479729977988062
0.9892352042879919
0.9886649104878078
0.9940852765350964
0.9898793804493629
0.9873367208879296
0.9991302653403609
0.9530855286900036
0.9719146844581964
0.991428256711695
0.9791815062786784
0.992524719262324
0.981461495457304
0.9756893407886695
0.992685464081569
0.957517213880028
0.9691340099823379
0.9847802757773533
0.9933960069736324
0.9853501348652377
0.9877883027540886
0.9915674780901332
0.9777998964309013
0.984922754199421
0.9866535744064598
0.9896974939511327
0.9857223410253955
0.9750151061854303
0.9611507130433332
0.9778165875873864
0.9912400266210596
0.9914047383977723
0.9942480636331548
0.977610797696303
0.9861240084847311
0.9850704708049522
0.9894739792282252
0.9960539489958183
0.9940575275721208
0.9954095741333228
0.9929531120606322
0.8395898355388629
0.9401120266322253
0.9929898339860269
0.9788339388870011
0.989666846290225
0.9931239546552686
0.9754847358479068
0.9856760040422851
0.9375042622488212
0.9781574467878741
0.9858535801483586
0.9534103444687272
0.9791697588488489
0.9805894478221038
0.9881919740373214
0.9880863024964394
0.9854362468990889
0.9938291812616623
0.9849028716216216
0.9823441820889173
0.9841716886461864
0.9870311774709782
0.9840685379194124
0.9931305044885305
0.9823266003028253
0.9751781625459878
0.9830543061686016
0.9755949538363579
0.9959675776954096
0.9678863823993864
0.9876874024828709
0.9946462594674603
0.9855725454743174
0.9884609586102123
0.990691787007093
0.9931563153587342
0.9864712553925951
0.9946897298090503
0.9833177970259493
0.9866133825661445
0.951704467218758
0.973739943208708
0.9961453894711573
0.995311383403343
0.9926707863760987
0.9772099602577632
0.9808978293165096
0.9769337567184901
0.978022314157025
0.9939111307352814
0.9950946397976667
0.9962906853968692
0.9922505975594414
0.9692737430167597
0.9855672925164637
0.9921953924027689
0.9890359196036052
0.9859049101526743
0.9942316733572023
0.9929930743672919
0.985629916248759
0.9843706963672719
0.9718411671266168
0.9840627587560927
0.9933464066337198
0.9923973328347978
0.992002667411973
0.989799417263436
0.9835325396314146
0.9919664868847349
0.9954131216711628
0.9820509612241026
0.9905432005124221
0.9477038601770936
0.9900626717889185
0.9855213447051105
0.9937984699396236
0.9965789276901219
0.9698874204601077
0.9907211628613736
0.9827895122897015
0.9928709588284056
0.996872179407068
0.9948534518290996
0.9839912250010496
0.9787095266836705
0.990428833615025
0.5307137177057237
