0.9782712511938872
0.9943941517366767
0.9861899682277508
0.9810055106944834
0.9991044081033155
0.9972226548305041
0.989894202879472
0.9922770877511865
0.9992022456784153
0.9872298708133159
0.9928456409203402
0.976793085940087
0.9758731160919943
0.9412613925374241
0.9910258443852381
0.9970119719006629
0.9873907272644057
0.9861018066866246
0.9775039946177781
0.977737957255714
0.9879932300136064
0.9938782209092402
0.9857324015261973
0.9939955737391629
0.9929781949669455
0.9960102895469586
0.9857451475948585
0.9888144678898569
0.9900333608188152
0.983533036706961
0.9761775508141115
0.9865619674647694
0.9871248974385896
0.9951767741335626
0.9570789415825401
0.9778438385433601
0.984881369217743
0.9983401476780375
0.9877631554200655
0.989001630127416
0.9650023012809704
0.9749879188815384
0.9804521875758171
0.9817969558800854
0.9914719709785149
0.9769607335267302
0.9615267881323484
0.9896336335201232
0.9557351098212519
0.9477116188757998
0.9898684471350045
0.9884506691786787
0.9876279123547436
0.9965536991170562
0.9929401705451436
0.9898214910745537
0.9937883947680451
0.9882321114567835
0.9849084908490849
0.9009051369460445
0.9819428283026539
0.9925726491000083
0.9854835550332105
0.991006046206493
0.9895714893936738
0.9653873322345184
0.9868927569432865
0.9919617823103228
0.9904184359078733
0.9837034077287516
0.9827004452616637
0.9956922425734954
0.9390314603154154
0.983515730723284
0.9877830205932916
0.9800243772763276
0.9843376723263917
0.9907004519554042
0.9882285864033798
0.9907307276378804
0.9904765139599413
0.989507602581507
0.9949171363826502
0.9831435336565566
0.9881472787145089
0.9818658157549444
0.9895510973283982
0.9744017774398213
0.986584462902008
0.9453063746870671
0.9761598137748215
0.9892842020022192
0.9886486717412993
0.988573572830587
0.985791005773905
0.9951659890514454
0.989563429099053
0.9886389678526674
0.9798477254855064
0.994349628429072
0.977348885755617
0.9895997321026478
0.9829410287099014
0.9760428041721292
0.9897475728155339
0.9933801675222913
0.989481864409643
0.9793946719977684
0.9908707836014531
0.9936637807756356
0.9977287297371554
0.9700816698520563
0.9922776100193059
0.9968030903459989
0.9430665366980757
0.9592243048222457
0.9905145811904034
0.9908969210174029
0.9962734659191153
0.9772277795293646
0.9906637543431062
0.98697565649512
0.9503017912772586
0.9751841648306179
0.9967512628795052
0.9906992801080345
0.9903373287413713
0.9761733794634114
0.9875648305912123
0.759939984996249
0.9920354961222208
0.9912057485661546
0.9868774545448382
0.9964895954742501
0.9849494163691411
0.9814536000392436
0.9900056185345539
0.9900658835827465
0.9884725951366685
0.9911392998506473
0.9104952318945447
0.9916282623843913
0.9921069064568503
0.9829132747976728
0.9968942483341504
0.9898746674050976
0.990396212590881
0.9735016765375057
0.9912170732973807
0.993088983633613
0.9858970171154215
0.9895343988881168
0.9785529240221408
0.99077841063195
0.9900502089850425
0.9926973326253548
0.9522475450042168
0.9272818739905514
0.9931685056663957
0.9927785140507939
0.9903743641292759
0.9840935276251164
0.7724040573041933
0.9955707406257023
0.9806362176935538
0.9914576141768608
0.9876237218546082
0.9942953908846107
0.9893864495492876
0.9941604922767802
0.9577540828721824
0.9931869436951591
0.9823642488678035
0.9841456455572828
0.9856913107232392
0.9929235076045538
0.9571246167483999
0.9614416270091477
0.9874489176393075
0.9878176810116449
0.9752642924894369
0.9890909090909091
0.9856256360338038
0.9828745569578323
0.9882724211987358
0.9903290824417033
0.9945900756908254
0.9859317874719246
0.987508855976519
0.9815679286331187
0.9942073852398398
0.9574715241754814
0.9964981784300246
0.9424596085903696
0.9838468681572743
0.9737179111598436
0.9700098674936566
0.9872123749399044
0.9764120724466334
0.9937229756731555
0.9810021569603451
0.9803814609591073
0.9937718728081288
0.9819931510980358
0.995047052996533
0.9808639482093491
0.9921502231799292
0.9895518607786266
0.9632281337009149
0.9725446330764325
0.9844334166340964
0.9947757342659359
0.9918055750105057
0.9882364291670399
0.9901700997711264
0.9811722497764046
0.9831568737501158
0.9909923254242309
0.9837873277532073
0.9827268640625684
0.9798952803167131
0.9915455821345277
0.979918119301749
0.9413078381553515
0.9921950892707601
0.9887890895882178
0.9944282025117974
0.9753939229762066
0.9909111897798984
0.994163747674334
0.97629599093064
0.9797029175599558
0.9835471749212905
0.9911501783738367
0.9921294384805945
0.9752168525402726
0.9935071159175679
0.9885791587322537
0.990753487335779
0.9853890218258284
0.9896936855310845
0.9909324432189246
0.9754036517277803
0.9928035248041776
0.9976740188801807
0.9784114983752464
0.8906626969868077
0.9928939753119285
0.9570701992372748
0.9878586616963747
0.9803236988453577
0.9843293374126906
0.9378034459187071
0.9903384756189918
0.9934436482942512
0.9799261690828833
0.9873036160968973
0.9547248760679796
0.9902701647740931
0.9829940252268201
0.9932764209377708
0.9880962594371997
0.9867177764106447
0.9872142385910564
0.9380130614031887
0.994400959430019
0.9215325397532184
0.7321055032395878
0.9919484552088185
0.9373645782123413
0.9903201978589777
0.9957710799772528
0.9721462842471289
0.9792062715569289
0.9860641765603039
0.9922010358999209
0.9888494411571335
0.9734490534375164
0.9576938741908368
0.9880130304982623
0.9694374531490144
0.9945432991304872
0.9938946030332132
0.9951440562054082
0.9920346736183645
0.9968914163426636
0.9962430358322061
0.9732674266115202
0.9241316949508324
0.957823638498052
0.9910422006578861
0.984490716624919
0.9879369847255065
0.9893167313639055
0.9887446395286695
0.9921437319674634
0.9884204783270767
0.9824376130198915
0.9967062448535076
0.9695419520547945
0.9964131269814362
0.8902748127646536
0.9894854586129754
0.9777654816895293
0.9657410863182239
0.9906877485692114
0.9878979025158784
0.9919204432151225
0.9908323131518185
0.9942088064964897
0.9868627076570555
0.9855211147513635
0.994256736115354
0.981125820295647
0.9865062311989686
0.975743193280614
0.9847887475126124
0.9922807188005879
0.9675756125056946
0.9895993289889671
0.7894789081885856
0.9945079476979372
0.9840463696346422
0.9270903779299793
0.9884343217277745
0.9606818738043983
0.990701186275064
0.9953612989232907
0.9781670768472182
0.9622205764069729
0.9942292839774397
0.9897965165509425
0.988149607304951
0.9816798042946453
0.9591252075786857
0.9917005635354434
0.9903392520157831
0.9861763420697
0.9959543949981611
0.985708913125235
0.9911183512464268
0.9874955392602655
0.9786248041055442
0.9969718810247216
0.9440408435214693
0.995405220451657
0.9832175604334538
0.9896003288567566
0.994043953710585
0.9887835558999134
0.9877597375283924
0.9720878883515534
0.9847695802794025
0.9891962382976919
0.9543978209150777
0.9907086092826523
0.9918026577569743
0.9630274627176484
0.9629201553090705
0.9912769893151694
0.9953649410844921
0.9851114072002427
0.9952741937719141
0.9914489032925627
0.9898015349624568
0.993439004762816
0.9807787900297164
0.9746895458485587
0.9649510441036305
0.9964874034346001
0.9518155803632777
0.9914044820131162
0.9943930147031472
0.9727101675409674
0.9904301370666823
0.9954459149997305
0.9863341148707412
0.9884494821858432
0.9861557200794796
0.9945331650839278
0.9969007504736423
0.9940508382909681
0.9895586598777751
0.9971854066794715
0.8868366819934514
0.9955727856998602
0.9862668078243576
0.9901683780120828
0.9863535627350536
0.9964604221083516
0.9877965615017408
0.9895386147965808
0.8804461942257218
0.9754807600069069
0.9260612414138412
0.9926597853014038
0.993972408675414
0.9859649683054176
0.9868437081252284
0.9913884571413891
0.9671887881286068
0.9762269608560532
0.9967794337474833
0.9840602588967571
0.9851598354546406
0.9907695729537367
0.9758995247793618
0.9929199022931934
0.9866064286935752
0.9666569189493661
0.9886994499213475
0.9919731009470079
0.9959136531340702
0.9912123569285476
0.9869185333955357
0.9849537194351189
0.9800530354258762
0.9786180756268064
0.987582374595023
0.9832841192131109
0.9865960671827951
0.9856658469030092
0.9953447764951042
0.9878557104711578
0.9941109450330446
0.9965956808638272
0.986666879062062
0.957534639512116
0.9916756685440048
0.9860513817733069
0.993205441646293
0.9857059329806837
0.9771564389607812
0.9825773312078322
0.9776655062998675
0.9769225300022079
0.9886157431283785
0.9701457861416042
0.9862804251506359
0.985365405504726
0.9797428807329798
0.9937531560000652
0.9920455697123568
0.9723916712909344
0.978923836235157
0.9899852920525347
0.9924522509776704
0.984607277475137
0.9908028452769294
0.9736411799332854
0.9721442430747637
0.9927658124168564
0.9823049457246512
0.9804737432982701
0.9885368777216381
0.9782802135576768
0.9858183063375049
0.9900911272854996
0.9819969141723499
0.9928603728081193
0.9830501560364697
0.9896032397009374
0.9849248419292002
0.9926530487944148
0.9863023484712182
0.993788636646716
0.9460108855472705
0.9399531725914619
0.985059702941462
0.9922353634963798
0.9899871768550648
0.7980438872108303
0.9956128715303365
0.9754890307681858
0.9874891739742341
0.9776402005657198
0.9907509762858365
0.9850156027552884
0.9889073801310541
0.9902247678428316
0.9910602282173354
0.992773494209117
0.9425466010902268
0.9871866525906146
0.9906987352349849
0.9725582997255829
0.9839352008099899
0.994337851768652
0.9855746693521533
0.9840252067163987
0.912972626458095
0.9968655885536065
0.9247605109100585
0.9897143393657724
0.9967155682067003
0.9859189506082369
0.9840801116557921
0.9881828813438368
0.9857648340795097
0.9949375130464773
0.991217121989553
0.9887552871288001
0.9838896744570312
0.9891234206054038
0.9886502037399947
0.9778884639331139
0.963380948438799
0.9800818247389768
0.9839830524327055
0.9918246288441145
0.9956114630567233
0.8971380063060878
0.9894943492332997
0.969696371258554
0.9733135221263159
0.9746321765552535
0.9793402482570991
0.9920622370121834
0.9921175835444738
0.974636123463678
0.9723673941827939
0.9858366437035919
0.9891116772125894
0.992283081167645
0.9896284644144402
0.9520018030747626
0.9759014109508722
0.99301998142656
0.9928298864248856
0.9856585678828913
0.9957755297561123
0.9897766914619104
0.9800128840477804
0.9563033926595251
0.9639969280203387
0.989414365328933
0.9987770615106087
0.9834255929010222
0.983707115002352
0.9930814672020153
0.9758219196585353
0.9895966849858655
0.9904400110694609
0.9889847372021198
0.9905737388669805
0.9874049633626153
0.9332979190244127
0.9886961862423959
0.9865572720626884
0.9844664598101617
0.9904468265252329
0.9245439341309661
0.9940365895033536
0.9871165905891387
0.9916349221585024
0.9893088795978638
0.9907432938117935
0.9811420417516146
0.9932989995273358
0.9758925584717337
0.9927633593285665
0.9897295583843574
0.981706925035851
0.9844614274643936
0.9717771571365574
0.9815505149428192
0.9835624847248194
0.9889497451070978
0.9794483437077874
0.997375577056852
0.9923021864956194
0.9913154003654245
0.9390571896284765
0.9726021505376344
0.9886004048821714
0.9894434162618738
0.987466850166619
0.9959370163114657
0.9937548649915767
0.9804682753372005
0.9821661538461538
0.9838626791343276
0.9895302730173683
0.9893581630261377
0.9893549810899461
0.9932845543083141
0.9780701342376448
0.9953009448041321
0.9494603567293759
0.9864938271604938
0.9438498359597698
0.9885721615848387
0.9910697176979123
0.9960726812924611
0.9954533876719307
0.9928110960838606
0.9877650770462122
0.9902196755091813
0.9946975780223133
0.9443543793541602
0.9917027369333972
0.9954890676227092
0.9838787586040333
0.9789575297932115
0.9886355703158504
0.9797775124330105
0.9943074928996031
0.9749785284855426
0.988584056278769
0.9908105457633946
0.984972348122583
0.9928643634417553
0.9965423938178516
0.9804154441478925
0.9963611653039304
0.9924742028085964
0.9671167069344166
0.9834225761198159
0.9899602162696687
0.981249799248386
0.982777656098444
0.9781465890551673
0.9965593952483801
0.9914821749825605
0.9848202520656673
0.9848458064827165
0.9964503806236881
0.9723648752355767
0.9461190883724002
0.9931569898548113
0.9751505558873457
0.9953574514146118
0.9947462256807167
0.9930306990133136
0.9435554908734384
0.9875337553676569
0.9960480712967548
0.9862879071508798
0.9943782500741759
0.9947720712247016
0.9814936271616275
0.9881786299301356
0.9869565758006557
0.9897699892688655
0.9664591952815356
0.9955512382645179
0.9955632354886195
0.9904918614435378
0.9903675956036718
0.9759642519335641
0.9889277940758967
0.8683278917179841
0.9858883321643647
0.9861740092706579
0.9926231404733712
0.9526668919642931
0.9933809362677735
0.8646730744985501
0.9542307555048
0.9730817571266646
0.9868378964328448
0.9899390792869576
0.979519902765117
0.9936814008786986
0.9853687189619267
0.97788501888376
0.9848387117539895
0.9966443580348463
0.9912056044570879
0.9827901008249312
0.9887124297462253
0.9511830074479316
0.9898665353361241
0.9924484974276314
0.9917302736652328
0.9946809529492716
0.9911166016757749
0.9889413401268433
0.9853443408530351
0.992552790346908
0.9886208056495311
0.9890185464548762
0.9917551465047044
0.9791542225050207
0.9625554912179116
0.9895956995000585
0.9895437435584884
0.9960841854280343
0.9941342756183745
0.9900239033714886
0.9928580948125152
0.8604466835322092
0.9925644965588575
0.9868584416162155
0.9940674095858095
0.9902248195388268
0.9936149735819312
0.994527996355299
0.9891030700364671
0.9877992353213355
0.9487930776203304
0.9702019752342338
0.9962477844060302
0.9788112366418138
0.9665011825082575
0.9803200721289305
0.9894459891192784
0.981841518674965
0.984410999290251
0.9928774988562866
0.9837655879888857
0.9905385907230883
0.9813809086151776
0.988394116063778
0.9729756270705159
0.99403217311047
0.983905567285003
0.9859397923138078
0.9921632804190296
0.9793085936532316
0.9929713765368622
0.9857706894599796
0.982152453836067
0.9931483341572546
0.97971377817424
0.9876501191228667
0.9933256982234614
0.9703521190762302
0.99081231834415
0.9925164362164307
0.9901312085328337
0.998079830458141
0.9589001811031974
0.9890233180078032
0.9339296307025894
0.9894503790525034
0.9512129602843328
0.9937610698342986
0.9921254415438959
0.9906710495539145
0.9533236922156286
0.9883543258310964
0.9909263002909661
0.9593270026258048
0.9766711575279328
0.9911493607321021
0.9812600649342994
0.9642990672596324
0.9915351422795833
0.9622304117929819
0.9927386459784727
0.9909367653631337
0.9836644471127606
0.9874581404773586
0.9909910272888068
0.9890988956099005
0.9923436078027935
0.9972637068380005
0.9533195293787343
0.9790134904729144
0.9961361957422041
0.9964379105153706
0.9972279555362217
0.9855217766989651
0.9953409897041624
0.9898994160731764
0.9962204484729598
0.9889695057249682
0.9850442760075552
0.9957099780136374
0.9895028815619242
0.9656921988132179
0.9762838926644714
0.9927404964040448
0.9790281136638452
0.9950363114785806
0.9932396131805158
0.9916113973198774
0.9913746707482025
0.9806299651855908
0.980173336267806
0.9826396455291639
0.9897892174857623
0.9920856321026076
0.9952896844088553
0.9907930555469037
0.9960770781496885
0.9836570786601263
0.995273091760459
0.990451835342972
0.9944986103426126
0.9847357204510792
0.9903991892844554
0.9744994399738889
0.9961361464866336
0.9801772057451968
0.9315459212778094
0.9900028439874865
0.9922339445244407
0.9846905937553738
0.9883988457338949
0.9848838291404287
0.98918605016166
0.9934667573240311
0.986418977534476
0.9923944597388408
0.9901002095060202
0.9920178450368491
0.9858121089708852
0.9726502203137717
0.9821817186692324
0.9924807556859727
0.9914426278157488
0.9918593172478707
0.6745739233807648
0.9840625506046295
0.9809793205043297
0.9888407764062129
0.9862535912114234
0.9854354914588842
0.9871136678518745
0.9809885504751927
0.9934343864048542
0.9379601611676565
0.8629334532179264
0.9904546193924277
0.9845629573347925
0.986247527453789
0.9666173806201712
0.988181125649758
0.9881996464944028
0.9634614120071017
0.9837776972315188
0.9634539682026593
0.9944960871100454
0.889784219190969
0.9872602668393372
0.991979230299328
0.992959965828617
0.9851593182795229
0.9882359364839844
0.9831833774380084
0.9913310337411387
0.9855638592550385
0.9835801615046008
0.9943712865430234
0.9940571464090913
0.990639289232787
0.9940590683360145
0.9723757731050527
0.9881226128941386
0.9361927748981126
0.9857580398162328
0.9970430369133797
0.9714734184126117
0.9834647082372755
0.9692060430729669
0.9933017983723123
0.9846555557969913
0.9934575644091503
0.9875798853691475
0.9940360940150611
0.9870865768364484
0.9285660947971699
0.9925534026123981
0.9939077838985556
0.9819347715947158
0.9729896547559945
0.9765670809191379
0.9922753021720033
0.9921216248874047
0.9888380159172876
0.9935557783187742
0.9895438728809202
0.9926790114019252
0.9920764734273609
0.974900757162606
0.9839694386473772
0.7426428875675448
0.9942716247015412
0.975994842799393
0.9720758711468999
0.989894901325853
0.9917277881472524
0.9760903058604259
0.9761843427838306
0.9655516604543285
0.9931459810369864
0.9933697046504799
0.9898719152870319
0.9964613401410408
0.9868037535343844
0.9965680263939628
0.9924541470726209
0.9962010440296264
0.9938232785190813
0.9907444808557293
0.9908769756104756
0.9890449127731382
0.9941327843540916
0.9882120174242676
0.9843575389889317
0.9829112968407215
0.9878165599966229
0.9817005066017791
0.987748175680039
0.99421927696586
0.988630381483105
0.9603982385419254
0.9945745897033463
0.9854256960258576
0.9797936878880155
0.9942649574292249
0.9957735494637272
0.9732576552992672
0.9185147529687835
0.9730519263922586
0.9695737460803826
0.9677411827299585
0.9929060834659839
0.9840989104500025
0.9959909469677486
0.9896465080801358
0.9868355863826173
0.9737781887719192
0.995583915982236
0.964842177926874
0.9919224072517293
0.9914458130213735
0.9852948184658955
0.9959184665095601
0.991175784948565
0.9891446546000034
0.988470080009735
0.9967590186800864
0.9903030126809553
0.9628265062099822
0.9879438881403151
0.9635641808970503
0.9271355229789077
0.9740559122842749
0.9865112185032611
0.9823360857776682
0.9744329304355794
0.9785255211344238
0.9176319176319176
0.9883692163357891
0.9841197429584942
0.991441467047147
0.9887506425379922
0.9941501462463438
0.9878521750480133
0.9796231545078391
0.9951407284768212
0.9755762345654938
0.990681576144835
0.986073324273949
0.9935158018836328
0.9650056746675686
0.9906577689388061
0.993340840512529
0.9943797659118012
0.9837708535742367
0.9954286735425727
0.9942070502457782
0.9790244911223375
0.9871967545638946
0.9911771028372219
0.9741150697567162
0.9908846769612147
0.9872393910352087
0.9867606458629633
0.9921600209323473
0.9945859320051268
0.9880502656789357
0.9861528080829324
0.9800416891722264
0.9684765171572783
0.9940575828590559
0.9907288921708959
0.982697735747986
0.9300297837441188
0.9820721652084016
0.9792325382008157
0.9829333717392479
0.9910426312296136
0.9884462965291032
0.9823935131944231
0.9950385027780485
0.9846123138623788
0.994377496835287
0.9845354126055881
0.9960421381933664
0.9776440480806514
0.9811824028061971
0.9907871606224363
0.9898093951405921
0.980997928987766
0.972334187432259
0.9974875601598825
0.9857281323696643
0.9894719405127828
0.9647311325737988
0.9907944893472312
0.9901762017890786
0.9368573920473235
0.9873762807122252
0.989842446951918
0.9921153172899828
0.9808077977703501
0.9921397475324051
0.9917925203155961
0.9927017562654418
0.9793817099987066
0.8666040355255381
0.9938438690205285
0.9912754893574492
0.9807871849049187
0.9950589917769038
0.9749845288676793
0.9292323909197003
0.9887878143407706
0.9951023180835862
0.9950845074090471
0.9944469675863201
0.989789971385628
0.9649608528418299
0.9888711123613284
0.9720655632257842
0.969899524596244
0.9941612365484069
0.9938686976527374
0.9817524451105515
0.9806635573883977
0.9934188152779252
0.9549006168608636
0.9790299729019656
0.9892032053441936
0.9960435331609645
0.9858155070584846
0.9927040862382837
0.9574141301312482
0.9727396828730442
0.9835929923880771
0.9955486696909309
0.989361367119434
0.9916223056113099
0.9812449937063737
0.97786367646376
0.9904637306067888
0.9972288934047663
0.9368603177697631
0.9807230814415783
0.9795174185598864
0.9957837533964209
0.9941082611191967
0.9756762452899685
0.9851707503462769
0.9951432340992515
0.985842580067736
0.9929777520880676
0.9883686991528977
0.9910139146780368
0.9917078076133261
0.9910650108022147
0.9817714381499201
0.9741559372759298
0.9784728811745278
0.9802081747449899
0.9917597892250386
0.990071540562149
0.9756099146477024
0.9929511108275106
0.9820138380679928
0.9661839214455454
0.9944536260878721
0.9878918324388902
0.9961519878092595
0.9962865722188224
0.9950180005538632
0.9900160170848905
0.9957709413103186
0.9952979587096638
0.9910746912226851
0.9901880226207164
0.982208066549855
0.9956351319098937
0.9829789548099407
0.985428206950283
0.9894860078828401
0.9860584902791214
0.9958867499825865
0.9925751625489155
0.9925352936262635
0.9964655189531582
0.9925875140350354
0.9891502804376666
0.9948370573071877
0.9938222298010848
0.9750909951765159
0.9863077408987259
0.9944937121098252
0.9697258611723335
0.9925701997410987
0.9861056648623301
0.9814163063995616
0.9955611326818028
0.6734046523199403
0.9835919847686037
0.9842502599775945
0.9497569668045767
0.989398334503526
0.9834461301736127
0.9645352012411661
0.9869697861387612
0.9886847314386519
0.991661917450929
0.9911967355675965
0.9783951194864982
0.9563501554651997
0.9943511669125373
0.9931144874142573
0.9772650724149545
0.9863303642296499
0.9898490463602546
0.9859986130513071
0.9918175147117573
0.9827675546971689
0.9732275875916073
0.9947363474010715
0.9850755318868472
0.990424001055477
0.9923679505475064
0.9889798199412053
0.9689667368939056
0.9804259079896928
0.970842841102539
0.990991465065869
0.9663874139504472
0.993705311633411
0.9926604054495024
0.9819111347979709
0.994653719881121
0.993230151164126
0.9913188786975075
0.9977512930065212
0.9847690710303598
0.9954533394876194
0.9945301038181555
0.9888316999224424
0.9776760576172052
0.9362271945463256
0.9896983144131652
0.984864111715232
0.978283820279892
0.9900457048896275
0.9960772553755379
0.9890979452387506
0.9237851747877815
0.9926158518915231
0.9852051452500906
0.9897361646069379
0.9903192034052439
0.9737791122113479
0.9967546345401871
0.9872009334389008
0.9887625855733213
0.9990336865584347
0.9932512158584884
0.9560626571262811
0.9907428464078784
0.9857102761540996
0.9885004480904453
0.9870048710331898
0.996271794036174
0.9922148560795585
0.9970277992692063
0.9828172622465656
0.9896159597470042
0.8678708264915161
0.9847407343376144
0.9894970882095745
0.9961530873939634
0.9904852476943315
0.9926232652510215
0.9883827088007004
0.9765576161700354
0.9938218153829237
0.9853747402578918
0.9829130423560385
0.9952588489787063
0.9847346611415586
0.9809077397965017
0.9960107437361243
0.9937409844487917
0.9875849235808918
0.9952895190554141
0.962799415464769
0.9798009220663124
0.9832494974996288
0.9830403219594854
0.9736795037624779
0.9947572555837902
0.9954518839277203
0.6135370710455559
0.9866379422223376
0.9898537382648465
0.8432925437878729
0.993540227383996
0.9952500459604013
0.9935529011944625
0.9930436151656648
0.9946610848386179
0.9922953903882334
0.9857946829358044
0.9942549572534801
0.9919110822543254
0.9960793663408303
0.9850154096850756
0.9925332941056443
0.9372150172253642
0.9958632527182134
0.9722511795166041
0.9337009853615019
0.9847755132416888
0.95990854424549
0.9928262366734839
0.9100543857202622
0.9782358596126267
0.9899964456749476
0.9579176986991773
0.9920677023636195
0.9884971365246925
0.9939774761909149
0.9921861169274346
0.9933987366197469
0.9777047746458746
0.9743942731277533
0.990791685771053
0.9993115823967029
0.9795257224309964
0.9973485253860441
0.9908480620968165
0.9847854349650922
0.9814289513341016
0.9630124713812375
0.9934884193020741
0.9957214127203949
0.9830130052371764
0.9938958620814327
0.9845956914483541
0.9962813245116772
0.9833998663318942
0.9811283019657728
0.9915761663856099
0.9838893097217478
0.9704186494789471
0.9878396917379473
0.9958082569011082
0.982844818565499
0.9964211554904117
0.9868500945474732
0.9929103956355829
0.9850804931458502
0.9883956601026445
0.9558478202212543
0.9891916962463172
0.8461663809458883
0.9862291943041243
0.9909530804606764
0.9946251265078366
0.9815626313126549
0.9959818935638545
0.8960814263121613
0.9917827065013293
0.9846921586793566
0.9950297631193848
0.9818560800109037
0.9902443286807999
0.9919494328734147
0.9896325109056622
0.9843362477855877
0.9775959177214572
0.9875387619157
0.9860817619026963
0.9912512769468528
0.959010530080685
0.9902027719810377
0.9851928018146053
0.992780558785911
0.9572760025062657
0.9932198736421247
0.9933288320521132
0.9925586445471303
0.9961464510056842
0.9827463087054682
0.9949014348080781
0.994283222071785
0.9755120631220779
0.9702449951439581
0.9906621477394769
0.9935664721290381
0.9761124568810758
0.9795674721120244
0.9714476227680826
0.9838736965832896
0.9849722849517553
0.9732663195987903
0.9888100687903092
0.9932747274753434
0.9867007745212705
0.9838962549188583
0.9917566699748964
0.9498225377107364
0.9682299105191058
0.9940699261784065
0.9863940475833308
0.9682950667878393
0.9842414653300688
0.9919803250641575
0.9062775315376748
0.9939373796644357
0.9840829535697774
0.9871148127875498
0.9748065185527299
0.9895026738472276
0.9823798344248116
0.9792286764517752
0.9848393132291438
0.969540798477228
0.9852124828917056
0.9892251785215115
0.9895753901989363
0.9946040094259075
0.9953166551309606
0.9963902263325441
0.8561111157997788
0.9899129062932227
0.9888244391709788
0.9801321522001191
0.9461937829914635
0.982444020962363
0.9691912833637313
0.9945967463397786
0.9586259252230025
0.9950397693125933
0.9920776543703658
0.9902920799607045
0.9755784061696658
0.985115338152672
0.9884048961291568
0.9910718770825868
0.9698345884640702
0.9906486896668021
0.9882899430335942
0.946728671034218
0.993702203427554
0.9556012995060634
0.9891224630883118
0.9870096001825501
0.9593706528517293
0.9915745066056346
0.9858125786534851
0.9928582794704898
0.9806921872469089
0.9659427821164472
0.9880905965335129
0.9928044503567541
0.967108387316435
0.9832149324418442
0.9866445707732864
0.9831865617850764
0.9724335806226618
0.9960293755603142
0.9974307577276126
0.9890296113970314
0.9778830710953846
0.9889891507185731
0.9512320296016575
0.9974052128112777
0.9865368621160815
0.943620760328272
0.9960733114246284
0.9480337997625791
0.9826252285191956
0.9922140017192351
0.991136979958992
0.9854167332204581
0.9839552869649967
0.9795424655220261
0.9882371246304652
0.9959746715724156
0.98185333423784
0.9962677687430345
0.9955036262503423
0.9723739766647328
0.9912041350884595
0.9845559521779601
0.9891008725368275
0.9911013148550037
0.6264770980736196
0.9920642343923667
0.9905618581409875
0.9895242022092666
0.9922549055298701
0.9913512472604896
0.991778407957951
0.9953699926572571
0.972120693546594
0.9687255541400238
0.9834909716251075
0.9880353473494549
0.9849980984914699
0.9903628882668375
0.9831177342716588
0.9919461429601346
0.9813477610997663
0.9889899473432264
0.9917378917378917
0.9759518312282132
0.991165205949388
0.9874270265097138
0.9763742775592202
0.9888314064090974
0.9955933097430713
0.9850589273192029
0.992800686048743
0.9693904812793405
0.9059483158382867
0.9970632559217899
0.9932025748041144
0.9895466463599312
0.9948864023637312
0.9826940640808307
0.9705819241293777
0.9937200398619863
0.993813405488163
0.9950381481081816
0.9914127226825019
0.9918544609314868
0.9941474528387861
0.995015248749747
0.9966247908083241
0.9750410732678999
0.9592332140443955
0.9861247963260813
0.9196347207167455
0.9907410848433046
0.9931478062255253
0.9879564323452099
0.9302120958266243
0.9654517629229009
0.9830001130642915
0.991663718540583
0.9942437835455182
0.9844850999981007
0.9954777402056348
0.9876203228289175
0.9957056661622217
0.9867389146613162
0.955029776076484
0.9993784283560984
0.9909492591680567
0.9868131379394695
0.9845642561963568
0.9848619204459083
0.9831305648066336
0.963109421237836
0.98536122152287
0.9833163176373914
0.9669898339678926
0.9913679081099895
0.9828420827983835
0.9925597216115718
0.9826648283032162
0.9688960280373832
0.9932252482234686
0.9315260784294205
0.9552358821645417
0.9884317068485255
0.9822124689571341
0.9779694962255431
0.978698851538453
0.9944605628016843
0.9716224323477726
0.991478795745041
0.9548956524934094
0.9974983631103772
0.9896864855980606
0.9881961242478594
0.9598675602787643
0.9861952885274744
0.9923454157782516
0.9907214415383581
0.9688040630715239
0.9751252830236015
0.9888774811772758
0.993150168669213
0.9956001833256948
0.9785879152098418
0.984866043184395
0.9950012882594853
0.9897452076103491
0.9833815808334035
0.9778149975540775
0.9925946324854796
0.9887835825089928
0.989151967197235
0.9960654804270462
0.994933867735471
0.9836166902553549
0.9903735107907715
0.9936563393789927
0.9951938527460755
0.9854600646708167
0.9727596637407909
0.9793834488304031
0.9969388698285658
0.9697955478775191
0.9948552466054632
0.9726598219052821
0.9849868194400876
0.9746780042515943
0.9891130138756875
0.9908715073716032
0.9880801547497485
0.9853147245109579
0.9891054874959015
0.994468545448565
0.9929747693860522
0.9842581816812024
0.9714669656190306
0.9862077725853574
0.9821386503330264
0.9923074142356216
0.9742766765861126
0.8171277643477483
0.9736969507671885
0.9804729794920723
0.9922034364949254
0.992009699759814
0.954609497476468
0.9907619658903356
0.9955195736831318
0.9856818593568741
0.9866166909288059
0.9861361181130717
0.9976881993156682
0.9828876807466203
0.973391815276209
0.9907297764583577
0.9985044203425392
0.9949309178709855
0.9836905243294245
0.9909953091944582
0.9827573962816197
0.9737868410330042
0.9731477201663993
0.9636478835904719
0.9904654040562931
0.9928567686878836
0.9950304942121497
0.9963718177395816
0.9801628039612174
0.9962642344557251
0.9935793499903816
0.9946424891819493
0.9875602316431634
0.9815441724834295
0.9930984000836558
0.8804954671147047
0.9940841103841465
0.9836500137721266
0.9818320594755194
0.9960353550962022
0.9699616264647541
0.9962319712489907
0.9888728298535532
0.9960949307228034
0.989791932020185
0.943398214793816
0.9973187565949938
0.9518215391819836
0.9901830157373422
0.9901877245825407
0.9911049800361441
0.9897219002450959
0.9924092415875461
0.985844742143729
0.9898917542184018
0.9875233027486482
0.9929450447718312
0.988554769834691
0.9905255574045383
0.9910842987560728
0.9923246830061735
0.9907852510752759
0.9831685587549809
0.9812557801558991
0.9958402466433673
0.9913482773593804
0.974050018261597
0.9928953587843814
0.9674446246691927
0.9681005079380659
0.9966382440339132
0.9905857518894197
0.9920590055061717
0.9895169806371668
0.9889393605803215
0.9809181415929203
0.9235595159251009
0.980175728425023
0.9846526830746585
0.9855680942538835
0.9951667547862867
0.994552601061155
0.9790231629063526
0.9939792835563228
0.9903001965572696
0.9920750914284189
0.9622518738503506
0.9842779034630126
0.9877343647632437
0.9957643160746554
0.9903396771862202
0.9853700761424457
0.9876511327620613
0.9853844304829595
0.9618410157328181
0.9721215728147409
0.9871041111682323
0.9910545107189276
0.9875962530761292
0.9877399153663745
0.9800283412580497
0.9854880926618645
0.9854553119730185
0.9766123316796598
0.9758406601881845
0.9616064028028428
0.9387311641646902
0.9911984041736995
0.9904798675832878
0.9757040891670475
0.9939009087798015
0.9879713801804293
0.9933015906208864
0.9734043670056101
0.9934725848563969
0.9777697168712652
0.970913321698662
0.9880916502865739
0.9717651811931404
0.9941779635683816
0.9814677538917717
0.9860125846659452
0.9916859021076518
0.9958141227857317
0.9910128080938543
0.9894497497447645
0.985439448176662
0.9768777142572922
0.9925958888686347
0.9280498912768532
0.9859214591846905
0.9728455917326069
0.993041075563174
0.9876979245208143
0.9755507201179405
0.9906740520781688
0.9858684233164499
0.9843778092974009
0.9904977949808053
0.9669152821625117
0.961326614320872
0.9880179399172003
0.9598994493655734
0.9865372584896995
0.9908858935486776
0.9853348532952633
0.9951730160978143
0.9943763673211913
0.9847414287278512
0.9852936819494852
0.9911208504197191
0.9765098416167306
0.9646816235173861
0.9208759822375123
0.9865677631363087
0.9900683786435235
0.9962125721769153
0.9690007536851699
0.9961900148701401
0.9887093324709061
0.954451014863353
0.9867296075000825
0.9723615361832363
0.9953810723970162
0.9885117204010504
0.9923701298701298
0.9873333389006886
0.9935551724949009
0.9847898552098199
0.980355260964522
0.9900574537774516
0.959132436013669
0.9877637421264586
0.95482437253937
0.9794827821894145
0.9926084004066057
0.9886206095311167
0.9901290003942056
0.9719829822558887
0.9909643341144787
0.9951114254760988
0.9740353846303483
0.9907464979335064
0.9852338631460185
0.9872586713895521
0.9923614663256607
0.9951708426431521
0.9922420888569777
0.9973585817860363
0.9919308549031973
0.9896706518253859
0.9897505429224741
0.9787472155700819
0.9938097465431052
0.9948787760923117
0.8006855670498378
0.9825316443114784
0.9470349782751171
0.987893987735255
0.9735911997140702
0.981840531098526
0.9863451444411647
0.994721526378242
0.9931076577009066
0.9829828663676533
0.9895765049105587
0.9928909327518289
0.993265075326144
0.9893001857166976
0.9297437156509094
0.9839747694010831
0.9886985123398401
0.9825441591212706
0.9821037844556365
0.9823426795404735
0.9918519760406029
0.9969973834341355
0.9955527585483532
0.990122511179993
0.9981092167670812
0.9910078972001
0.9915403772489195
0.9962501884739184
0.9738425528314802
0.9791566425405145
0.9912453972582151
0.9958852582640183
0.9884588644264195
0.9892088002869468
0.9821434829846143
0.9890833655604413
0.987360968463191
0.9957108661237102
0.9812631670223857
0.9909983289250893
0.9910087271168616
0.9797691742794197
0.9867846696167404
0.9932037421370455
0.9959760249880406
0.9947595105458252
0.9874289864131933
0.992020459460013
0.9747756025952778
0.9945807241269168
0.9728871576045289
0.9959320350647118
0.9835586275561001
0.9957765115050121
0.9937126275061555
0.9522647302331999
0.9971561323399823
0.9843798957886064
0.9952145657551457
0.9826659341315888
0.986520176636741
0.9867236289736401
0.9944560804974952
0.9649882116623684
0.9832186137827068
0.9891380625476736
0.9903095026203896
0.9928796771180317
0.9767530460111968
0.993328245231064
0.98971773516875
0.9810083210964268
0.9930818586360344
0.9846690346255175
0.9659077417646146
0.9353372401345841
0.9854202299857369
0.9836444638144355
0.9833128876557788
0.9043398107035312
0.9879094738737544
0.9926330496634066
0.9938011336665457
0.967568396515765
0.9908852090275039
0.9935188451508926
0.993090297604392
0.9898646935250953
0.9965254950766865
0.9748266362686425
0.9252457134658153
0.9891890138508519
0.991108074272114
0.9928298279158699
0.9934335847361819
0.9834960137098577
0.9903067199339676
0.9933028515403994
0.9918222706828403
0.9912243512246824
0.9952299179545888
0.8501571669686131
0.9788812978624001
0.9903571859054201
0.992211736962005
0.9320716509717644
0.993619126645693
0.9806404700554384
0.9949002031700617
0.9888985399139418
0.9849110685541912
0.9574963349261949
0.9845459715911056
0.9370227564829515
0.9878917012348475
0.9838933951332561
0.9808419513214248
0.987949253147218
0.9964556488097095
0.9532925435440227
0.9932682523175327
0.9682182182182182
0.9783271677343679
0.9938791355508516
0.9688694044666628
0.9924744466389166
0.9925227688727833
0.9948726354083898
0.9753772875660348
0.9807893022284916
0.987789540087133
0.9959906771166689
0.9886569731569139
0.9879575678971718
0.9963925613762308
0.9853559612548332
0.995259980463433
0.9908189824223624
0.9886105231426568
0.9957137677405988
0.9936907426175808
0.9871678373201042
0.9870965442264165
0.981757488995625
0.9751843586260431
0.9891231368336243
0.9905511551501224
0.9739208162975537
0.9918115094618384
0.9437295251641852
0.9922171534153573
0.9826253125779916
0.9931585628893426
0.9523194681403456
0.9944139682141626
0.9919522374156123
0.9812538364786918
0.9958538936283466
0.9853476555888845
0.9896204055341257
0.9757898894154818
0.9942248390528916
0.9409778117065237
0.9885600481682182
0.9808623337411176
0.9954477321934159
0.9784460324672642
0.9874226550598023
0.9957504136957106
0.9889819449993746
0.9901339905101
0.9820499886559629
0.9898802225019286
0.9908801731033303
0.9805384566134033
0.9928546276189917
0.9228761341031488
0.9951102853788801
0.931220873694447
0.9865925312512323
0.9492628134379815
0.9777477297008547
0.9911657316298906
0.9859842300878808
0.9607485270284598
0.9830371358046839
0.9242116313813107
0.9772745554350509
0.9852868144846911
0.9750681451670449
0.9963158763369588
0.987051059634864
0.9934231924663797
0.9697111628926199
0.9862385321100917
0.9940254912373871
0.9772644376899696
0.9921554080224319
0.9813339929095556
0.9836067803372035
0.9972612792053779
0.9959275696426214
0.9932888883958779
0.995763474769078
0.9908824010200412
0.9880709004097117
0.99000784016489
0.9856164205152249
0.9920220673012079
0.9911765681494012
0.9884562001919557
0.9952871780061492
0.9901946468466627
0.9935657499922665
0.9848932342057914
0.980133322793982
0.6428623361195627
0.9919187522669568
0.990375463229148
0.9876497050765126
0.9939615352821747
0.9918403835994961
0.9757889820455365
0.9864270234617921
0.9912663755458515
0.9905043121196225
0.9924829436356951
0.9650015649829056
0.9938142537237472
0.966195734048612
0.9811722965372516
0.9172541417788375
0.9920089202750418
0.9897820655764784
0.994658052948942
0.9593657766490493
0.9964204268436532
0.972823613086771
0.9923050173592709
0.9690197145276719
0.983524159868565
0.8164056086428266
0.98086251417815
0.9942894270175815
0.990850511734689
0.9856436220137981
0.974897086796725
0.9860551268464448
0.9828385405566685
0.9889889396307141
0.9867487402071343
0.9751904604173567
0.9850527181070131
0.9959097381024291
0.9900706399700598
0.9895267145527895
0.97367738861759
0.993503086938207
0.9778319462910983
0.9863322643335279
0.9951188107222287
0.984695271932222
0.9956027494387719
0.9754432073783246
0.9701076359915971
0.9910826540130592
0.9876553594046865
0.9916783827127054
0.9846631971900918
0.9793062945908532
0.9899662265888854
0.9541317298126807
0.9926612080610923
0.9818563146752142
0.98908963674534
0.9866237336188058
0.8711595548582746
0.9883221625587917
0.990093627772011
0.9925226255038633
0.9851877368239752
0.9887111378061463
0.9870743168764866
0.9698428944557236
0.9921022774713536
0.9864469403097902
0.9494034938219003
0.9938881826652304
0.9960750943998298
0.9847056201208829
0.9877616759651086
0.9543991503299768
0.9847070401096468
0.990267778332274
0.9857230396130129
0.9884424312607011
0.9907646591618039
0.9907952403054288
0.9897131349926568
0.9944935562057308
0.9905129039525394
0.9802950166569359
0.9879820270539424
0.9934970388803012
0.978659911863701
0.9871481501226144
0.9599282296650717
0.9742672338441816
0.988093123431845
0.9952949417229798
0.9933018025066502
0.9935584719422151
0.9778737609859901
0.9927562477363274
0.9764252611070765
0.9768564042888489
0.9869724850929429
0.9874478198396971
0.9813576839280048
0.9933262252833718
0.9774004166403636
0.961724622119435
0.990009404516894
0.9956950373145164
0.9938382090327276
0.9892668224873908
0.9977679213273141
0.9888956424635156
0.9788826220189191
0.9953084825159805
0.92447333299213
0.9893423493868132
0.9677494841800961
0.9859400767795832
0.9910764290781466
0.9900166923472008
0.9918703780874553
0.982965759890157
0.9926690874347904
0.9183209792394422
0.9792971624934477
0.9822563623402318
0.9841576993266629
0.9937010684094305
0.9913366496902246
0.9887896037862878
0.9950090887358313
0.986141560551157
0.9904892004742513
0.9741483179751684
0.9972086909456429
0.9933983777760502
0.9880070546737213
0.9411304398280645
0.9938983701564028
0.9830751430478168
0.9823943661971831
0.9816271919836028
0.9970326507877566
0.9805076078788816
0.9711127030533021
0.9921448263116882
0.9944933840326383
0.9808480813295992
0.9927825339573708
0.9791432624113475
0.9941813768361683
0.9757566292906893
0.9941611216916288
0.984127607130802
0.9885791847759025
0.9901839986857237
0.99099520301655
0.9855043410161387
0.9672715266408948
0.9928120437786518
0.9929009543632781
0.9815444997317301
0.9841812712950618
0.9912617123492677
0.9940791797182474
0.9943800864194258
0.9866938163718378
0.9674370535673456
0.9876002394634299
0.9897940553979033
0.985486130959435
0.9593205082339907
0.9938610929620881
0.9891029109403744
0.9920151452693934
0.9958724023572638
0.9920565201951292
0.986620758231239
0.9825860964232034
0.9499657489863551
0.973368224455378
0.9927153966866057
0.9903712160642031
0.9835480944214562
0.995051599767017
0.8298617422566816
0.9466384355521721
0.9841528132055003
0.9918319299467874
0.9866881183660687
0.9928966312375432
0.9936329162787529
0.998117707578273
0.9626346153846154
0.9855346708154821
0.9898610310122226
0.9922845487937686
0.9621461852315607
0.9919509456775196
0.9956935410130877
0.9972363663198288
0.7917454445714017
0.9684916262519406
0.9906274232156704
0.8399740515016441
0.9866561358860726
0.9746218999451587
0.9926854518842524
0.9888541701773222
0.953681203139527
0.9865639470776099
0.9844019337195589
0.9895841795582996
0.9907362992630053
0.977062893607868
0.9560049681849432
0.9856697964522623
0.9897372069573985
0.9754054622188445
0.9848916834254003
0.9974865608722354
0.9918120947706478
0.9943862396280632
0.992358482102808
0.9697601747493287
0.9911841881713326
0.9927078125411152
0.997243503166915
0.9746853786465871
0.961478170963546
0.9753272769624971
0.9924404681507019
0.9896532996178156
0.9834159171731699
0.9833847694657863
0.9962162616665265
0.9765198539519049
0.9825243438899104
0.978798133243038
0.981565629303943
0.9894282687507102
0.9848927781517454
0.9864557625006943
0.9974126778783958
0.989944215943903
0.9834342660489098
0.9976027230138591
0.9974307998851153
0.9897584295752336
0.9481502242152466
0.9932302600906046
0.9944453271894282
0.9769748259780255
0.8810307542967865
0.9850569351139936
0.9897425927366047
0.9929239203011888
0.9864713869020938
0.9806328635837878
0.947356852029705
0.9825669174042287
0.9921646917962662
0.9820807784108334
0.9896476091761363
0.98349241517663
0.9837560997718723
0.9892229283591945
0.963658626953072
0.9944693896854674
0.9885957088598716
0.996212332021902
0.9754709592487981
0.9942790274346639
0.9868220015278839
0.981220840246306
0.985704241856105
0.9858037692497059
0.9621121375012256
0.9894976362816061
0.9882990860196973
0.9931854951069484
0.9835729100780809
0.9872396575250034
0.9965088653595847
0.9844909583947431
0.9743573811549454
0.9892163699040473
0.9796762964982917
0.9861154049490624
0.9926909679990477
0.9776163737758954
0.9709755579793425
0.9597936093207909
0.9917975567190227
0.9836869008623068
0.9950042909673716
0.9947554073400721
0.9754486741195274
0.9607697279487978
0.9922824570090933
0.9737050855037839
0.9171449407537795
0.9874354350902651
0.9702637889688249
0.977359542401294
0.9904620756634163
0.9896327014218009
0.9900941953789621
0.9917735034316468
0.9969759711273625
0.9884296084744566
0.9876604909296739
0.9903247610663984
0.9950762388818297
0.9948432537810898
0.9934368890556026
0.9961957398149913
0.990611458834858
0.9926188266204091
0.9908688539837291
0.992784041630529
0.9814110147021975
0.987369115155925
0.981026416709659
0.9506607929515418
0.9939036422798363
0.9945923484415901
0.9585034329189089
0.9578072066522945
0.9950846748192812
0.9880561305613056
0.9765676524977692
0.9851814971244847
0.9949096096915205
0.966748643185407
0.9852420064668834
0.9895041496724623
0.9838674567662353
0.9892918312755504
0.9647390691114246
0.993269320406451
0.9807803428445643
0.9967126401771088
0.9860859633973091
0.9886568381303619
0.9848754649956276
0.9875209600620782
0.9933435739887353
0.99469376861343
0.9861318239463397
0.9780058555415724
0.9874822970441774
0.9942306962985437
0.9942390922914961
0.9598166076198776
0.9920539298371408
0.98460793659508
0.9955929802471079
0.9645459274335727
0.9103248920044491
0.9960745285819542
0.9866802521732706
0.9688537263522625
0.9947543636999026
0.9943541674206507
0.9575168265650748
0.9813787775715159
0.9656511894925476
0.9844579259399892
0.9968413229282794
0.9841449133626966
0.9743404478926788
0.984133921539169
0.9320942047633674
0.9952162350878757
0.9838878812410123
0.9850182599280133
0.9960371233208951
0.9913507850727582
0.9768546770115945
0.96511544400158
0.9917234065941172
0.9847233476698041
0.986742280023245
0.9343664101979331
0.9785634880127528
0.9869432732681461
0.989857127609289
0.9935798175619115
0.9792929660492704
0.9705638368796853
0.9922209406638473
0.9939731187106261
0.9822341095664301
0.9769213192170005
0.9940218969375032
0.9909216703092063
0.9907890288009344
0.9937433858650574
0.985065333379628
0.9873794813847351
0.9911021824359173
0.9953572057676338
0.9830579614636289
0.986803067893997
0.984488359501895
0.9907310752549203
0.9921224701171735
0.9850718914569295
0.9858843188012765
0.9914840871305224
0.9916833697310558
0.973811836270463
0.9467954118333225
0.991014672152037
0.9946250865713515
0.9653147017035052
0.9939003427476065
0.9598310272430628
0.9813563126652367
0.9903783063445533
0.9860134391785491
0.9276236340540694
0.9798096429688548
0.9934401693555455
0.9946219341159321
0.9821025316260175
0.9934818249445684
0.9762707066787736
0.9823187853981248
0.9816957176093493
0.9791355068489179
0.9610455474734357
0.9891958261045937
0.9960208933520323
0.9905426693753282
0.9910848931481351
0.9893588801828272
0.9601938587290679
0.9773034652500243
0.9853788956717309
0.9803764638524949
0.9856186001342454
0.9913249043093847
0.9862532505836511
0.9418938807199242
0.979733600687482
0.988502835801623
0.9786028147487741
0.8999785558925344
0.9854204034189404
0.992459585548443
0.9352548830191956
0.9625335871410213
0.9973020723904116
0.9835276438338068
0.9815673390132195
0.9978806130638388
0.9848793599695526
0.9915276950096327
0.9953694819660095
0.9925431683406253
0.7898512265334877
0.9791755861147741
0.9765379333359003
0.9833476184645524
0.9884621634797681
0.991304031987118
0.9881294964028777
0.98428160428791
0.9981636821022553
0.9743240381871243
0.9876922731709507
0.9754917716636667
0.9952327878642682
0.995361452887299
0.9844923626341634
0.9912834738815521
0.9926492728049353
0.9884790519357262
0.9944170647517313
0.9908811766822807
0.9507719513024553
0.9591329133457999
0.9869600246365947
0.9937122665320545
0.992175142058292
0.9872805664200949
0.9913291979965146
0.993360169674934
0.9880132880561197
0.9901619334655336
0.9883538196129171
0.9807010763794415
