0.985607903856079
0.989504737822369
0.9839786060182619
0.9912135843908744
0.9940254912373871
0.9936817041120793
0.9662356100120366
0.9985688819704236
0.9788408517627735
0.9901538087514102
0.9930512436538953
0.9919383742472199
0.9871587909808202
0.9854799370873255
0.9615638562454819
0.979275080981839
0.9953443912188658
0.9904694350949359
0.9953090970011728
0.9956649500234587
0.9927709311261866
0.9692461738901532
0.954674897092432
0.9608866840423688
0.986798801196003
0.9927278850895869
0.9934016801628199
0.993430319669116
0.9641877038463196
0.9910772281985653
0.9930615071635718
0.9778426564947788
0.9935064935064936
0.9902632812775705
0.9929978687146818
0.9576941359491811
0.9839450515913946
0.9895928849924333
0.9941775864023505
0.9865884747538869
0.9941127743920478
0.9914209519975847
0.9900626568841913
0.9912325484256138
0.9950070129589892
0.9912300995766502
0.995572304896593
0.9963958178380805
0.9774064117076326
0.9687125545176041
0.9784782382185705
0.9656017133133838
0.9698428549894483
0.9922336404441294
0.9911503927276748
0.9934723945096333
0.9986208708215669
0.7832231084589271
0.9897853781705498
0.9871693945932282
0.9863617924388289
0.9938117487044185
0.9355588363197213
0.9926065398857716
0.9374995590777081
0.9810132620933117
0.984095306287229
0.9859118996536734
0.974189979639154
0.9897656856900259
0.9853449001937168
0.9642741877363782
0.9601586754053122
0.9405531105611566
0.9461042452898744
0.9874525136566564
0.9794789905441793
0.963184619543711
0.9921155205493285
0.9890215037518255
0.8800712448050663
0.9929999090661089
0.9732791993201775
0.9854396877325508
0.989365080991363
0.9933948701179773
0.9781583413644
0.8903986359360301
0.9758338577721838
0.9974883680942916
0.9841823762757009
0.9940913332792339
0.9939289404250595
0.9565884779584592
0.9891143658057793
0.9897999457312712
0.9871583177495723
0.9785341855184594
0.993929267903368
0.9950882904957302
0.9884936572495308
0.9943359176195161
0.99045249660396
0.9868525741246641
0.9920979446938815
0.9929261713795752
0.9925380720041399
0.9899007337073802
0.9949758739649107
0.98925631060304
0.9838770466001628
0.9723245183855507
0.9801701007966352
0.9725754502151909
0.9936376147823929
0.9378159544941508
0.9842980412394605
0.9856898717235983
0.9955970285587606
0.9924821716039538
0.9919238965661181
0.8872036758427194
0.9914670530874823
0.9928129100881057
0.9912063364888049
0.9865640578433268
0.9818665531195832
0.9833858316348588
0.9931127630837295
0.9924509582515408
0.994247801077396
0.9945101833639998
0.9899208282582217
0.990499294660796
0.9826298070294198
0.939576452302312
0.980363342789952
0.9860199818788804
0.9903415403361646
0.9995223558241438
0.993719507684161
0.9941503159873953
0.8755354924762767
0.9855996590471351
0.9814997613436726
0.9893632252053072
0.9986594022308922
0.9870315703029492
0.9882758979969264
0.9919687416996351
0.9898605716740349
0.9871685724471498
0.9908384855602653
0.9701332187365707
0.9697432923936534
0.9894954474784134
0.9925227977436812
0.9688625359103354
0.9909652949957396
0.9833015997404172
0.9927066450567261
0.9848553601815088
0.9932508012038032
0.9828984038510261
0.9939288338406633
0.9978127463239694
0.9959259786476868
0.9939795247925219
0.995311581623587
0.9954163596168017
0.9842798707388123
0.9695202230440086
0.9916157531537075
0.980341491741806
0.9922150478545588
0.9844583158929189
0.9674476100777019
0.9935130283414024
0.9938878091623968
0.9625953922384173
0.985978106505606
0.845945231400575
0.9918457641790726
0.9859049547491758
0.9830201261948325
0.9902062559759596
0.9947298999804811
0.9837584041101783
0.9741500007368871
0.9969615137456215
0.9945954513035898
0.9930528420300659
0.9919945129443668
0.9949875380780947
0.9854427163218307
0.968462228563689
0.994437859576107
0.9860059110081387
0.9935382419200143
0.9828643269187218
0.9962735039336157
0.9864694818562999
0.9780102217602218
0.9748496499251285
0.9609860552566982
0.991007169011911
0.9566827618920201
0.986404697194594
0.9841591809137448
0.9927783116780702
0.9761901784628256
0.9884383454286738
0.9768385864374403
0.9945008878186761
0.9904029077228116
0.9930728464360752
0.9932896249774394
0.9849415282746836
0.9742243436754177
0.993072290548042
0.9953358651792072
0.9876017047655947
0.9961763586611819
0.9943049164721083
0.9860851086884546
0.9855854030899363
0.9936767839788543
0.9744985916151427
0.9867575626076123
0.9876140253742328
0.9916949287477111
0.9877138347340131
0.9784199437775876
0.975438781572562
0.9950573573148279
0.9809571297007743
0.9895216087590437
0.9769676272204749
0.996811304822464
0.9894483844036873
0.9925819042086211
0.9781093503464362
0.9806696888750956
0.8839210566019117
0.9949328205686367
0.8932499916050638
0.9837140799128606
0.936412577417818
0.9719195126676714
0.9948606691531886
0.9689835149164338
0.9920356016815555
0.985539663692485
0.973611157762046
0.9006525135557394
0.9962877127486656
0.9896198646506831
0.9700903525949914
0.9900209413688943
0.9779823164369268
0.9475320530457272
0.987236785560808
0.9802686337818185
0.9099149351554874
0.9919398357398413
0.9781718844349482
0.9878160791869411
0.9821486895108186
0.9950101195190252
0.9875708720638716
0.98821684174454
0.9917966772802869
0.9853762518080711
0.978771694594048
0.9883614468213447
0.9934694911268294
0.9914529055851231
0.9911104017874955
0.9907323325123077
0.9916908578908472
0.9475724633749742
0.984655331171468
0.9687140602660289
0.9775771560184426
0.9800970221156647
0.9882539367177036
0.9890908018752027
0.993808468068999
0.9923904847615109
0.989014067853682
0.9729464628925149
0.9809138245214819
0.9894774044264252
0.9897119341563786
0.9900716819691029
0.9915252837085399
0.9814809524781163
0.9903210496422263
0.9954696760574815
0.9711133349174335
0.9812386208466091
0.9931284007780484
0.986224979911429
0.9875798617997146
0.9900725660149163
0.9954066088586829
0.9899214623679577
0.9865633644894171
0.9946804217151604
0.9909932965894451
0.9807581588436715
0.9824918566775245
0.9923500224536711
0.9663025795956309
0.9957093495677708
0.9900097954839697
0.9899402962703905
0.9958752358803076
0.9758915264519479
0.9955375905461198
0.988839169571778
0.9425895915435896
0.9942902786817348
0.9539280091657668
0.9424119297487584
0.9717026627485622
0.998558578611317
0.9944593687038281
0.9867428996629133
0.9762365368717557
0.9911614065582095
0.9912495512736967
0.9842713868118025
0.9872153338612452
0.9885154639175258
0.9888303153122742
0.9890851257795159
0.9981102209174763
0.9909814572330856
0.9966692853925151
0.9949836098142446
0.9920705784830363
0.9869366043013141
0.9904171648954982
0.9855521249960095
0.9791835126785677
0.9655296799699882
0.9690709145306057
0.9946685335774679
0.9739680570631105
0.9815375330527155
0.9957288488274109
0.9793072567886247
0.8968008234815014
0.8717357529053508
0.9770192986787783
0.9902320414194982
0.9471841483644592
0.9934709152345311
0.9868989790043062
0.995908538506549
0.9893557342385754
0.9799253870546539
0.9949718441828319
0.9909624207635352
0.9923381568420458
0.9761419491166864
0.9943200642745916
0.9598453892429181
0.9951752267023519
0.9942499860436554
0.9860767376135656
0.9747306322978215
0.991239454899416
0.964523400431911
0.9682733445853122
0.9936493899942684
0.9858385426268247
0.9727826371490387
0.9931283044703803
0.9866207788032192
0.996069856091723
0.990720036507057
0.9884779443573558
0.9809396772948561
0.9880039251344765
0.9903755109147403
0.9902743166707707
0.9911962584098242
0.962967534872238
0.9761093389665337
0.9886157928467826
0.9988889161614426
0.9893186449673196
0.9940606910838256
0.9894122383252818
0.9907424582230241
0.9875492306443441
0.9911138696297194
0.9362844360725218
0.9940317993192521
0.9817507890669642
0.9667977325762098
0.9937304713638189
0.9908377333489539
0.9844495247821192
0.9841734707293078
0.9876181818778489
0.978678025292993
0.9784333335060601
0.9923670440772164
0.9866422462710766
0.9945879270613209
0.997028408960631
0.9958465587646355
0.9937384424114309
0.9865297698954956
0.9916444173055894
0.9546710072013416
0.9909332881878803
0.9935979268383711
0.9734536934756454
0.9875791110722029
0.9833425493527933
0.9819821672820017
0.9744030127783667
0.9451294359049521
0.9883924050253635
0.989826444763643
0.9667937666556212
0.961010558154751
0.9944156470212271
0.9835698420614689
0.9721422554141043
0.9809111832341506
0.9902670602704615
0.9878715352516532
0.9877840009499683
0.9947296857703856
0.9949732778887768
0.9918134727135233
0.9915173088295501
0.9880230408994773
0.969003324793433
0.9786561138340596
0.9838842076771872
0.9891211005235083
0.9873666618523944
0.9905153518469977
0.9925357590409167
0.993078443128643
0.9959818894300434
0.9938282261545102
0.9841282105981023
0.9872341787001685
0.9490513403519498
0.9972760864954173
0.9811478785943877
0.9679366276876651
0.9808145547668128
0.9946516846477034
0.9739300542957522
0.9908217511990819
0.9891353743868124
0.9948881770714704
0.9795886599342323
0.9927487843119195
0.9852903864599771
0.9891591831713618
0.9915777699184919
0.9912410506908028
0.9834357310281338
0.9922934738312861
0.9827548961478887
0.9875047827770218
0.9951208863177428
0.9957659547524267
0.9878281882110179
0.9698197470518038
0.983801792142146
0.991369305885182
0.9929587084559034
0.9977457000161911
0.9865024027136531
0.9835084698892982
0.9816339628970251
0.9690142615190344
0.9892875977661308
0.9650035681516974
0.9862639168211155
0.9905256909777183
0.9868047825930847
0.9869809446961704
0.987014177062743
0.9925439293030213
0.9897981953335285
0.9888011978663006
0.9765094995583786
0.993750091587169
0.9786573075547802
0.9899717157629329
0.9877737974300023
0.9302730568294961
0.9842925612611428
0.9961667293603453
0.994967902744139
0.9955625237306829
0.9966804838702849
0.9868674427077009
0.9970528489127177
0.9879048690784255
0.9908347163916821
0.9839994069600753
0.9845156351185186
0.9936568194552801
0.9891060535601937
0.9896992642985657
0.9674203793124254
0.9869248238286923
0.990657462837914
0.9917046041488992
0.9878530170300743
0.9939288871225255
0.9906102905042907
0.9905707986134058
0.9909435024713759
0.9768689762959104
0.9923582981412853
0.9914788220323577
0.9902000332202263
0.9906263268483337
0.9966177669111654
0.9935514770025486
0.9843094919440111
0.9886987314994689
0.9937702145083808
0.9965107584946415
0.9210719359661259
0.9610892203771461
0.9648836289736729
0.9512475735668428
0.9914670484888356
0.9765434556137761
0.9880456542158044
0.9842538285536875
0.9964423830346536
0.992991641058715
0.9935939012899545
0.9906965016095282
0.9933231523244663
0.9868366500829188
0.9577020356047853
0.9812102475012715
0.9916894360975088
0.9908927061743545
0.9128445855768789
0.996770814717738
0.9834977622026724
0.9920517338031553
0.9864748626971548
0.9949712451517988
0.8765725522046722
0.9851702922102462
0.995476428024836
0.9963962481131197
0.9777963374141899
0.9927247145986572
0.9926995799653909
0.9821199504402153
0.997646891361111
0.986707410236822
0.990587544735938
0.9776785854814796
0.9893786772754976
0.9599155256713269
0.9740368815936286
0.6147756851467482
0.9569279429650435
0.9892516226598935
0.9942649277615215
0.9873978771635334
0.990488954460731
0.9827065737499598
0.9931526652421954
0.9844619536557372
0.978347167087694
0.9909213304307346
0.9809378543275201
0.9796738265712013
0.9924477258637209
0.9877802196047434
0.9763072432517717
0.8708622448279489
0.9981038935565072
0.9897516792886581
0.9878959243940874
0.9941383039803453
0.9585837862481853
0.9927533727556647
0.98340997778048
0.9926664775083485
0.9955308981508213
0.991404623351663
0.9896702532959838
0.9664683592027656
0.9919392056117897
0.9936463008639629
0.9667561700802432
0.96609977210772
0.9901224414437851
0.9843105599858971
0.989113015013
0.9898780703304471
0.9936377115597277
0.9947498299596962
0.9878072963142707
0.9886526959516956
0.9956696202680599
0.9827178384722713
0.995322005454164
0.9938097917839055
0.9901373367443113
0.996131012335731
0.983965387651301
0.9911273473676494
0.9904743253048408
0.9918244162564577
0.9096125737589549
0.9860621098422508
0.9761544994696073
0.9696762706230049
0.99354944067935
0.9835278599192341
0.9865884736658171
0.9908828473288022
0.9706318334212123
0.9351547775313078
0.9932988534650908
0.9569063999390723
0.9824187640713734
0.9922696082689134
0.9844224568581105
0.9839616043219256
0.9822117739249682
0.9761685169370908
0.9859634213530283
0.9965270625309438
0.872105827252573
0.9932197902990846
0.9929734864841523
0.9887276639559994
0.9670910759348474
0.9882527025360681
0.9897569196586078
0.9567199600299775
0.9780463585269524
0.9895686744243297
0.9931467505881634
0.9880857594396242
0.9926857181827675
0.9882223167988327
0.9706667799291755
0.9940209267563528
0.9800076301203298
0.9866348780954701
0.9903737982907354
0.9826837232135722
0.991019223793979
0.9940308747855917
0.9966501602097291
0.9912919100642775
0.9938514936207443
0.9920745106841693
0.9967395831390758
0.9931573744680096
0.9945035906409446
0.9780263844480943
0.9837446586887303
0.9423933622897873
0.9807219127385147
0.9923032651931287
0.9847498714464116
0.9959697063643208
0.9924574834300981
0.9945553465278144
0.9628635190738545
0.9857588473392996
0.986208817764412
0.9803620229699428
0.9892699091843369
0.9936728002037438
0.9956730978115025
0.9822981125846777
0.9882375162606208
0.9932915229691086
0.9923095422506569
0.9876958020418433
0.9985596352173305
0.9858327299058653
0.9650341023245977
0.9881751834271245
0.9924572804676143
0.9884057172067476
0.9896504876212563
0.9976515228328533
0.99661454421844
0.9818183307933075
0.9920435741417779
0.9927394248144036
0.9943613160900635
0.9967727489661233
0.9859325416298623
0.9869488673643728
0.9944867792752289
0.9825306893295562
0.9901432286561859
0.9920249471656288
0.9787120937537755
0.9845509613451625
0.9947983075585998
0.9939493168125321
0.9715494966253122
0.9794754098360656
0.9877002741205945
0.9916329354559209
0.9950353270704496
0.9883859384448503
0.9707778157385264
0.9842194974432287
0.9900981748781014
0.9885774626464016
0.9737631324625121
0.9804961765257111
0.9766170277221724
0.988279099793364
0.9801830548324796
0.9923692068520983
0.9575109649122807
0.9873165446367009
0.9822785711511323
0.9839902977921122
0.9960280805468317
0.9915193738006876
0.9921972312990855
0.9906086421020219
0.9778736038456101
0.9886228538461421
0.9952048404723192
0.9963932482605847
0.9940282685512367
0.985611553477554
0.9903496422447734
0.9864964892670165
0.9841562115518209
0.9870822081544114
0.9722494581484157
0.9968775355778611
0.9335945804375889
0.9953553023086971
0.9798406336482489
0.9711108444337774
0.9961967634926858
0.990388797579686
0.9844767472746234
0.9702042937372043
0.9916989343658997
0.9178975827571264
0.9747969916227827
0.9803551675094817
0.9717038902420565
0.993651110841499
0.9938538218826368
0.9844887993820348
0.9929173160771007
0.9954696868754164
0.9900173497016377
0.9904975748462843
0.9720928870537937
0.9877715946549463
0.9869349924379048
0.9827094009869993
0.992637230953588
0.9641946000186421
0.9355640165203923
0.9945505485370635
0.9584961633910488
0.995491594498217
0.9752572010440197
0.9844078011309795
0.972560307257916
0.9958463176686136
0.9831561164662626
0.9834853916150148
0.9670456683600784
0.9974512688712937
0.9852313090495981
0.9778790339559085
0.9639887681423674
0.99339210513145
0.9824323872993199
0.9951392948022098
0.9909134697049728
0.9905351473662227
0.9882334253806114
0.9832164860845549
0.9914461196975716
0.9875656472042014
0.9935225092802511
0.97986654232005
0.9359165756812763
0.9858113921872311
0.9645501205746296
0.9869414956490414
0.9940857923894854
0.984315536033276
0.9865020295189261
0.995757808374144
0.9882072314958221
0.9841341133836988
0.9958221163802029
0.9946222984227309
0.9873601416360708
0.9046749115616824
0.9956339975051415
0.991795474021646
0.9937684873828129
0.9799995622937994
0.9950570729718712
0.9779854494730713
0.9844957039552513
0.9792164587934079
0.9883788375304368
0.990342992763605
0.9971122221632804
0.9890354003326206
0.9893666155816346
0.9760348821790442
0.9907983542430937
0.9914490711922157
0.9848233379081421
0.990247476019322
0.9925631653003792
0.9466874602899555
0.9746896963747896
0.988955261909986
0.9836253094738162
0.9870464959214459
0.9906374838969928
0.9809651905673894
0.9962631265905478
0.9815931569335016
0.9919535473081075
0.990961141302827
0.9900774546059868
0.9856633454150586
0.9921502110370399
0.9907596041345806
0.9829770545473147
0.9874444149352728
0.9826180755752342
0.9883713413783601
0.980753262272786
0.9876210595626767
0.9920592177936419
0.990374386070675
0.9943175005131728
0.987806391175686
0.9919304964201613
0.9426134718005672
0.9855704629145254
0.9784559261556602
0.9905664444343855
0.9873758825741223
0.9978026944264798
0.9965563420700211
0.9911191508864156
0.9879239705238686
0.9894427117048197
0.9769429968474554
0.9953015241759118
0.9595603041861126
0.9964648746329343
0.9944996917141304
0.9900226552756499
0.9842807494819004
0.9532604488988297
0.9168800569040633
0.9917654930143637
0.9897628206587303
0.9702462741782053
0.9940560740123949
0.9938120806721334
0.989806685457276
0.9936727469753599
0.9840531239397023
0.9838568387730597
0.9938330048655188
0.9825018805088996
0.9914310149499078
0.9908466778949295
0.9555591969090658
0.9956775948216519
0.9908274956217162
0.9924881366352232
0.9898238237865794
0.9778015705049081
0.9603278077854349
0.9885394813194661
0.9922284081629617
0.9666300197382803
0.9903708208582834
0.9852144041439548
0.9879927986121715
0.9685802623882344
0.9428660492856532
0.9973750775545268
0.9821838797728673
0.9830510863844824
0.9971275220013504
0.978217173416766
0.993311701438738
0.9829086989796594
0.9885014796879203
0.9892019907730366
0.9780468357282766
0.9926153885567344
0.9761021484822999
0.9841985174758494
0.9831261853708133
0.988052704640102
0.991659189606288
0.9843833628158026
0.9889476417043732
0.9792725951451645
0.9893555665925325
0.9819102377759398
0.923208724215947
0.9921788026182982
0.9937793244474836
0.9846120861445612
0.9931679922172597
0.9857588311502785
0.9696812645763151
0.9595316219520041
0.9788636890151051
0.9908075211729378
0.9741441961556748
0.9814099874108266
0.9883078202158908
0.9496940515598354
0.9614538813418754
0.9768409977715
0.9811042902862089
0.9812605195167187
0.9717307749310832
0.9844823525538591
0.9847233476698041
0.9766587501855425
0.997086105125082
0.9882845847012854
0.9925606690267302
0.9847398276285356
0.9921050240755883
0.9842756774841084
0.9913613358929375
0.9906563582830933
0.9859895106373979
0.9916153517335398
0.9767233143221099
0.9945437744760117
0.9784979606313177
0.9922037788742398
0.9914956194608768
0.971780913916384
0.994911348796941
0.9958552921957455
0.9877054440940927
0.9872028034066714
0.9890647965222943
0.9870602998124486
0.9747561517814505
0.9726033002514619
0.9951573505010006
0.9915178645760241
0.9648722108629272
0.9793943856909646
0.9915794915984489
0.9900175513298508
0.99391120370819
0.8876596934584666
0.9802146523565096
0.9869647910191585
0.9893372670067978
0.989786765173293
0.9944088999484619
0.9934136372991993
0.9765554306397214
0.9912710501691281
0.9868991116221152
0.9911869191105124
0.994581088413275
0.9859531772575251
0.94733876899482
0.9949331731415086
0.9934740513303307
0.9885897307576819
0.9942304140957678
0.9853703510861752
0.9661538161157428
0.984632792697804
0.9869358069246816
0.9904360271119937
0.9821192256793772
0.9893219444237985
0.9912487863759217
0.9728412100747252
0.9910777052379921
0.9655981575404735
0.9933434866722726
0.9826753093694756
0.9822698999918693
0.9855790395603276
0.9886064216311117
0.9944480118808846
0.9825293500723519
0.987848482666132
0.9936003764826182
0.9879280486417474
0.9748406757204372
0.9939669277950949
0.9852646645840363
0.9966503097959978
0.981204738992817
0.9886494479610505
0.9852238894590858
0.994676589916531
0.9765964206290374
0.9860247706567881
0.9872706972094691
0.9946429577634852
0.9839994324921869
0.991066296353996
0.979831408803674
0.993689287734098
0.9854979326066132
0.9823061088575407
0.9888851819183115
0.9916339772072357
0.9688158585091758
0.9165882462807187
0.9786858526733232
0.9733064425283691
0.9393831130165535
0.9860218513415778
0.9236150754124951
0.992795546337736
0.9928842761767733
0.9926872174459632
0.9937095387674119
0.9847408217181379
0.9865115570637043
0.9863413031506294
0.9800602241002323
0.9854506318013314
0.9923195466295486
0.9661406081812772
0.9896824179196072
0.9400597907324365
0.9896651326586218
0.9921044312337597
0.9936313415786986
0.9955078137002464
0.990142161281519
0.9869612738495308
0.9906891339225269
0.9342979656916405
0.9819505061265946
0.9902383048289738
0.9946178855665185
0.9821770605851315
0.9645930933939221
0.997782532782766
0.9945105414418314
0.9923309849510796
0.9921962112427415
0.9883027717345237
0.9824586909213162
0.9930593510130445
0.9950910477959468
0.9873924687354211
0.9955625542567581
0.9812393560253412
0.9691473224937792
0.994372725488962
0.9915854204370755
0.9783172464590973
0.9929351690088357
0.9835656279453433
0.9839492900647528
0.996723974444669
0.9830577090460093
0.9328851032754789
0.994398562065172
0.9779414423644845
0.9931602368347141
0.9931284344455499
0.9941182715787239
0.9919993383150575
0.9939631658567892
0.9711653749402462
0.9732157332605748
0.9913809722039846
0.9863463710091367
0.9875741231860306
0.9905714184765876
0.9830092050764876
0.996413199426112
0.9861352264465637
0.9924908675906979
0.9872413738599902
0.9882334555950838
0.98185333423784
0.9898867070395743
0.9657579832389335
0.9961476914724141
0.9822692973991094
0.9972067761123622
0.9879366749315122
0.9864069143096669
0.9934463723581549
0.9778411998764345
0.9936885188265446
0.9645718819370668
0.9949241442679504
0.9916321531764397
0.9900098348209548
0.9392609738549512
0.9892781168824227
0.9612779197126451
0.9905183729861237
0.9884883664211502
0.9664122792115364
0.9937641741889993
0.9639643218975347
0.9643277898024604
0.9872256927120776
0.9923547188643673
0.9945871429440266
0.9868730725531569
0.9918903803131991
0.9802518802755724
0.9781335072951035
0.971284501671242
0.9963582797986824
0.9943777107466043
0.985624033269803
0.993858845096242
0.9879284191026597
0.9863995545498703
0.9939214904723944
0.9905037517890615
0.9945765730792505
0.987880176551458
0.9746454877987674
0.9898674014896685
0.929568339497341
0.9805362661889007
0.9553447657454172
0.9874436549479267
0.9937011841773746
0.9897547989794325
0.9839663766982699
0.9840125802647097
0.9925145779133399
0.9845835686858224
0.9306048332234398
0.9744684340128174
0.9684041338277384
0.9933037620959377
0.983686019322144
0.9909918870149614
0.9861268059923098
0.973269659645224
0.9938434217820228
0.9897799529132603
0.9837263992474635
0.9805916592891022
0.9159473325050229
0.9478646879657832
0.9915280446089687
0.9864734670213492
0.9931008422533605
0.9985231968075914
0.9900102767842277
0.9889188833955129
0.9933555714613691
0.9883807602137593
0.9603039563888659
0.9809747303326652
0.9829001367989056
0.9863814416635143
0.9904416163244767
0.9872747568552521
0.9930258186397984
0.97831861615619
0.9776461295418641
0.9854563946097127
0.9544992039455571
0.9821242261946164
0.985101854667072
0.9988860007426662
0.9775236822668779
0.9942602121445819
0.9993915013015111
0.9912840882671561
0.9961035479876068
0.9935301166039604
0.9823980412264787
0.984952608287622
0.9862227225243005
0.990213356657659
0.9915726514449965
0.9895357959447599
0.9839043136869398
0.9414725632916385
0.9899249508606826
0.9890834217815219
0.9914183128907399
0.9626039831772708
0.983416490373741
0.994035196735919
0.9837224419045556
0.9758907082539197
0.9875461840654175
0.9953248557384057
0.9881249503219139
0.9527073337902673
0.991239208766563
0.989792506711983
0.9962313080148324
0.9729967225573553
0.9899859027288289
0.9885084116078025
0.9793720718830851
0.9870086509115347
0.9913268675913373
0.9601185869837706
0.9905455429137661
0.9679483422393625
0.9711387881654318
0.9898430027573566
0.991954608097538
0.986089825898466
0.9716943845865682
0.9896200291275481
0.9849338143331189
0.9904457909543389
0.9851373639319542
0.9795151821223408
0.9905982905982906
0.9759989927717576
0.9859457243938218
0.9974079870699314
0.9939267369455557
0.987286862089002
0.9913271640266612
0.9801179702169801
0.972910809308236
0.9949525669345114
0.9929386154289004
0.9908060128943327
0.9944300535520152
0.99460498613536
0.9912985923887807
0.9929170614470917
0.946327938941567
0.958421963036447
0.9934106847041192
0.9896273837070135
0.7353945447379027
0.9936069379929422
0.9954318706331142
0.9877439341519119
0.987677498387202
0.9928734165679395
0.996362513530296
0.9822071606523135
0.9936281640965958
0.9923684741133012
0.9795215498768505
0.9913196796917727
0.9957508015941986
0.9901804728781899
0.9727595653301011
0.9957654443059197
0.9911182292411594
0.994703453589012
0.9640774059611488
0.9690338635323065
0.9886308153728116
0.9841070768394196
0.9855892080393653
0.9929326429692206
0.9913382041157323
0.9893665595781177
0.9917822525043598
0.9420955137590994
0.9764519919916418
0.9869690644631269
0.9949567723342939
0.9959084889407246
0.9926403549000656
0.9893786510886883
0.9803819573456194
0.9966886326194399
0.9858159438407539
0.9944133010087414
0.9861095548413096
0.992622277606276
0.9803526015902482
0.9956929087598742
0.9736560582973449
0.9824004345809106
0.99677969762419
0.9892617532359519
0.9960232160651176
0.9906251538878219
0.9818037198480665
0.9931819481237255
0.9788968548681773
0.9732488234674234
0.9886246682194897
0.9863508301649389
0.9680721548723401
0.9921479511882597
0.9912058073275264
0.9470961861218821
0.9874607528836302
0.9925427463518433
0.9743866311436297
0.9874074430233676
0.994681456292689
0.9821527244819647
0.9969151792021853
0.9808205244122966
0.9890079173068433
0.9933518826829658
0.9960786510559633
0.9888320113140256
0.9911210710845858
0.9931043236919657
0.9916076447442383
0.9945633540676887
0.9933325212814179
0.9819284734676653
0.9906836749319191
0.9965947817903084
0.9813561136159908
0.9939025184683334
0.9877441534216166
0.9896336569579288
0.9920068173531135
0.881978426729808
0.9908060080126179
0.9903549939384023
0.9961599749222853
0.9897040440555425
0.9761852190644419
0.9798564290092355
0.9864537032514369
0.992151918345759
0.9912105748931159
0.9890242997566955
0.9944393694765465
0.9898304263712575
0.9964007461867661
0.9834309992912279
0.994688840443915
0.9965538174369817
0.9805287000375532
0.9740470397404704
0.9915202967155349
0.862397713832872
0.9914694980172903
0.9813833390447804
0.9916351418031438
0.9805334663575809
0.9860720355321975
0.9849139015528919
0.9932414732540472
0.9822663183396694
0.9813510672703751
0.9833104150252754
0.9829794626675056
0.992607225584697
0.7953925743176942
0.9761101937548855
0.9789639387401076
0.9893438553502935
0.975481376724881
0.9942161977516925
0.9914762053010703
0.9912350097924767
0.9946417213095646
0.9965171691550893
0.9880392407490254
0.9955600234564799
0.9505725781491798
0.9953737086265977
0.9887436279472817
0.9356380859634368
0.9926123267578651
0.9912491420727523
0.9976297551725873
0.9917769151163864
0.9916451244591862
0.9960127242294918
0.9839798276073156
0.9936531640843755
0.9876043478818395
0.9898631713029543
0.9892551608960853
0.9896309003272392
0.9934936688247135
0.9899679113160629
0.9800603408077931
0.9903457794436786
0.9629898094060462
0.9760330941492311
0.9922865471566163
0.9451277537231765
0.9865243351645542
0.9930632470132029
0.9833636160420022
0.9900501024726063
0.9927417116751702
0.9966445072557596
0.9976417901565197
0.9843044316898758
0.989985806242111
0.9708039372091042
0.9867721461398874
0.9670445889078713
0.9809771803894252
0.9596902811687801
0.988938780995278
0.9712008196611388
0.9878748431144763
0.978651399657014
0.9902642188029445
0.9955253544427443
0.9965010358123445
0.9922613299165893
0.9948401925094095
0.9936397153136575
0.9795580462332039
0.971017910779842
0.9950867020556841
0.990319691517261
0.9805606578545653
0.8573256135355745
0.9448183041722745
0.9913672377534405
0.9541178738002544
0.9812546841997684
0.9792672191360835
0.9911288570699963
0.9942560394093451
0.980967841003817
0.9926330567254632
0.9889251240304375
0.9714175181485105
0.9935757155547852
0.9832415968968955
0.9784800506649778
0.996243532151662
0.9910798420617531
0.9874126126963713
0.43718345012534765
0.99745091684765
0.9911881442630374
0.9946964337813587
0.9727217586208531
0.998983004227228
0.9963532330840346
0.9918779622688269
0.9857160066283648
0.9909073196077158
0.9509216712263274
0.9911876533895108
0.9868011921503864
0.9234109362272381
0.9750651283959807
0.9969722234411339
0.9891826110472585
0.9493317732357596
0.9896594614799634
0.9948300728523354
0.9939914707421088
0.9732788066082673
0.9470096342097404
0.9821039601694993
0.9721238603144989
0.9363242220168141
0.9153776650978382
0.9841544726361481
0.9822963338748709
0.9867643359310544
0.9459361150812828
0.9893911046233284
0.992780812404772
0.9835369597899507
0.9938343009698398
0.9855512546349238
0.9933072076497133
0.9814302323677272
0.9956226241216449
0.8410638153230584
0.9886934101209847
0.9857160952655594
0.9771985669724698
0.9920320518591879
0.9577141830040186
0.9248251893187472
0.9426963048498845
0.9850115438509374
0.9756664971717177
0.860352644836272
0.9977647307732995
0.9852499942740661
0.9909856092445045
0.981746227326671
0.9815212306337544
0.9930055062113013
0.9848815663877949
0.9841076373898302
0.9963423412906866
0.9862002470698122
0.9942637104206612
0.7063851154058169
0.986051864460509
0.9975609692473438
0.9901062445331
0.9775256706783807
0.9970359092307941
0.9755589384428079
0.9901122264846336
0.9841570390323681
0.9001788621153962
0.9496812483692456
0.9940062093286679
0.9912073772249624
0.9951585484946031
0.996576535216173
0.9920154010055511
0.9929093209955072
0.9864713726502344
0.9902048293698559
0.9922983012104525
0.9883285304935628
0.9903162489563345
0.9882938746891331
0.9892534959002252
0.9942624163611554
0.9395903393457659
0.9902258533664129
0.9815385998325777
0.9893637499286447
0.9337883176653203
0.9878187364181902
0.992928356400664
0.9888846673794145
0.9797603503962211
0.9925447186316751
0.9505210616326366
0.980212367928754
0.9823479025398946
0.9696757965343767
0.9953074106107727
0.9936654789439686
0.9969561810620216
0.9935945678790465
0.9934745919452537
0.9779704622048004
0.9802140326272707
0.9844015599597967
0.9947709646689223
0.9607395506208963
0.9918607956670706
0.8975257866090338
0.9797771467969486
0.963991655630899
0.9793934144459933
0.9902091280574646
0.984734069960497
0.9928062652061596
0.9778574716973235
0.9932278067885117
0.922865469722592
0.9894554778413315
0.9940822027441957
0.9853089976658479
0.9909505720184868
0.9911169911169911
0.9808577601470583
0.9925947761914685
0.9342174223197085
0.9943771449253195
0.992034060193116
0.9854734129513149
0.9963152589665369
0.9851968322755077
0.9902795637954254
0.9899239394652238
0.9775939718065562
0.770793289195795
0.9948002122362353
0.9641283474087643
0.9928459036666902
0.9612820395599037
0.993885254581789
0.9820100752488186
0.9720993825973637
0.979278864889383
0.9797394553041119
0.9883653270282621
0.9681519742316025
0.9881369760675247
0.9885379635992417
0.9795855767661935
0.992599629076763
0.9792631160700962
0.9960080432293922
0.9852721518987342
0.9926829268292683
0.9822822323415594
0.9948600772070761
0.9970572140461997
0.9340487952129248
0.9965868618915711
0.9312430699919871
0.9965234722676546
0.9591960746968502
0.9971612530996047
0.9961791914754354
0.9960003677822729
0.9916759442038002
0.9907662856821124
0.9827824181843078
0.9736017112202631
0.9980648282535075
0.9797696176633562
0.9335170653561052
0.9937032729997459
0.9954974118981776
0.988342652613522
0.9936949758212672
0.9770768421478574
0.9894929066485167
0.9898178624194153
0.9967683879088657
0.9926156003659331
0.9939019282638923
0.9911148248265577
0.9595638973226608
0.9974519875072615
0.9690441315848426
0.9881298185591827
0.9802679125451692
0.9923535364893736
0.992882889510078
0.9853178284798098
0.99056895064251
0.946928452303833
0.9938986636396471
0.9811872607785079
0.9868688933599685
0.9941323441794315
0.9784251284240939
0.994045421229272
0.9932998673282233
0.9938689093421943
0.99631710080975
0.9939802748180737
0.991933188916701
0.9739882652016241
0.9927057204377455
0.9808147437435036
0.965000869133046
0.9916240396513959
0.9944201137802092
0.984376506895554
0.9908993527478748
0.994006433129583
0.9874805119941307
0.9851441746605561
0.9892415372529526
0.9890506460215944
0.9888322073624707
0.9709553070493493
0.9806134603930912
0.9930639621632273
0.9955246609055673
0.9809408502411685
0.9951840472623552
0.9950459723498519
0.9864810600990497
0.9827850228986973
0.9727478979731934
0.9852947456396679
0.9813381835973856
0.9868714490930288
0.9814901924311717
0.9883969701338856
0.9796262244191656
0.9916449505100849
0.9874398403568494
0.982672095445507
0.9885255306942053
0.9946383186537674
0.9650387858347386
0.9852944773823088
0.9962587078003211
0.9540708046259843
0.9921959669668705
0.9875896459336592
0.9922464988909632
0.9867211889372555
0.9251855805152588
0.9905451726557649
0.9756175537953623
0.9912171086171452
0.9937747169300633
0.9827822609287118
0.989544186554083
0.9854215701370406
0.9711592126417153
0.9278329421676597
0.9885666359137801
0.9960625785908713
0.9769321841860702
0.9606407366007995
0.9814680241449086
0.980417688907269
0.9949576163277185
0.9936854840355751
0.9902273567956035
0.99240799249419
0.9980325855133501
0.9883705626876922
0.9938183886303976
0.9923804378353925
0.9847042659534605
0.9934116857950837
0.9787670610235965
0.991879926693016
0.9736262920555978
0.9871627698496089
0.9930701606122392
0.9946081187958031
0.9932141458958632
0.9520514930148678
0.9815037705872313
0.9887045604303062
0.9941697348799767
0.9775288639975108
0.9915547150123908
0.9948134868363696
0.9855981772427396
0.9889426950990009
0.9867537202528385
0.9911662473834809
0.9953337710027198
0.9963041910149697
0.9789123394534115
0.994757530752591
0.9921430752203946
0.9858345653644724
0.9949116175541675
0.9903338177959259
0.990510551649421
0.9791682329221201
0.9855610245424328
0.9819564366558304
0.9732337873793734
0.9994212206642893
0.990781733158711
0.9897924217080197
0.9912290623050345
0.9957630409457652
0.9903935256687465
0.9823601547023866
0.9932410462129765
0.9900116403075272
0.9798305734733692
0.9965599418354157
0.9910528341479103
0.9961316932434825
0.9925292153589316
0.9886484857861778
0.995698978299768
0.9969713200564834
0.9926193716107805
0.9621986747400891
0.9889398801994584
0.9945367475456774
0.9870903310335981
0.9735092484801449
0.982479164286398
0.9826570488562116
0.9913563901357358
0.9787578766608294
0.9878147163015392
0.9784256724525091
0.9910165732610063
0.9954282281881435
0.9899368125438802
0.9784708900547762
0.9904740461537607
0.9710338600451467
0.9969195790091312
0.9891891640008481
0.996129173123978
0.987488446378803
0.9911659930483053
0.9777068685776095
0.988776921150237
0.996052991768578
0.9662810053790808
0.9886872631216262
0.9934776457272213
0.9929860654012094
0.9774448608988756
0.989169297867024
0.9911844163230484
0.9896833379646118
0.9931598495858999
0.9968258574077482
0.9716039303114689
0.9875130571447738
0.991590513103154
0.9908892607984354
0.9687083481365989
0.9734456888279989
0.9920835775747379
0.9851566393428537
0.9350061389692016
0.9880656358866017
0.9933937524271633
0.9976127239979241
0.9985010427528676
0.9899307096289722
0.9925293659920168
0.9881858349113342
0.9691676398443214
0.9829380273059116
0.9940227019808591
0.994386990591761
0.9951055462517352
0.9887588022094654
0.9357871328885822
0.9808876070767509
0.9821739606453603
0.9926265088898139
0.7582444023615907
0.9644133242068652
0.9667965056914873
0.9963959325524521
0.989726985952145
0.9918368344514915
0.9927920081553492
0.992214729438251
0.9910174241413263
0.9950739811212532
0.9919176784258423
0.9885650234774951
0.9880969892384545
0.9866662200273089
0.9886129625180873
0.9925845233419542
0.9884234136459011
0.9716469883007456
0.9802572214430928
0.9895596232741348
0.9872380373857581
0.9844690514368226
0.9989719630457431
0.994695922206859
0.9720921935368781
0.9858344100362606
0.9765993402430715
0.9777559086703286
0.9932222508415565
0.9697034871784845
0.994739998974311
0.9938546302182666
0.9836981036329806
0.9955107738611007
0.9925804127908797
0.9891913214990138
0.9855939456732286
0.9816657345220918
0.9474095796676442
0.9948757366128619
0.9845178138407014
0.9858925420207507
0.9930266764330609
0.9812999570392154
0.9877706787306375
0.9961258662993414
0.9893042004489029
0.9832291317644878
0.9940001475648447
0.9973583259288424
0.9905785774289937
0.9884400776322174
0.9642761108226393
0.9946755727900471
0.9938416656753789
0.9822631009346148
0.9945287261362441
0.9786511120903588
0.987354567733872
0.9966155222497076
0.9884684428487639
0.994003285624942
0.9899834744190752
0.9971922078928004
0.8016011464248912
0.9899893363569485
0.9865528699688442
0.9939166765253451
0.9943351760415129
0.985467905852129
0.8641435069922102
0.9929593538758669
0.984590676453962
0.9899635494172923
0.9858842093993555
0.9898235390726221
0.9954339216760969
0.9813844562205389
0.9964219558918987
0.9931280203128839
0.9849617429997829
0.9735722835822163
0.9977960819234194
0.9946071059310085
0.9721056839827857
0.9916259367280897
0.9914399616429397
0.9919884766355953
0.9922142234464324
0.9857455339466188
0.9830822864285591
0.993077304974411
0.9846632427873812
0.9950300982825454
0.9946005520533965
0.962316544433939
0.9764249790444258
0.9889261744966443
0.9790379605508002
0.9876057668868913
0.9879482575645392
0.9710318854990843
0.974703438024809
0.9909605218412836
0.9843842891680868
0.9705576351720957
0.9971164936562861
0.9902305617521038
0.9957827403696471
0.9903184262385099
0.9882769651975176
0.9866851487950703
0.9790120115475822
0.9803890703501108
0.9889836079479186
0.984394501966387
0.9749924603413958
0.9824965531726056
0.9806208830276768
0.9921852055984905
0.9944566985380356
0.9881546839365147
0.9491481494280679
0.984347539284284
0.9894606457671149
0.9928638941398866
0.9883085923153986
0.9789250577032345
0.9934315441870846
0.9885986354071461
0.9936000547588898
0.9939608714797962
0.9858128918589989
0.9810812553278365
0.9794816735275491
0.9884271393002227
0.9985952571971185
0.994641108104761
0.9554359877071501
0.9925646280230996
0.9717839869902215
0.9881916337813822
0.9885297573530784
0.9875453303083355
0.9913845816792994
0.9930028735632184
0.9582176417695127
0.9837571112699005
0.9786677399879251
0.9911877589961328
0.9773253627040454
0.9815337196622176
0.9600955458760714
0.9914698942100596
0.9409058456234923
0.9917913835318716
0.9923676898871892
0.985729370477344
0.9945163525280678
0.9954821820638405
0.990263297524135
0.9241752918570667
0.9878402301394114
0.9958962289059377
0.9849058547768076
0.9962530668766362
0.9752995219536219
0.966783037623573
0.9933582510304068
0.9773255994292627
0.9874028561007772
0.9449757222910675
0.9892125329360348
0.9660244473266624
0.994908466146007
0.9892709980045092
0.9824590286612288
0.9868584330603326
0.9728803050042998
0.9715909090909091
0.9545788366720684
0.9918108105379015
0.9882433395899719
0.9930681454623014
0.9935331034416881
0.9757384910610372
0.9920639328713395
0.9949174078780177
0.985302614791242
0.9857764325117602
0.9938489414457372
0.9876863930237036
0.9858171811597582
0.9788983347375046
0.996382284641012
0.9877953606762079
0.9935888083260911
0.984006930046295
0.9774760243882008
0.9724745375045574
0.9815065584410382
0.9825150206533985
0.9943306833079064
0.9921300426911415
0.9951983090058752
0.9859253381059314
0.9897681259619217
0.9218268364852695
0.9811319788637202
0.9838540613104323
0.942350866905767
0.986815859888105
0.9889989905440761
0.9816996884735203
0.9870418781448659
0.9952068045944956
0.978962746160429
0.9412684682190927
0.989743062868689
0.9887536569395844
0.971241261907349
0.9932325413966883
0.9812072139055373
0.9926528343725985
0.98945962426319
0.9821196562857145
0.9744874805153805
0.9901601316970967
0.9936023675200444
0.9824370565534432
0.9539574088422437
0.9870669272211006
0.9968385966118003
0.9949198228316836
0.9751013535758294
0.9926879957718028
0.9970903279328518
0.9960571334930123
0.9873854682998102
0.8843317073170732
0.9913736418017608
0.9912101459065118
0.5233858093524104
0.9518396922664043
0.9949880105350053
0.9931522736941092
0.9960647463172896
0.9905053407458305
0.9965804160324708
0.9752996730839084
0.9938302410370027
0.7340811591948884
0.9805098347220325
0.9815453668267615
0.9959190752877337
0.9881955188814394
0.9911273920505667
0.9909449666938968
0.9853388770254531
0.9756853878430483
0.988686508742453
0.9903378223901234
0.9860399024521381
0.989641670054978
0.9802800319555985
0.9827854646702844
0.9519121900281006
0.9885370433996808
0.9917168985165455
0.9896716577493241
0.9922451516554661
0.996028139937261
0.9539208769105432
0.9858740834054845
0.9831309639871193
0.9908573497629474
0.9922902725121499
0.9917154357112873
0.9896934475692378
0.9961246798466612
0.9892368725963553
0.9605986367260305
0.9886937017606917
0.9726168416718138
0.9772762456598182
0.9908847433294999
0.9940044732250547
0.9837472570979929
0.9956388806977791
0.9919159387758422
0.988739500284738
0.9904948150899162
0.98922245334046
0.9864184237034979
0.9652426527476364
0.9857216257876091
0.9894029870248657
0.9473849320572162
0.9916735754088136
0.9750349455705534
0.9831999097981734
0.9859351752143427
0.9900113422359185
0.9891623049844995
0.9957300692084616
0.9767796134538376
0.9702329422106203
0.9769297417527706
0.976764328443402
0.9883532614313773
0.9944985537306253
0.9291759572274569
0.9840598961478082
0.982967123740294
0.9674847928644024
0.9801750655930517
0.9786926051987099
0.9948446615113282
0.992669478675599
0.9773107309963949
0.9947649068911714
0.9893763139453399
0.989577451154386
0.990461861730323
0.988415030408667
0.9965370124877011
0.9856044393937158
0.9846492519397928
0.991433521033237
0.9845399050311815
0.9847985200675621
0.9984548499254126
0.9905166403437629
0.988290065044659
0.9831752919812955
0.9889874396237346
0.9949701937406855
0.9781399730548324
0.9882185437009587
0.9871673562626325
0.994884010281093
0.9765064950185454
0.9618604651162791
0.9893267893540151
0.9906662055633884
0.9896065134945238
0.9962946064852534
0.9935830605729987
0.9909674768289528
0.9922626314549465
0.9811411367648472
0.9514820379729545
0.994224573937138
0.989803221093847
0.9714689636369145
0.99320569449669
0.9924546906315981
0.9349811194774688
0.9816872690386879
0.9638247912289685
0.9895780335972177
0.9957632804861684
0.9788851067829496
0.9899822697209504
0.9804213678574669
0.9953836793361972
0.9884087237479806
0.9575939934197576
0.9906590220962442
0.9958159561452722
0.9889041928185165
0.9804981582448342
0.9958207539978007
0.9839689931205244
0.9793083784774551
0.9859287161070152
0.9882238838247148
0.9788740127936453
0.9766179150242152
0.9874222374570248
0.9844386602295748
0.9813344616930685
0.9670537199190494
0.9775317404778566
0.9731628670464337
0.9545583953089959
0.9719795998732196
0.9902489444482365
0.9941610080410881
0.9866523787557596
0.9647084308118881
0.9877442016814084
0.9948136494108838
0.9881251120272451
0.9902495129450978
0.9619331947120429
0.9911816698976063
0.9928581593378408
0.9929182934102884
0.9854806364215895
0.9891009564687656
0.9847310909690817
0.9661158339883211
0.9837054047178697
0.996985919437796
0.9830263633080535
0.9934438796094569
0.9831654856350612
0.9740176483072635
0.9861232819511506
0.9938576307361746
0.9963509017685169
0.9961391137940596
0.9827602213488551
0.9953890396269639
0.9662834324109558
0.9904166750863863
0.9341657251045897
0.9863758343081264
0.9863183235085337
0.9821559777474546
0.9847446545753928
0.9368918525480261
0.9707725197612022
0.981041000640588
0.9514816853547853
0.9805633412978559
0.9921450151057402
0.9914867729466044
0.9810837657778007
0.9928602273765332
0.984545740588492
0.9907626553918978
0.9812933821236934
0.9910750626102325
0.9900489895897122
0.987095718571039
0.9947703275203735
0.9771003963924146
0.9792121907300725
0.9817442267822172
0.9849281780575083
0.9835107268740807
0.9688574431820561
0.9938198680235175
0.977222428416292
0.9857634632380192
0.9925762551302033
0.9952186140024941
0.9792831766936594
0.9923080734263136
0.9968137229477644
0.9928345253648059
0.9880646874581185
0.989909514392219
0.9466084783984166
0.9967435048093061
0.9893986533718222
0.9923177585930953
0.9925246782911056
0.9856808348075367
0.9915963494707283
0.989946801826331
0.9827586206896551
0.987032048769504
0.9914631796087052
0.9546297996540093
0.9866714250248262
0.9859764145974184
0.9848006947225384
0.98776202113379
0.9755274686540107
0.9835941375300536
0.9904821335995853
0.983343971307863
0.97979638382062
0.9657611951890644
0.9923243309216906
0.9973087197480164
0.9795858529102228
0.9617934221066441
0.994418549592341
0.9964817705102167
0.9781301466927114
0.9944936266909685
0.995073991076656
0.9966741150182289
0.9895918926321555
0.9419640356282561
0.9865736704446382
0.9927437581781414
0.9831383138313832
0.9917382568934461
0.9868718435224197
0.9306380280818952
0.9948801457295448
0.9975049339229058
0.9811954395581275
0.9898765197984056
0.9931664688447897
0.993864126527678
0.9575050074560358
0.9930672721222916
0.9961301684651213
0.9837555230030846
0.9872635126170828
0.9441075804805577
0.9850528598237822
0.9898316498316498
0.9806623219788456
0.9759891793025383
0.9946119824547319
0.9894993781582968
0.9806697536134352
0.9856625080713198
0.9845246384046452
0.9940515021044443
0.9958397236948567
0.9738193363118377
0.9879106588856565
0.9757371933902059
0.9918554201146114
0.9922292505730067
0.9684826419446487
0.9873659716422306
0.9880711745872494
0.969998561771897
0.963862066736232
0.981628161566114
0.994128670734747
0.9930881687547782
0.9871655502524442
0.9873953234594065
0.5617097036476295
0.9710572130404712
0.9780288866987066
0.9772239004996419
0.9901610679890093
0.9926193349924698
0.9932004918446617
0.9880735649266208
0.99032656098411
0.9933083205203406
0.9823555821610296
0.9852780728908641
0.995049429802091
0.992534389979857
0.9708717693010886
0.9847173089161931
0.9852352995890943
0.9887891472493084
0.9701751561018375
0.9934351390101833
0.9875254751780818
0.9909655824332492
0.9860799862092743
0.9958259953727684
0.9813308285254133
0.9438136229134516
0.9669996047421245
0.9984287744440664
0.9881194395260892
0.9887960864772171
0.9854444100340662
0.9885879198956945
0.9909520994243626
0.9737715234353904
0.9857503569069485
0.9892811603442779
0.9881601026748881
0.9907990817723286
0.9954981252673696
0.9856325759563415
0.9959412584517917
0.9962211972146661
0.7899682767598644
