0.992653595994572
0.9831911821232301
0.9727499816922839
0.9888111371651188
0.9889576114763123
0.9174646389908554
0.9886288659793815
0.9648627239982663
0.9918389653810473
0.991195273012031
0.9876036200471519
0.9851651338825756
0.9953926809601251
0.9794389349273197
0.9834654503768384
0.9730735472700821
0.9852360775474377
0.977419154386946
0.9858945383001902
0.9542620444367335
0.9592778043905323
0.9802911534154535
0.9954695178923031
0.9706095371049821
0.9808593441918526
0.9767552728049843
0.9918755474433413
0.9815001681802893
0.9899417881366308
0.9840709498998691
0.994517833187868
0.9934891204699807
0.9915589813345425
0.9806830704386226
0.981828940729007
0.990782299000118
0.956963745342081
0.9921638116008301
0.9870964014873013
0.9914959519989613
0.9977440485204297
0.9762272405584508
0.9911581827943953
0.9708822794301425
0.9856281501089587
0.9810177220680337
0.9909091580993489
0.9922239590412759
0.9877874190924917
0.9961596851505589
0.9895289978582041
0.9801773146689937
0.9872435978693627
0.9938414009772699
0.9574457701111051
0.9851207274311033
0.9917072802637433
0.9965338319013508
0.9593818319096666
0.9920776576508151
0.9810335427007901
0.9949157077869949
0.9958373546814359
0.9694741698176935
0.9839477823712147
0.9953479628219385
0.9921008487519091
0.993228589705584
0.9882440620221065
0.9856953303739492
0.976497346474602
0.9834305158940511
0.9766183798976052
0.983915683031351
0.9663478823614007
0.9837705597509073
0.9941360563109493
0.9850777539334642
0.9927762032212097
0.9922804806439139
0.9914263948462315
0.9939428650139738
0.9781980998489056
0.9938418220213902
0.9718627885636516
0.9413678078895398
0.9931842906875544
0.9806985609781227
0.9939699871002329
0.9885849666164118
0.9909193745398331
0.9522619871775577
0.9714970191340636
0.9950398993410814
0.9676216224216442
0.9911291113695924
0.9905671751474058
0.9800807993095524
0.9954674331495161
0.986392614476696
0.9834540802907491
0.9972785170445174
0.9863268194011581
0.9909092611317081
0.9938285252259821
0.9917780559706013
0.9899938747034096
0.989294587798599
0.9895313702235152
0.9853749294379226
0.9864861283079451
0.9881199352372907
0.982482675403682
0.9883804808903601
0.9695322820688618
0.9910687287504333
0.9960048413182953
0.9815145213283786
0.9548914971329672
0.9868462749801329
0.9869307206376277
0.9914133025624887
0.9810303752233472
0.9941370369887822
0.9899003121538617
0.9853690966773722
0.9911677409066826
0.9923121923073841
0.9882217796154862
0.9812979293134629
0.981928553934432
0.9942556508894623
0.9628583028826634
0.9627806615423278
0.9557679925398817
0.9957688880004664
0.9624132719554519
0.9745119780572495
0.993782401099718
0.9749596089230015
0.9905597573075313
0.9918150738003295
0.9923284243402022
0.9946394650470423
0.9834942792672461
0.9926972761866614
0.992678074769945
0.9672281153624563
0.9899315170805134
0.987672297693371
0.9855700355039414
0.9874914533633347
0.9943714821763602
0.9834201194773664
0.9907038390433348
0.9952318329829204
0.9846232278862346
0.9753961720518626
0.9937396318313453
0.9588122553650965
0.9809679481204309
0.9924187087934384
0.9919055337179029
0.9771454265420683
0.9967303146541352
0.9874508491592069
0.9863236805271308
0.993478223638014
0.9918273380080481
0.9936561209624988
0.9928808402079615
0.7936551823271518
0.9908699123823452
0.9621379606910683
0.8700122449258806
0.9912838488255376
0.9938882112179801
0.9947595755565014
0.9920022412042163
0.983780061193094
0.9892178693802163
0.9886861719422003
0.9891827853486314
0.9895902994862543
0.984716420793394
0.9781211054865818
0.974800018077462
0.9462239659581113
0.9980276134122288
0.9928826078602992
0.9710464979290877
0.9935269169326421
0.9789323637984029
0.9759330088085304
0.9922343386761288
0.9800538045088
0.9952573043992451
0.9932306504771046
0.9844068441586719
0.9334038779223349
0.9797193887771537
0.9937794294155664
0.9937499251406539
0.9856228583860616
0.9891603841718125
0.9796227325708458
0.9855019685321603
0.964812211346171
0.9819657586499029
0.9699714831326929
0.9920819003439174
0.9514975308378049
0.9909794004998299
0.9636283599746884
0.9745063312490211
0.9893534684731542
0.9777423511490697
0.9897801924094772
0.9851449152964985
0.9868065202916539
0.9846621790077288
0.9401700555394986
0.9839242573142518
0.9911912621890702
0.9791342874222019
0.985849308485075
0.9874182462048691
0.9892220209611866
0.984894403541616
0.9904661522379384
0.9908125410154419
0.9876011152124401
0.9927114797950197
0.9880541460543687
0.9937754703288115
0.98593133955188
0.984126895845963
0.9908438653898112
0.9827362674854998
0.9947806327151362
0.9865423125074979
0.9910123104405739
0.9967857767257958
0.9705975650619904
0.9918911111722468
0.9945081197758279
0.9922520289146396
0.9825665148695117
0.9929473609095882
0.9874883727023804
0.9888855016922158
0.9500325839035516
0.995016329421486
0.9631339918061422
0.9957131400806661
0.9926453592947052
0.9787669431299635
0.9721775833026777
0.9919257015135975
0.9815865969737914
0.9842922800687935
0.9867056932174654
0.9783475527764897
0.9773097292138406
0.9807149467838964
0.9919388017164642
0.9849742658807051
0.9899491831228378
0.9716316503013157
0.9937491267725321
0.9701173297635687
0.9830901642634848
0.9908595130194331
0.9944093468319632
0.987098139680496
0.9777640664219919
0.9445301104396749
0.9916873423550353
0.983052830642152
0.9726168416718138
0.9277119744644897
0.9893042681063461
0.9959411640879064
0.9728967070978313
0.9939345784462728
0.9683413297598679
0.968227134910026
0.9922727303834012
0.990148905573299
0.9949831009716942
0.9938184346214008
0.9863861550959528
0.9978128998572559
0.9937990477342549
0.9902561193166988
0.9892907558249083
0.9897107174113584
0.8258049733713551
0.995630599191135
0.9916033687423341
0.9920006893714851
0.986605675828437
0.9989852887927042
0.9948249451444185
0.9835985730189252
0.9845821563331203
0.9921758326322723
0.953290373887518
0.9959318829312139
0.9731752929476369
0.9886659370540936
0.9610341482555288
0.9961127791143897
0.9893959965832403
0.976411006478758
0.9906365222516552
0.9930719359674396
0.9885659206877807
0.9765308888770652
0.9777960449786739
0.9885136503880076
0.9873402981876784
0.989532493766819
0.9899007009078382
0.995769056706313
0.9871684068736228
0.991442312029039
0.9835466056486408
0.975242230507603
0.9739684938583842
0.9925652853061333
0.9911708781463267
0.9822707644036468
0.9915915369660865
0.9925596923718961
0.9962924020896368
0.9705361223633712
0.9932679121622825
0.9791700058770102
0.9938881485225862
0.9455321882285769
0.9896725628431342
0.9810983285905265
0.9847373993647243
0.9893533368814219
0.9960603405793134
0.9926349810020825
0.970971262232055
0.9423113933795227
0.9949910102379038
0.983833236043576
0.9893321376466063
0.9880715705765407
0.9725992665928724
0.984464910974413
0.9906325657339113
0.9699031251139935
0.9917976533763567
0.9802938330254245
0.9938313544059443
0.9933617712596433
0.9810054407562101
0.9901012984822407
0.9882245887859836
0.9870174173237556
0.9861966205971414
0.9837711735470129
0.9955237429438955
0.9868450984852645
0.9914067664202872
0.9927891370424892
0.9876700460549315
0.9305307345517372
0.9810706154971949
0.9858023840015762
0.9837006119344912
0.9930776225348807
0.9905263436081682
0.989529783877226
0.9908872812482565
0.9968961914711748
0.9931003042914037
0.9924727104378044
0.9869992194448982
0.9590748980348536
0.9762811964183654
0.9571872757713465
0.9920765967649003
0.994769375654203
0.9780708528117185
0.9953526552285835
0.9958581463433487
0.9702994516508232
0.9796640907306906
0.9922760179057165
0.9887646682097598
0.9900826681464407
0.9949948308915291
0.9916234997688086
0.9932850420345793
0.9906086996484295
0.9931205873822474
0.9423178886558778
0.9923591475907523
0.9886428288725078
0.9850471048516112
0.9615446242589328
0.9817559159579172
0.9918952422303186
0.9904944269444066
0.9931030752170503
0.9895134943424023
0.9948516267429388
0.9899577634447951
0.989029582526956
0.9833020757853459
0.9849748208655038
0.9922705645082336
0.9896290465413756
0.9912882855994679
0.9972186914418251
0.9896116341913688
0.9968656268746251
0.9827642686830065
0.9903928632698576
0.9847094652052532
0.990739437754
0.9920014134048601
0.9891788929739289
0.9934849251638949
0.9972850678733032
0.961392650690004
0.969152516083784
0.9944953270267852
0.9766903165487818
0.9886103116921126
0.9965071603213412
0.9910610440966338
0.9828487005573836
0.9903374777975134
0.9903251586788536
0.967538460160023
0.9905653997024212
0.9965629407365002
0.984500623931229
0.9926902236448462
0.9925089931098343
0.9855910634067462
0.95861522935658
0.9839565852187846
0.9849286434766406
0.9808722863289654
0.9937218434468196
0.9935354201976871
0.9975537530578087
0.9870297931450213
0.9856156055928385
0.9821930425335947
0.9930071426431631
0.9451302390873237
0.9865231509265618
0.9821573008512922
0.9431023147987959
0.996024681416659
0.9901481879836276
0.9789681596635265
0.9922056283900469
0.9881595414253941
0.9920757155419948
0.9917635786102433
0.9924477062572942
0.9843653497499651
0.987655478174473
0.9673748927997681
0.9934282624762889
0.97441165171786
0.9935937174359472
0.9969627172862194
0.9898283333702101
0.9855679339767682
0.9663973181330647
0.9736632185517403
0.9817381864453402
0.9881837220404422
0.931523802356404
0.9768780147163418
0.9808055727206336
0.9903553198673261
0.9866808578363109
0.9920080305779699
0.9930356205530817
0.9474977977918153
0.9964997720353866
0.9804595951909907
0.9503824497664933
0.9805879415614385
0.9929618992330961
0.9900864129596466
0.987583901699686
0.9963565402856978
0.9856957961440842
0.977212694833013
0.995620193029396
0.9911833787115697
0.9960776878503123
0.984448460702421
0.9903744946035352
0.9968750838228588
0.9954609620037129
0.9902818158924933
0.9846151350737614
0.9957086210293422
0.9927592813505405
0.9867419468669658
0.9841612174123087
0.9885554956880688
0.9955626848881297
0.9781922612217142
0.9937939441473471
0.988255308136415
0.9784446975290874
0.9936961046684508
0.9760180481604591
0.9902819543109719
0.9840595604022181
0.9908212347204448
0.8979801220600004
0.989451389691675
0.992729059199214
0.974366721151249
0.9778983971966074
0.9839491217443973
0.9937732904607766
0.9928978690834064
0.9878659601765742
0.9919706726978701
0.970269808035159
0.9955614907215858
0.9902405447595167
0.9954504133648931
0.9787926000483405
0.9747643967323704
0.9905199622032668
0.9898988647725563
0.997386133437888
0.9935154651395526
0.9867635120119371
0.9957884795773165
0.9852524106636416
0.9898376813557451
0.9925461363882462
0.9885243583963977
0.9382520473811332
0.9850543679814867
0.9924559457158337
0.9773559590174399
0.9899187626756285
0.9925586353944563
0.9925681056214083
0.9728542250510616
0.9953736727930277
0.9815402967270559
0.9890979463452039
0.9949977351950686
0.9890333289814798
0.9757058789626506
0.9842891442605524
0.9964328953480815
0.9832064034186098
0.9912339473505565
0.9867099484437655
0.9852583479553255
0.9900942958355916
0.9940940524660098
0.9765297569153395
0.9443782866657533
0.9888898421413864
0.9876767177006313
0.9528647923806332
0.9790225308420807
0.9196197010708973
0.9948230121103442
0.9963488727600387
0.9909746400967973
0.9928342647737732
0.9853784361412042
0.9371952348086606
0.9730345118443436
0.9898402967729494
0.9904334556491572
0.9900946266634755
0.9757071234397193
0.9916492535339527
0.983354227608302
0.9630875841788954
0.9716849477651847
0.9926484397141325
0.9975647025116989
0.9962122866681227
0.9957041235705912
0.9952426384421469
0.9839177244685977
0.9943063165973548
0.9922150974060149
0.9900938519737792
0.9930715328576737
0.8103628553351612
0.9854831503153408
0.9820575093546734
0.9647258178176693
0.9936988915586406
0.9629901700922406
0.9836169884566933
0.9937638370973496
0.9944060870790474
0.9801005858868668
0.9914345760289259
0.9720198304625143
0.9751005926456084
0.9875329519161036
0.9714340225608739
0.9474966609761487
0.9949525336076754
0.9878333572778721
0.9932702590541252
0.9826062840731634
0.9931612526583545
0.9805423142141145
0.9907054153878588
0.9941161647696863
0.8867871529528929
0.9917086426299045
0.9844161648475724
0.9873746163338923
0.9744631057268722
0.9842918888031076
0.9924316659985449
0.9833977764264489
0.9500443655723159
0.9893862173817424
0.989759019400745
0.9946699926548445
0.9935125096199305
0.9941001939192939
0.9959150256014833
0.9752705763906367
0.9907442384258643
0.9838541453315982
0.9920759568274036
0.9933345075246091
0.9949684495428724
0.9913751867240239
0.9344933214899428
0.9943160181097587
0.9928612221587664
0.9812634663449108
0.976421502037648
0.9907558111384654
0.9863096154653751
0.9897695436059648
0.9961007262769377
0.9767899546332314
0.9898222544779933
0.9861171345453836
0.9876039304610733
0.8212015399767213
0.9952790324930788
0.9943972916269311
0.9970637769800115
0.9809243967188072
0.982825358523197
0.9741717534863209
0.9899504449894688
0.991230100147628
0.9959051631486179
0.9857719468243069
0.9818762461559258
0.9834451573479988
0.9908173827737563
0.9912883998165979
0.9856370048484068
0.9909926723509643
0.9970005790387956
0.9926075312767725
0.9833579881656804
0.9930519140010488
0.9910137234949534
0.9808827578796081
0.9830890541042154
0.9940022912595189
0.985282991337055
0.9944649551938551
0.9873392923758574
0.9972580570044709
0.9944926272267713
0.9907091899425973
0.9796526323391348
0.9662995851766978
0.9677127349109985
0.9907253107498976
0.9908258432477597
0.9915411480899173
0.9824154444777012
0.9806501720355875
0.9885429725588523
0.9914132176205839
0.9920191799748059
0.9578227665021896
0.9878925639003572
0.975399898314365
0.9760965945140108
0.9923031096306797
0.9947837661707408
0.9745047439802867
0.9966501915079194
0.9891989579899622
0.9887940147560458
0.9848292819901796
0.9932488498944465
0.968122946619806
0.9946547319502927
0.9926760694196389
0.9886745225685503
0.9843113371818736
0.9929636384933318
0.9906698746910825
0.9920481669582797
0.9870654268241602
0.9950403089619525
0.9990482175876312
0.9961134015001544
0.9949939632025661
0.9958193178483422
0.9859339180703678
0.9928278091936937
0.9874676675663517
0.9952162153354841
0.9705093602971878
0.963829971431045
0.9969631618326659
0.9861396791948666
0.9686204672331968
0.9534253613424198
0.9911735769501054
0.9916820261853311
0.9893374217845576
0.987948362586135
0.9874358229196939
0.9955058633018259
0.9887492190697774
0.9912730093037079
0.9958620088857915
0.9935238214135235
0.9929763692906556
0.9866908259453396
0.9904365860256403
0.9830395199976237
0.9901385657934662
0.9873886586118705
0.9796517726033145
0.9947547870121276
0.9657871689100814
0.9875727107520652
0.9952844355726816
0.992565228041603
0.9897310832363293
0.9905006938987075
0.9858476401183727
0.9426665949550906
0.9782816659786475
0.9818682105196189
0.9751687621836507
0.9886362711008688
0.9957096126377878
0.996954121454407
0.9920368239355581
0.9939622896077175
0.7391036715593584
0.9891780780508449
0.9858224926213667
0.9901830743149787
0.9837724353105488
0.9817268623845209
0.9826171423954445
0.9934244981088158
0.9840963125884898
0.9861871900530116
0.9889204843804277
0.9825397342298118
0.992706704307736
0.9906779560660786
0.9836169067325605
0.9889520699352116
0.9955899543055506
0.7287187163834778
0.9940864210638072
0.9775983530880279
0.987407094297087
0.9917555740316449
0.9842089169328644
0.9929484688031578
0.9857081769373307
0.9920623172269999
0.9988709162759873
0.9793403523162003
0.9446536220449251
0.989064607688849
0.9800776662781182
0.9770773638968482
0.980457511105087
0.9960857310003722
0.9951547833843534
0.9915887417831682
0.9894307262458073
0.9863470916227657
0.9994095069382934
0.9905956912326339
0.9800258223539423
0.9947227522769052
0.9807452986725663
0.9849095569485763
0.9527778901792578
0.9681147088841098
0.9618208516886931
0.9721215919774365
0.9762445972068527
0.9904229529289045
0.959713329727418
0.9704549341542671
0.9829400495412334
0.9889564107643896
0.9972912418216608
0.9858764038936008
0.9889536785789889
0.9865368761621272
0.9949792301301579
0.9849346757498292
0.9965254514575965
0.9824928481138979
0.9804190788855501
0.9852594936787997
0.9348751336711035
0.9938506685627858
0.9918080250698277
0.9864276536556765
0.9920092599984035
0.9913540773946865
0.996763478166975
0.9953978275831113
0.9913740014587764
0.9899031687959109
0.9930660657480405
0.9874347506778023
0.9805537311512705
0.983280640725847
0.9909841727308449
0.9969823774489693
0.9937382592360676
0.9942605653307411
0.9851349577026242
0.9822027640046418
0.9910298753940849
0.9821338307858948
0.9953695986368098
0.994542815154665
0.99347587212788
0.9916762956871683
0.9868534217962894
0.9792546934732476
0.9858511994226781
0.9872608206282615
0.9764835927633747
0.9918799555692727
0.9933899905571294
0.9962460632416462
0.9796855500464977
0.9778186309815332
0.9935511382764631
0.9822735890625821
0.9288086658675702
0.9940310110540777
0.9878857577249005
0.98911240537271
0.9945691305121414
0.9854959671713598
0.9362084407946563
0.9934250883422756
0.9856289161775817
0.9897336821249022
0.9867977082814375
0.9942589576547232
0.9941188050593041
0.9817542082078358
0.9938109906767965
0.9789164528451592
0.9796864269813047
0.9897832783095819
0.9907357503710924
0.9807046441039666
0.9930642410460488
0.9930709387378788
0.994750199531563
0.9948982297599729
0.9880358472317894
0.9938369821017838
0.9732594159242881
0.9955114700595079
0.9930191736429922
0.959558547511199
0.9801859811963762
0.9948563700802089
0.9974241097489784
0.9903004340017959
0.988196375244568
0.9860881273393897
0.980007274442326
0.9954665812544294
0.9830979374513694
0.9694462155284819
0.991359285538442
0.9941731297463241
0.9870078193432607
0.9830632887853623
0.9657712273032704
0.981758786257701
0.9823715049183219
0.9913067210072414
0.9939343482397717
0.9891312106696722
0.9841875728658405
0.992895426658104
0.9925864909390445
0.9893204026961814
0.9174621506036054
0.9939455604134346
0.9843217435059095
0.9948867042999197
0.9965388213283443
0.9679854648675582
0.9888968024596163
0.9820726825139137
0.993485342019544
0.9808516886930984
0.9843308736448939
0.9944827454317706
0.9803653144852501
0.9877100538031982
0.9927445959351282
0.9525280909719033
0.9814608542037958
0.9840157515550185
0.9888476211215692
0.9944740988078162
0.9958004114087985
0.9900206039473807
0.9500698649278062
0.9934393020649047
0.9912152960530197
0.9931690106675723
0.9913727412490809
0.9857131119854666
0.984051095661729
0.9836441556130284
0.9762011969756665
0.9938209920920201
0.9913419728695236
0.9832700146253235
0.9901492625002856
0.986834287994848
0.9936904459170394
0.9927562477363274
0.9923098022085192
0.9927274068726005
0.9936068097437291
0.981481799598028
0.9900019174404908
0.9810419962805673
0.9840271760105441
0.9959371521324435
0.985310956260019
0.9906871205417765
0.991993952596471
0.9960731868809042
0.765931703649755
0.993651513433851
0.9299371655085221
0.9945909352006346
0.9769616788321168
0.990671014590197
0.9868112842448314
0.9805575067139038
0.98712636998835
0.9909957692602511
0.9931279549793589
0.9962589993810005
0.9962909267531627
0.9889095763787447
0.9740711977783912
0.9833468686987213
0.9970127362394117
0.9757617018101784
0.9805761043159487
0.9699805935149995
0.9943560650368464
0.9738471531505081
0.9920377725923512
0.9827822592004808
0.9914140370810308
0.9939322433844598
0.9835413394716125
0.9937218562093854
0.9884532402322297
0.9785994492362049
0.9614401501496457
0.9847497717929412
0.9895598237929225
0.99209347066138
0.989195513596385
0.9930570434238793
0.9951434621287176
0.9886747344738049
0.9910123815122346
0.9937633989475736
0.9974079870699314
0.9914766708830819
0.9387148791474593
0.9799693046318524
0.9650378507799021
0.9912584523432443
0.9970218660334421
0.9847851860215661
0.9896404728919924
0.9583702281032139
0.9813211915898743
0.9898372007807184
0.9947075893805739
0.9953614654354925
0.9909689307977722
0.9946601914302998
0.9937692602529705
0.9905754068789396
0.9926873701410902
0.9891691085009224
0.9932706545161252
0.9961120601555931
0.9944985331298672
0.9874686285229685
0.9941637759547569
0.985992154125957
0.962902565152834
0.9604339693870547
0.9860858609580753
0.9950534666691871
0.9853675814661279
0.9884748989781347
0.9830978159500484
0.9915695386099896
0.9961104114026419
0.9874344897802226
0.9785320813394246
0.9880704222350107
0.9913534317578685
0.9820520141952251
0.9959862303418132
0.927344281561205
0.9765417203652417
0.9935409358069638
0.9779591544078106
0.9681539496941862
0.9854716355065334
0.9691100759990193
0.9955000571680578
0.9943169895782332
0.9857171340897044
0.9887878771606695
0.9913227100604389
0.9491225089205525
0.963391081051756
0.9945566880038557
0.9723845363230976
0.9803440725680326
0.9863541965657555
0.9911039401874432
0.9743697249211587
0.9923158222186156
0.9964802720439847
0.9931846383912947
0.9885880077369439
0.9637545319709954
0.9951941558062765
0.9931237482551435
0.9846077281291102
0.9916178916134081
0.8899628814238663
0.9892656400785573
0.9667401223342167
0.9805302752497472
0.9931778933805249
0.994990232278278
0.9858660106207434
0.9703389416261768
0.950480666524247
0.9901005564775944
0.9486564790961143
0.9811304741428086
0.9366246639920569
0.9761654512232589
0.9897901729508454
0.9922741014444071
0.9777100996882194
0.9809005557486219
0.9915398173369653
0.972501939273715
0.9942426857008393
0.9743372440251734
0.993332686555765
0.9705528420754583
0.9860667457637431
0.990197215328834
0.9788713995365077
0.9930127386336176
0.9910627995743725
0.9902664525345377
0.9961080608810476
0.9175456857421854
0.991970080299197
0.9949655754211228
0.9885695418902187
0.996908085824042
0.9909326178016458
0.9909193402254205
0.9873562364663737
0.9847077935958275
0.9875381342099042
0.9724108993977688
0.9877110370965889
0.982740138167124
0.9941869622838272
0.9858836300013885
0.984369247428262
0.9954827191158663
0.9816832656471759
0.9867024466298873
0.9796752537080405
0.9940680630804953
0.9932060377508681
0.9951787830271454
0.9925646291374728
0.981540075873759
0.9922877202685471
0.97548290842995
0.9843088627627807
0.9920018351429882
0.980924783245436
0.9882921471718836
0.9859726576412616
0.9894015924442745
0.9750042853151056
0.9889118067799993
0.9595952600082844
0.9760755460161951
0.9907395287958115
0.9914222797541996
0.9961336954990317
0.9870307257754379
0.9637424050389382
0.9914922867155719
0.9965337472243392
0.9806070135783663
0.996553314542992
0.9848516979509958
0.9659572887650882
0.9790462896838278
0.9882579429554484
0.9856761663554663
0.9919707318971724
0.9934342059723861
0.9945257951169489
0.9706431709968308
0.6250668076571633
0.9876109997135492
0.9800241638688916
0.9882940798034179
0.985054640152982
0.9922754832010183
0.9912361928698988
0.9821233738984473
0.9943076956015958
0.979924656069982
0.9863645671261982
0.9945455314230948
0.9817987979172139
0.988191675242721
0.9864079633918357
0.9901183339163581
0.9942668793603813
0.9775497113534317
0.9772103941679686
0.9816204931935807
0.9938678228375691
0.9682541261677129
0.9886038562373478
0.9910603954986634
0.9744216404147703
0.9953391911804835
0.9934988948121181
0.968500590054643
0.9848084214727599
0.9889554697720996
0.9884514843620147
0.988772386811672
0.9816427752982748
0.9915445259627642
0.988373527839094
0.9905610288478556
0.9876384844217878
0.9955257536197484
0.9937782805429864
0.953103591902053
0.9935884754419726
0.9880119053845471
0.9911471699458226
0.977226336116394
0.99322194381257
0.9899768812989267
0.9828991421972377
0.9877424322633428
0.9926940744940583
0.9952905363500916
0.9903686937875991
0.9890613817295033
0.9860263975854768
0.9783840298951718
0.9885151027418917
0.9808403683665077
0.9861744086771443
0.9660065247574511
0.9805604617867951
0.9885629671974308
0.9925324675324675
0.9952495433641607
0.992977176961504
0.988181804134862
0.9845298908038075
0.9521202503911196
0.9927759893645589
0.9608549270531482
0.993541827586292
0.9351367103974396
0.9741170990506723
0.9875684901495203
0.992030238053562
0.9808369164147281
0.9791121313411999
0.9345240897985236
0.9889113852528487
0.9930498945298384
0.9792469854810926
0.9838389310220296
0.9913071568545413
0.9927542118682198
0.993069718686978
0.9952929964435974
0.9945835385023295
0.995413327709827
0.9962663051364293
0.9938240266892704
0.9705936017516117
0.9939789352065534
0.9891462840775058
0.9377185604886902
0.9896494409187065
0.9895225561833944
0.9931679309920808
0.9968447238537287
0.9794411641638384
0.9957140860599096
0.9931460531483565
0.9744218820315645
0.9957979022598683
0.9957384742505239
0.9859147480670288
0.9951364567501487
0.9646482980602848
0.9941093733599244
0.9909175071694374
0.9946470014033009
0.9914256350022023
0.9941420075704591
0.9912510330777067
0.9915970614873705
0.9766705663753354
0.9869642870949535
0.9905647482936247
0.9907185458178679
0.9785490925225548
0.9796728117586201
0.9855307693830289
0.9907118852828907
0.997000402385046
0.9928508102641777
0.9862790738070837
0.987209773533251
0.9744801512287334
0.9926106946618218
0.9732429548652075
0.9831370379153163
0.9915098420938784
0.9925724578113412
0.9917249543278944
0.994645190855242
0.9792591497257727
0.9824707225927652
0.9762358323091629
0.9898218286567801
0.9832632335195687
0.9896522001653898
0.9959542208744987
0.9943869465830845
0.9908465229017607
0.9702487966131184
0.9787237726668658
0.9869062711095894
0.9964248163988079
0.9906473807098952
0.9837756439622445
0.9933459911222083
0.9889440711362603
0.9730160424847069
0.9835412262789458
0.9932859779910675
0.9943677610070653
0.9833765557696398
0.9911477746108309
0.9894659480646741
0.9850387382324406
0.9842721367223264
0.996397153855775
0.9876458313572987
0.991297223532754
0.9735707570785328
0.9766648929850029
0.9759491709282504
0.9883026642623853
0.9730445014773204
0.9820503835221742
0.9746712404010813
0.9881434491612623
0.984606675836936
0.9892965041001295
0.962448255470136
0.9817853043901875
0.9454166666666667
0.9952885398368796
0.9929253839642036
0.9799732833279696
0.9853331692377603
0.9727213533015295
0.9956729402165179
0.9959743772241992
0.916108089878167
0.8617833753148615
0.9727775275583815
0.9931615439577794
0.9928032748400728
0.9811368986420814
0.9903273809523809
0.9887682112568429
0.9309941111069148
0.9634548345666931
0.9936232827329269
0.9888277959756668
0.9915110141637801
0.9730511049046989
0.9731780203858231
0.9878873606611985
0.9628407992119936
0.9953081354748603
0.9819100154142956
0.9772647043222669
0.995621080006119
0.9955411006889036
0.9811653366533277
0.9927062022359199
0.9860112995346546
0.986743920967901
0.9939888707570852
0.9983952732095696
0.9964618656701584
0.9729498202849153
0.9876000091176403
0.9737403198805841
0.980971259341305
0.9887362554110032
0.9890579574228641
0.999268026963844
0.9893113272423617
0.9578091900011555
0.9953969252899397
0.9935053698125068
0.9862601869029591
0.9889853570040171
0.9928489172713143
0.9861016939535702
0.989935445463509
0.9869871914520463
0.989457301594701
0.9918703667980269
0.9907555985035196
0.9837498619094625
0.9950489708332834
0.983769226042968
0.9925288147471436
0.9867853269731005
0.982096196351707
0.9854263717942431
0.9875934497588754
0.9904888763656391
0.9639537869062901
0.9862512809748991
0.9841039487006412
0.9953401178361007
0.9320290584765878
0.9923991288921237
0.9924768942575255
0.9788465661402129
0.9754306620619989
0.9348059602079548
0.9922132169040232
0.9955129414795312
0.9863724231133225
0.9887650404483155
0.9953336197727737
0.9869410946648788
0.974249950885465
0.9922387814775033
0.9731983388667916
0.9967591786138197
0.9878305084745763
0.9780919929710971
0.9961906945369092
0.9034747482867421
0.9817751378328516
0.990661612742145
0.9785902145706311
0.908590154790127
0.9802094046746157
0.9842544905275801
0.9919617273680553
0.9859012855400207
0.9867405776365054
0.9981311586816174
0.9891218911598129
0.991468255048539
0.9959557273123215
0.9878521340845527
0.9771380001743527
0.9814694829596994
0.9974638148167805
0.9002390188472239
0.9931940597642278
0.9905807898118413
0.9945276475548709
0.989650303821745
0.9918836890847783
0.9893860110138701
0.9960526010191332
0.9899829474158364
0.9843442640540392
0.9914801914451099
0.9946658321002768
0.9916309756847143
0.9943568959614811
0.988965184005775
0.9883677458635534
0.9934599168593409
0.9956490228609379
0.9910787039759411
0.9967505805063148
0.9920446200914055
0.9962923539623234
0.894605463874636
0.9987650719175756
0.9884918415921082
0.9882475072807148
0.9805098347220325
0.9951163203693838
0.9905164629270874
0.9815652989618191
0.9920278223649011
0.9944271359939032
0.9638018084833272
0.9868048746323015
0.9947736862293824
0.9839071505458025
0.9950529052473831
0.9858368970363947
0.9768164551531555
0.948103734134309
0.9939958643713097
0.9935243636690405
0.9756272832344671
0.9916102375481902
0.9819398545285932
0.9974299022630291
0.9790669575495187
0.9872931187792215
0.9922348290950204
0.9881823621288532
0.9807378284926637
0.994474255457275
0.984951947395043
0.9536000065421211
0.9962035113845672
0.9766778035217057
0.9868428341920116
0.9971551152684688
0.994250712333126
0.987504373976236
0.9927583334857253
0.991138469661108
0.997740464221028
0.9769942720658159
0.9852172732825119
0.938748903401891
0.9547992796270713
0.9898587824762328
0.9838318542121552
0.9814678038719327
0.9900959350801034
0.9899229000405789
0.9632469194669612
0.9937992799163774
0.9844290839461751
0.9858779851214985
0.9850299089726918
0.9947189678425765
0.9921724015475768
0.9931136209365268
0.9911315852004017
0.9952285659348094
0.9862697345454471
0.9871940935531615
0.9637509047781687
0.9848159289500071
0.9802292606941726
0.9966398000765473
0.9965610225879881
0.9986712729205421
0.9895967033709383
0.9756078464867327
0.9771280195572006
0.9923660572285291
0.9956900459014232
0.9686003917634392
0.982502716153226
0.9849862650374159
0.9858758617492024
0.9900760893242097
0.9972469063502571
0.9908474830578409
0.9910287922524128
0.9275345928685471
0.9821752600132773
0.9926719804309746
0.9901002162721984
0.9847684391080618
0.9859786530025101
0.9609681099042802
0.9848578374579781
0.9971292960000677
0.9935543923213196
0.9945689207723557
0.9952444532278045
0.982219592319778
0.9738056728666846
0.9914529914529915
0.9930228648285138
0.9820297301341847
0.9469710011111285
0.9259869855161389
0.9937957875703404
0.9924978685120537
0.9807732981498454
0.9904927208370307
0.9936193841494195
0.9899377788043714
0.9749670475910747
0.9873405052436818
0.9540426168284737
0.9787166365257096
0.9928176996527592
0.9778638524007335
0.9820222406785392
0.9896266936010447
0.9922934325565799
0.9972740024319259
0.9852845264009474
0.9959167854178738
0.9907952589447071
0.9930739524016138
0.989103605171236
0.9688881176145206
0.975222390974181
0.9892226174486739
0.9912290381168527
0.9838168969924993
0.992811725846408
0.9712164325585947
0.9759339399036624
0.9910106418137352
0.9958708478697015
0.9720169744315147
0.934714523980161
0.9714517897452435
0.9949119160997453
0.9926563121615368
0.9820438264722386
0.9614249032336716
0.9774414021552267
0.9966906260057559
0.9910527292042561
0.9405552011558593
0.9153254023792862
0.9757478690751861
0.9839034144908244
0.9955916652422516
0.9937668047313272
0.9895462208241367
0.9860521235521236
0.9930693791242845
0.9903062884970046
0.9799748869401881
0.9925406141289175
0.9793865777568723
0.979932885058294
0.9775227848718199
0.9933507053643634
0.9892194773527746
0.9932346997222552
0.972961062436044
0.9845025113986964
0.9568762891543148
0.9843577531438803
0.9822703253916751
0.9969810585772021
0.9682093457943926
0.9785776754890679
0.9975812153462583
0.9905486332571497
0.9942634697051782
0.9971182966414563
0.9865355390902434
0.9791846950249504
0.9431451163826706
0.9906561548408627
0.9948366417003551
0.9746168638191247
0.9933560116438503
0.9941982978024685
0.98944817300522
0.9879933835272644
0.9826725123036089
0.9815076417219752
0.9932102742894116
0.9939052075076762
0.9950234786660772
0.9904897090134848
0.9888758132202411
0.99035309061572
0.9908675799086758
0.9890639496447242
0.9953558739255014
0.9808873027417417
0.9908640211296573
0.9580128218727062
0.9933121890747508
0.9766236630278973
0.9889729965790814
0.9966645371387279
0.9823788936140084
0.9880391072062624
0.9683622564277491
0.9879178162629226
0.9931516872018497
0.9876449141780345
0.9711608268040107
0.9850943821914717
0.978707413118092
0.9853632018099001
0.8619016080172853
0.9967055797388208
0.9971904513451245
0.9887903741194273
0.9977924360027197
0.8024069178233091
0.9887750768345533
0.9872577403234432
0.9901301969412815
0.9930133508067819
0.9940114805812691
0.9991523860333162
0.9766528472317744
0.9977714686937144
0.9748238922929432
0.9960740757032573
0.996565208201226
0.9828689823278489
0.994373902527913
0.9677787386847114
0.9886719961407257
0.99717525688787
0.9835212426031196
0.9324634636951066
0.9346352109136763
0.9905287459657466
0.9820683738986953
0.9884604891572839
0.9927418821506514
0.993522739408455
0.9789643805723389
0.9931115557129586
0.9758868237175957
0.9903705320335613
0.9931006851530567
0.985755721323932
0.9940688780056602
0.9825919917190035
0.9930171397478915
0.9515814632667962
0.9920097121274637
0.9959008329507444
0.986722434665121
0.9434675223237846
0.9878514038573112
0.9820624166384717
0.9712551632362856
0.9892804885806985
0.9944488519748467
0.9887255927144134
0.9868694551158781
0.9846656451473011
0.9865146816737491
0.9483310608742815
0.9713777725961118
0.9352765556484913
0.968408283510961
0.9848181070149618
0.9961340305724415
0.989777037906285
0.9986080706363105
0.9930503724570549
0.8790390493085686
0.9950846855383157
0.9952024580347363
0.9854214143524982
0.9899318063053597
0.9965251110609141
0.9879136648076098
0.9787922381135126
0.993279101694568
0.9805417741015288
0.9918125994996588
0.9957276628950449
0.977769999743894
0.9897435897435898
0.9940464900469164
0.9907582733990249
0.9879520219572617
0.9948905109489051
0.986797164809495
0.991127010925751
0.9830884215860147
0.9551630038942247
0.9619423613899758
0.9970704907965278
0.9879553854276664
0.9966240406805446
0.9956555025114681
0.9970492281576574
0.9855725687761803
0.9897526417479665
0.990032362459547
0.973908899567134
0.9915245139612028
0.9909557810346987
0.8775808133472367
0.9905978323912356
0.9930925789577956
0.9974816006897816
0.99255571492203
0.987010509245274
0.9909872622038268
0.9669388179619854
0.9926731433847229
0.983479744364082
0.9959172292238261
0.9881825944170771
0.9915334394537108
0.9797537542081174
0.9945428210998458
0.9979741763134461
0.8948000893455439
0.9854899637063921
0.9954882371898163
0.9692772881493055
0.9919131618714185
0.9703855638266
0.9829917139119058
0.9703740249976506
0.9570967105093746
0.9854893297161587
0.9680626415236162
0.9892970457590072
0.990042286181967
0.9934008322907034
0.9875144406752266
0.9977075022936138
0.9845779877510387
0.992685341910636
0.993073245179104
0.9932512884307801
0.9912599250850722
0.9904869649734283
0.9894020103862528
0.9918250055738599
0.9939406871100788
0.98863328845837
0.987512652562719
0.983347725543001
0.9869049319705805
0.9879876914975894
0.9915710520385267
0.9782600170877811
0.9942949448878753
0.9935082439909823
0.99318674797602
0.9939106785488258
0.9223922346310406
0.9968385966118003
0.9845028259776664
0.9942723047185607
0.9912022676222055
0.9644728806578517
0.9879944195295822
0.9817852499134118
0.9872235628574262
0.9951587681690449
0.9815558150870685
0.9949747348547948
0.9864898398081006
0.9953530741201974
0.991069228874107
0.9901277681704471
0.9089794850485556
0.9774678265355843
0.993001464884713
0.9871085217971131
0.9983094195673848
0.9881706158829117
0.9827205644677176
0.991904845647738
0.9892731445439211
0.9893723370067273
0.9816184748434071
0.9927504448509615
0.9904479676210921
0.9946553192513836
0.9886103040461315
0.980103853812557
0.9837895595202947
0.9786195279696208
0.9932564944258582
0.9791728776244989
0.9783657350563858
0.9851232668303309
0.9973144512190362
0.9885862683090342
0.9819797359288364
0.9926490420440052
0.9803751182337607
0.9659000287090498
0.9934190481993784
0.9819034576797164
0.9866247326952464
0.988673518439798
0.9890527265642625
0.9855593985331272
0.991815573757384
0.9831287307129182
0.9626508112878949
0.9888386021706363
0.9853676998621974
0.9919067745258437
0.9900049068760267
0.9858720081368834
0.986168043743272
0.9589643929287474
0.9815046895213454
0.9776226675258313
0.9603189067606377
0.9844578682042217
0.9748243583731737
0.987460675002704
0.9928618045358133
0.9386684718624911
0.9402471453151885
0.9948321217875877
0.9872155737556068
0.9875779587958068
0.9892170651664323
0.9883413228558423
0.9820863542367392
0.9952788996834406
0.9186687945364135
0.9908954784712459
0.9375
0.9738591591177002
0.991472329244917
0.9817619137844757
0.9886177571643934
0.9956029879349039
0.9214918575501847
0.9923761566530642
0.995454532940182
0.987108244758954
0.9706820770639137
0.9149437131919024
0.9880147300697628
0.9761013496989462
0.9892466046236311
0.97683033952464
0.9921262984754029
0.9909177980509063
0.9922579467298811
0.9738287207193078
0.9903427133400472
0.9864284573819948
0.989174151498291
0.9793148103567071
0.9850556659121357
0.9823033006619055
0.988644298872743
0.9883523151712963
0.9911690310370734
0.961742646197117
0.9756822707218991
0.9832511063586508
0.9824427059224675
0.9834117990612602
0.9742477856014634
0.9836490256539341
0.9843475039362786
0.9918547155036934
0.9917915828736762
0.9932174797217664
0.9955440973555074
0.990575029122101
0.9895292438972033
0.9956371133032086
0.9901770631295752
0.9602193901629569
0.9859281867191065
0.9842682268738107
0.9910063597884353
0.986724286949006
0.9898144151920587
0.9923821865751361
0.9934445093407025
0.9897086686944573
0.9770931031694696
0.9970528489127177
0.9989765524964317
0.9980855381552246
0.9908669108669109
0.9941003737868367
0.9833220644579671
0.9935297592956109
0.957974145743763
0.9862618267604581
0.9792181478413844
0.9933329369562202
0.9922795790693609
0.9710045581842256
0.9893404667680202
0.9760778700257658
0.9740766007211773
0.9447718316084122
0.9352824297473744
0.9808339141238144
0.9380978788298905
0.9877138347340131
0.9870614686293641
0.9925658070824207
0.9817012422380537
0.9879861481086841
0.9944033378675955
0.9903891878074982
0.9718701954755107
0.9667648618770408
0.9814339602996076
0.9605367729676895
0.8466203194862679
0.9825687218372684
0.9889121560983142
0.9810592857480969
0.990606386336862
0.9966824201020074
0.9940956262827739
0.9900360168581156
0.9962028666439094
0.9735912969147371
0.9383757240397372
0.9926461143224149
0.9922775128581045
0.9967621871879444
0.9837317317317318
0.9946273520049724
0.9800770608879181
0.9846447880504928
0.9936013940934026
0.9942437381471368
0.9604350670031951
0.9837064994882293
0.9794791208116215
0.9820383720486707
0.9878231810553243
0.992157641805729
0.99054616024397
0.984595882264968
0.9645415628138524
0.9966833890746934
0.9773153638814016
0.9891677215495666
0.9945585128097004
0.9752841316054419
0.9913803739009566
0.9925216039553725
0.9815527146392969
0.982759075298445
0.9883534024278596
0.9943710319868789
0.9267776427798462
0.9911821392824941
0.977226408880451
0.9905187178859799
0.9826466522162107
0.9940514017231141
0.9913473160237817
0.9641317596235439
0.9901513995188359
0.9893337280149979
0.9810576164167324
0.9884179434574476
0.9245542261675029
0.9624930945449844
0.8399518301624761
0.9894540114804432
0.9885529474282154
0.9798276872643149
0.9957951102896292
0.9752991056641271
0.9937390871511291
0.9761015156855833
0.9936151743874568
0.9918662999273369
0.9856419582278557
0.9905245338163257
0.9571135992417126
0.996805496956181
0.9859335245072207
0.9815982277053608
0.9879074694137736
0.99816414478134
0.9823522511699774
0.990644303169665
0.9883911756793112
0.9917477180011725
0.9850515893093885
0.9744261477045908
0.993209544808466
0.9878708013631179
0.9944748504018629
0.9918977882669575
0.9866004980982038
0.9902370990237099
0.9843515682567784
0.9866852011381732
0.9736175944634107
0.9952354090698471
0.9690264545763865
0.9877215585659703
0.9888949224097713
0.9694415173867229
0.98264425063616
0.9913885553651403
0.9742720878876167
0.9905286123563098
0.9696700940177446
0.9701567600820846
0.9980667352933792
0.9538200734416364
0.9891324146669834
0.9802795277674837
0.9955626149613228
0.9857412422578299
0.9946483954313061
0.9814193064200281
0.9860256990206986
0.9885300501151115
0.9897745254382346
0.9980562079857456
0.9747230818173931
0.9929029393481928
0.9495432796868204
0.9737737174982432
0.984595824866902
0.9852829645901983
0.9925656057015394
0.9851792459330623
0.9483865996686792
0.9929447947192963
0.9898864512419804
0.9837572331241644
0.9898022783062289
0.9944531262623582
0.9860916768622234
0.9851983744036535
1
0.9052787246841789
0.9908512677528971
0.9690866801054427
0.9962552699854061
0.9951324503311259
0.9941493086020365
0.995476915865948
0.9923630076308828
0.979141641337386
0.97832839979105
0.9708817064300554
0.9806695245724144
0.9895729824090238
0.9960740621676549
0.9934232791101686
0.9819126811134561
0.9950845074090471
0.9982580026656067
0.9809943117369787
0.9868991844525421
0.978846439550644
0.9946892257079074
0.9928907168037603
0.9971017815788871
0.9896785308203838
0.9948476744994658
0.9873939838713712
0.9900018303285439
0.9911611758819873
0.965065264930796
0.9787596204002819
0.9701998038820232
0.9968663108798995
0.9939551599175978
0.7110491848961962
0.9830162520218748
0.9462238038750495
0.9938437544378035
0.9752320424170876
0.9861965486267998
0.9792799796521612
0.9905718578852348
0.9785953934795226
0.9930432558169785
0.9841485518004803
0.9937535115840962
0.995123797093765
0.973845116533055
0.9950434422040288
0.9811566297701061
0.9945616222639808
0.9958900195608694
0.9932506988377225
0.9969837120450432
0.9669628318197218
0.9857180449736647
0.9944687505996584
0.7743171732991624
0.9925603866756818
0.990816592224648
0.9950615666753996
0.9534170560747663
0.9717593900028241
0.9928887506210444
0.9929574988130616
0.9823617316749185
0.9935632962222257
0.9807297400076056
0.971071027337411
0.9766881112305676
0.9742480246871715
0.9911440528115054
0.9875036784362812
0.9910084525488149
0.9870416110048598
0.9921774356620779
0.9978842006754283
0.9941301867120562
0.9901750742619805
0.9960845635512576
0.983532853041547
0.9921733387665631
0.9839937470264392
0.9948642503677946
0.994414602261852
0.9922751568159731
0.9891928974979822
0.9959441993136338
0.9911994067276161
0.9916459151300345
0.9903048330463177
0.9924873862403923
0.9928814260797588
0.9942111567973582
0.9892769402712183
0.9429397958086222
0.988454365949978
0.9868787777994426
0.979271694447105
0.9945567193766397
0.9909685424092771
0.9804613643829616
0.9911445349913413
0.9916848275551561
0.9854582028778612
0.9934827247567182
0.9762953316367107
0.9899801583523434
0.9830355286823387
0.9927554839008415
0.9920859354986333
0.9617592327011466
0.9860223274678078
0.9737903093203897
0.9604974633860208
0.9866484779797537
0.9954276213239115
0.9839906325685044
0.9941470839675556
0.9689525213831647
0.9898213948759215
0.9816282405046185
0.9899246377667388
0.982679463553373
0.9895451493066038
0.9733479158813504
0.997475258075622
0.9913420119923867
0.9936696774686349
0.9937601152554424
0.9854458590883345
0.9370527492463739
0.978012431223271
0.9719244835691818
0.9949625646952415
0.9908994753690984
0.9801973327550688
0.9909404415298075
0.9873837135210909
0.9923639676697698
0.9744617058253844
0.9877232109083977
0.9878496955618268
0.9915405799804698
0.9917780492478682
0.9614323135934137
0.9870914189329403
0.7593148287071768
0.9797771948596643
0.8994557164231968
0.9908602520308428
0.9959808179870678
0.9937117413791399
0.9944577209160674
0.9866406616961567
0.9659426207196908
0.9848719816966856
0.9902216156120942
0.9902993689395105
0.9402303484200946
0.992894407345576
0.9961495004757374
0.9941260951161418
0.9797537998733375
0.9749666362295427
0.9823729312443975
0.9006548629638612
0.9913599848854235
0.9823213002518552
0.9868345604256978
0.9916681207468155
0.9880735256954009
0.9678358790366863
0.6711768830461459
0.9953534258383194
0.9830867673562018
0.995034440578722
0.9489580813491377
0.9712787759731452
0.9846270465026293
0.9625670373969694
0.993880578264819
0.992427225527943
0.991209046549454
0.9873341471819379
0.9855552676685135
0.9167087061572365
0.9891712840734403
0.9758800481288372
0.990976766299248
0.9844804151736068
0.9908819019746162
0.9553211788878649
0.9945272175975792
0.985391542319719
0.9928191078951764
0.9918364733564901
0.9813917919959215
0.9960524309592331
0.9945444754033108
0.9883060927378714
0.9946815972744125
0.980814929282861
0.7543095956190633
0.9897312241461742
0.9965773376055928
0.9745140978977451
0.9552241733882174
0.9857092392177013
0.7133547644127648
0.9830802538703364
0.993156345604547
0.9873565525562081
0.9938250126422543
0.9906195841429766
0.9896615724124697
0.9791143698058374
0.9883296513303237
0.9940669209414834
0.9955061973958046
0.978070009272091
0.9958744750176542
0.9872927599119087
0.9929832907177261
0.992142336064958
0.9833547586329181
0.9854196368654106
0.9789910917012703
0.9952465359441061
0.9784240358984047
0.996694582076691
0.9934025539385792
0.9881962824374069
0.984626604037668
0.9937614154486467
0.9737915527804943
0.9734492912785988
0.9965435730055306
0.9911956221496357
0.9881834663774209
0.9939167788154372
0.939728142246198
0.9822963094172336
0.9721981320880587
0.9928641490926925
0.9848674655500267
0.9881123220726835
0.9924679309452515
0.9912362721924419
0.9915689068575468
0.9834264773613157
0.9901564657944193
0.9943665888864771
0.9564462171899125
0.9760833520800527
0.9695950731331794
0.8692939244663382
0.9929974289161649
0.9774259188604858
0.9912370232371727
0.992210813412482
0.9328654049797713
0.9174220246369478
0.9851067307132351
0.9948969032013977
0.977652124080855
0.9867325010386249
0.9905893493625305
0.991936991947487
0.9813564403933797
0.989438233780813
0.991259388866558
0.985958412649043
0.9836922341019213
0.9986940491932389
0.9841759469982463
0.9865565914502609
0.9940984824669201
0.9453778421452008
0.9724809097701883
0.9868493150684932
0.9917484357391751
0.9785536714778672
0.9789448288003965
0.9968691233545393
0.9878082571349405
0.9794990060767267
0.9946269161734422
0.9817614432485513
0.9609639021979864
0.9855079036346137
0.9866866746698679
0.9921413645861724
0.9759594564543125
0.9930185141698443
0.9874892971380658
0.9914922337363006
0.9957865708619676
0.9894493195235933
0.9938582900426325
0.992140478409735
0.9761641047806864
0.9963561120704738
0.9881856275863509
0.9931201640719679
0.9830645477009099
0.985225575458407
0.9800852386657732
0.9730705854036569
0.993833983142026
0.9892447169360822
