0.9872393307468477
0.9874910453518488
0.9828039614301435
0.9824426350851221
0.9937521786930523
0.9746604325244574
0.9423988798014193
0.9904175411465812
0.9922896114533993
0.9756373343716889
0.9841886988076723
0.9852479190227965
0.9526676508290566
0.9879586818310113
0.7013434145682846
0.6873242637512481
0.9718365852889913
0.9891876861966237
0.9878567498029417
0.9896713743915975
0.9824427881587235
0.9672606901555344
0.8505632178119282
0.9835281842657873
0.9894805972567388
0.9699485605992239
0.976374705757699
0.9786733303892701
0.9879769994772608
0.14395451674036638
0.9765878030758182
0.9738491760613606
0.9964885389813977
0.666024009278366
0.9691328353904477
0.9576132867655525
0.992566263169611
0.9477599462911851
0.9793605226687785
0.5326891213922393
0.9850656703994425
0.9883429432473124
0.9934447701997172
0.9694560669456067
0.9766569112642015
0.6446085551302162
0.9888677412319832
0.9871365435921975
0.6430473297517718
0.9262153534860192
0.9933658434969788
0.9805642174760122
0.6391494431512242
0.9904274397367826
0.994813608524799
0.9940123326705821
0.9932456543388974
0.9813910438309118
0.9650255738574661
0.993671738978099
0.9918979804929866
0.976603933082236
0.9899148051421182
0.9919902704556169
0.9681267507627527
0.9949037317835004
0.8780916142250842
0.9800180768421627
0.9795584382436622
0.9877564749411369
0.9809738451613957
0.8378794045625296
0.9889719323032774
0.9811094400940379
0.9776424134001543
0.9938998162124115
0.993867819053267
0.989528370809319
0.9930955607019791
0.9830936491524893
0.9717291203973517
0.9887664722402246
0.960249241478318
0.99357070208227
0.6672439180241334
0.9753409491218359
0.9700367999720948
0.8625038292658022
0.9842704313418983
0.9838147920508092
0.9897378382167391
0.9697289880434823
0.9913929145924023
0.9724453423639511
0.9465617560875621
0.991590618336887
0.9720277999876992
0.9618084863410226
0.7257359053808948
0.697900191636976
0.9879589587043162
0.9809696940045439
0.9839447492663009
0.6602369583285801
0.9896518844801666
0.98809856926549
0.9945349984687106
0.9890460259710584
0.9832208339962839
0.9685569436545137
0.684789865544372
0.9286869430237664
0.9882259760659186
0.9854453870625662
0.9943014859628091
0.9912198367992667
0.5682542793675682
0.987938813021221
0.9811375902881212
0.9898113260799006
0.9855301171305897
0.9806208930271437
0.6442550025486624
0.9940242755487729
0.9820852641451558
0.6246380531394078
0.9937723934171536
0.8612986944637235
0.9957052098833635
0.9896501662529855
0.28244565688057505
0.9842141386410432
0.981973514347743
0.9835604497777262
1
0.9867357173011096
0.63608355279772
0.990211170591444
0.9892815730941739
0.9647406372097456
0.9712410244918158
0.75598892323922
0.9772853057835993
0.6134842821599391
0.9812164531209419
0.6101567482861596
0.8287173838482442
0.992617569825734
0.9783605108720053
0.9928803412588768
0.9947476018241862
0.8376190186311828
0.9794786071943842
0.9861022536360794
0.9920769476104947
0.9928553123082777
0.9937498526763939
0.9896532582213678
0.958283698552973
0.9729253264939123
0.9931794776560363
0.9912846448028576
0.4746780337384364
0.9936501181737206
0.8974835442601171
0.9894639475917906
0.9835593720772757
0.9747033326227528
0.9560603521874077
0.9803985520807156
0.9939392993111775
0.9666728186490247
0.9880759329454929
0.9935120312117003
0.9478511020266909
0.1499870847755334
0.8848587200362967
0.9835709669601745
0.6193160688781697
0.992671670554823
0.9734709263971351
0.9849720924195223
0.9909907208422877
0.9805890227576974
0.9810491803278688
0.9917346855530891
0.9747165431657888
0.9961206972212958
0.9688143036146055
0.9874231365847751
0.6950140760535605
0.9943119867635509
0.9794292458795262
0.9782570300377206
0.9829625801081129
0.9939373383643533
0.9925050060999778
0.9914024985234831
0.8703083324442548
0.9634803487651589
0.9807752600826564
0.9833009365612299
0.96959630911188
0.6744460024316433
0.97474017728845
0.9899855349420766
0.9874038753066343
0.9927990738580895
0.2863317215340796
0.9630200852474936
0.9774392488386487
0.9900180987762018
0.9091913489625112
0.8614058179604365
0.9848653736986972
0.9833157001116165
0.980798369647926
0.9932828382976059
0.975294217681719
0.9911783213151877
0.9823138358532564
0.9930155078424056
0.9872954450565676
0.8698210865717957
0.9741074276223545
0.8596900173214251
0.9837692982298222
0.9570227488131651
0.9932340561670816
0.9796203456173815
0.9889856841637998
0.9938942894077607
0.9708057357336785
0.9395989345218912
0.975075668145529
0.9873285354001353
0.9863937705622696
0.8504502410968454
0.9965394241934962
0.8890664416267487
0.9969826108253735
0.9848468986638914
0.9908814139546823
0.9660016090104586
0.9924618690337806
0.4690984996136592
0.9409335553187511
0.9918974108366131
0.9758714080353306
0.9948777485743157
0.9926000693940636
0.9702418254133431
0.981307567889674
0.9749333252878054
0.9898954009808514
0.9684904671931911
0.9523920422168818
0.9702834799608994
0.6682673551071915
0.9842575715278804
0.9469733572012027
0.9623250151036191
0.9436808634864527
0.9802542770432635
0.9622886866059818
0.6301452784503632
0.9840595953431602
0.9454848494043029
0.9892269265850709
0.9837522611521345
0.9885650689539569
0.9935348884351969
0.9832835967228987
0.9973652241137213
0.9856054922576223
0.9891600951308048
0.9819892727186806
0.9837092833108383
0.9900609936018346
0.6511753438316471
0.9896865246302077
0.9365469156530767
0.9819909115862027
0.6927320903558336
0.870676527350582
0.9891624561344216
0.9906377026967962
0.9904045741169926
0.6415998618327312
0.9868279157981167
0.9697943136596826
0.9585862794111812
0.6235634477254589
0.9872411588906992
0.9928684915212116
0.982233354099653
0.9993936509885791
0.9410935454636995
0.396479916185401
0.9951175875531924
0.9847861400950488
0.9843039153978138
0.9216010715052279
0.46725656785512587
0.9161934761885026
0.9859184955537462
0.9873264363837354
0.6923590391908976
0.991725460254769
0.1499610843293533
0.9940392087601554
0.988846396007742
0.8738174724532793
0.9828192176622715
0.9927905349325435
0.4476642235492812
0.6310416649928898
0.9960786291928401
0.9693388271543041
0.876034429155794
0.9504953744730932
0.9922129614788695
0.9899561259148918
0.8725851446302567
0.9794017202958873
0.9917383595884439
0.9462280193597817
0.9861820721821961
0.9520681353512624
0.9822808231384512
0.9900154462762359
0.9888600115021753
0.9895161766965732
0.9910196764223886
0.9891679640314527
0.6420264040234702
0.9313341035195339
0.9864505895617941
0.9858566827492267
0.9825886232481451
0.9878698317874548
0.986440490626026
0.975622104457069
0.7015067258274114
0.9894780170306913
0.9948990094774693
0.9863094566321436
0.9875240297079173
0.988395305302895
0.965665782929486
0.9783011391305179
0.9877929781662084
0.9940653046809621
0.8343698074654835
0.9966760575684116
0.9822619368082867
0.99452914143993
0.7366331115678011
0.9936122467195032
0.6983733084839154
0.991442705167785
0.9719690917970598
0.9919890522172335
0.9870678876761396
0.9569701627418535
0.979695005558702
0.11017454939444858
0.8268611212070955
0.9894838877548403
0.9897200758540659
0.9886219132289
0.9899733786127263
0.9924833392877739
0.9778838717353798
0.7313253137530594
0.9804627381915687
0.9971901702019853
0.9846189666485575
0.9733226251374898
0.9693565257815829
0.9737452682760744
0.9760085574572127
0.966787495571121
0.987720351470829
0.9782239105314189
0.9863638990004044
0.9605205658544337
0.9745495162838785
0.6789289798697958
0.6134251530732225
0.9735946964251323
0.9859174072138003
0.9860648299012239
0.9899639789994432
0.9661481215816372
0.976980250663224
0.9964201237156192
0.9726375493127799
0.9802364748745446
0.9867527352506775
0.9726106944108396
0.9726441853135833
0.9835589288529538
0.9872812863341179
0.9678090855668768
0.6049058974569095
0.9817008240363034
0.9928858813320126
0.9873639838242858
0.16124522742987704
0.9886726274329414
0.9902021500951597
0.9830293400006025
0.9638297872340426
0.9881662616387076
0.9796222585365287
0.9909431090115041
0.9902022260542405
0.9846319633033702
0.9723732322157519
0.9467679802833909
0.9881674118115212
0.9829647484043785
0.8692494570302776
0.8598142853560053
0.989537557860198
0.9452497380370241
0.9911841090456928
0.9944314230126997
0.9636845486668808
0.8982932802694015
0.9919426017708304
0.9693756876944976
0.9879873638706459
0.9893811044278495
0.9954641618007954
0.9850186601545832
0.9843212791516507
0.9838737223068063
0.9936122467195032
0.989724171699037
0.9856503735404482
0.9891943889888188
0.8527964959568733
0.9780433122955379
0.7011942773185806
1
0.8646341748597735
0.8816626263262286
0.9302915027091168
0.9888632657628853
0.9894032116321803
0.9704807620748679
0.9952231871307851
0.9960166467440148
0.9851051790706963
0.9808921164410009
0.9888429698782752
0.9753373163808552
0.9761346717060161
0.9795650158423697
0.9202022011157952
0.9823293655220947
0.961397797718459
0.9915733013872061
0.8717602772599926
0.9704377913742197
0.9930677185287667
0.9907463500869744
0.608194413014508
0.9654728941611921
0.9918567198036666
0.9562149958999013
0.9812114683376575
0.9924602479302641
0.8855554920795554
0.9859649056553896
0.9682046322176018
0.9915882088632065
0.9862029021481689
0.9473653879999813
0.9883327432182155
0.9926292561420631
0.9963848560995104
0.9882147603721317
0.9866696502781153
0.9981008150668671
0.9751120212788188
0.9624128112615776
0.9821670589913688
0.9848655364586616
0.983481412895727
0.9870766915740324
0.9883277390605227
0.862711663763942
0.9928389222511559
0.9765561518592375
0.15119147135618233
0.9900307394306889
0.9976334824862135
0.9824331585894029
0.9876642321474026
0.9789663486738652
0.9912634819183683
0.9881304934101887
0.9922377051806971
0.9956459684163058
0.8711818153082118
0.9661947991998769
0.9844478181047874
0.9583312799521269
0.9919209861288094
0.9584180199057099
0.9771041841809873
0.9512512949130364
0.9628594531607897
0.45452513095427804
0.9679428712836285
0.9780330690652966
0.9944112165824787
0.9899327999672195
0.9923940476728934
0.9690503519519852
0.9941353021332582
0.9674576359482329
0.9666259105546849
0.9930994319994895
0.9839225985678819
0.9770502945174445
0.9869147114205208
0.9892178204458226
0.9548674522770526
0.9747289537467603
0.9493317244234641
0.9894304917712006
0.9737687582181345
0.9712954057853074
0.9837820304897826
0.9940202751791123
0.8742378333894437
0.8595504858959884
0.9796168074087303
0.9943513564891509
0.9824353601440318
0.9909449241484591
0.984177692975911
0.9955222985534092
0.9850833708877873
0.989278541530014
0.9663042199552964
0.9872165381635696
0.8268040899576375
0.9887537032976559
0.9851099467208825
0.9827312696276357
0.9876447717876407
0.9889181761729227
0.99166536670158
0.551027245118674
0.988230340321781
0.9725024885603019
0.985444913722777
0.9785271987547145
0.9871806058766622
0.98981813212023
0.9949447450903357
0.9349742437272403
0.9508529974489796
0.9842698804510914
0.9798828992194665
0.9748576943746778
0.9519641702543723
0.9849917151903246
0.9883237888871692
0.9906086780569853
0.9688728904449019
0.9869854879938812
0.7063565475341215
0.824962635582579
0.9897904821174318
0.9722163780200983
0.9726554510871789
0.9869966740530232
0.9812701075036105
0.6559497622721588
0.8629239818235277
0.9911319930404924
0.9972863761864698
0.9853803992843552
0.9562153334034948
0.9726481549298809
0.6579309718712645
0.9884888306892409
0.9959887149516805
0.9804875713421035
0.9863900626012236
0.992973024779563
0.8664721365521642
0.976835081029552
0.9911657251905628
0.6122742677869428
0.99060034451226
0.9730134115167008
0.9945964288480619
0.9944758954395295
0.8382379198938116
0.5901783487972283
0.9941264317094431
0.9856737606223521
0.9652983365353717
0.9879553163834643
0.9744445376037562
0.9828727786357816
0.9921942532883038
0.9902894135567403
0.9384218476091775
0.9954440885921783
0.9767523738110788
0.9814689824101097
0.9659281309044241
0.9869665417475526
0.9703979037845027
0.9795847673949044
0.9660672801108126
0.9805319733444944
0.9518187830687831
0.9908631630252416
0.9938441712122809
0.986169109281938
0.98291386805045
0.9913927439681228
0.9758187467433468
0.9949958568281493
0.9834149442783697
0.8489969864171542
0.8695681807854838
0.9971161199864038
0.9894456296397386
0.9937784198779392
0.9707074059787273
0.9843152096211261
0.8934648193924453
0.9596182437293176
0.9839681405085265
0.9957650684477191
0.9955622655320706
0.963599269837861
0.9479631883988574
0.9820691250800883
0.9839107538461159
0.9801716940459809
0.9855202276769092
0.6003565530701096
0.9955220923320784
0.982239150361918
0.9776655114991674
0.9926334936170528
0.9952462351312407
0.5446488104687819
0.9753325782734724
0.9835589941972921
0.9760731576116192
0.9919160471950025
0.9950094289256066
0.6072686651223089
0.9885870805752112
0.97874767403329
0.6532014642604842
0.8563132925459263
0.9884400175195989
0.9846549610123174
0.9912603469619438
0.9920243671338673
0.991759927049656
0.9925260766008706
0.981784180634437
0.9696724144373038
0.844887531140327
0.9011582146856503
0.994243466855916
0.6713695971918375
0.9749865581971621
0.9501013414817813
0.9830802994131105
0.985048446915514
0.9576554157951991
0.9898025184063854
0.9951183801931106
0.9896936382334053
0.9905038014377422
0.9962967500501192
0.9917659305978865
0.989084199314498
0.8399478461687949
0.9888363175310017
0.9511688848062777
0.9962501227054088
0.9081724156567834
0.9890453911026362
0.8774962215004662
0.9927790283929998
0.972686887006839
0.6258794215360562
0.9931404829100031
0.9843242568073944
0.7265175296566765
0.9908695362075565
0.8735967669510553
0.9806519744037816
0.9694157397046885
0.9899629051905174
0.9929021582863912
0.9931851533946173
0.948466130824697
0.9706134776692932
0.9921768797823047
0.8518755911413564
0.9717008366302743
0.95175443288778
0.9905430161418548
0.9578815695709809
0.9754531793288608
0.9025834230355221
0.6846824991119159
0.9957054184495969
0.9764985907309341
0.9819042392024167
0.9937373365260638
0.9961385327468077
0.9903864989956699
0.9934113952138737
0.6779875796883205
0.9944017315574485
0.365863735158341
0.98897830731534
0.9873536109303839
0.9895270398357457
0.6515440094599352
0.9904685622747297
0.6581178344855054
0.9958828262666846
0.983634374070509
0.9954946169449213
0.9189879220440206
0.9933381230423015
0.8674039913989887
0.9722495737802733
0.9902951541313043
0.9889355132417561
0.9948184996562913
0.6407006328226911
0.9811656796829779
0.986346820730486
0.9745835880771889
0.9890964877329522
0.9948200423948304
0.8577229953212233
0.8661106358711149
0.9749844750236502
0.9428130008853193
0.9935820054723966
0.9824624997842335
0.8645848365032179
0.9832797847642049
0.989803621626454
0.9896905927596605
0.948319248826291
0.9864822482322028
0.6252856743326732
0.9885078293328942
0.9909313640111007
0.9800958271443878
0.968204540844936
0.855255277056827
0.9886919507658021
0.9756197425947072
0.9145333016300758
0.9781170102331426
0.990337036691252
0.9891569098452907
0.9934021218105499
0.991043772235694
0.9955639274972762
0.9537120258853137
0.9957271678724966
0.9822421474366905
0.9933578619565621
0.984017844541399
0.9913409743870438
0.9674032720932599
0.9879181329640593
0.9842038807431649
0.9829662331376525
0.9925371775969711
0.9297138393224241
0.9869543753061853
0.9966280604017006
0.9716151257811249
0.9942370047178926
0.953883948670768
0.624377398431044
0.4767601601049168
0.9844705139670682
0.992659385781622
0.9928477491336383
0.9833014571948998
0.9376983194941443
0.9729712703338601
0.9487384222293197
0.9954135047779652
0.993256599113041
0.9889041848593526
0.841203765655572
0.9871612344632461
0.9693202182956397
0.6786787117825706
0.9958981740583416
0.9868666060641604
0.9891964257915875
0.9905473579090549
0.9866489430760673
0.971868035069973
0.9801353033459843
0.9805537281626548
0.9915455550505881
0.9681447415364615
0.9860865191663203
0.9822902978150184
0.9863413403526643
0.9139297706874384
0.8734398347886037
0.9924138561374646
0.9898472664744854
0.9815197601148615
0.9933854862303632
0.965459761690365
0.9873910117511333
0.9465437519428038
0.6781589907859378
0.9868820030973048
0.9935454573194262
0.8450151905682819
0.9939910213869447
0.985383782340375
0.9700485262401151
0.6251453604940251
0.9893263733825086
0.9684193096224643
0.976858132769297
0.9820866850762396
0.9834693084693085
0.95674132701883
0.16459299436899635
0.8604188599320071
0.9878094794943036
0.7343769152564371
0.9892506454695156
0.9837033159767659
0.9817634324592672
0.8569699231064405
0.9357826062918118
0.9405571736837521
0.9948166808634032
0.9350491400491401
0.9626322639053924
0.8630542271216666
0.9854570010110308
0.5810053661616161
0.9882072311114685
0.9806761090568815
0.9877208139556258
0.9866211508902558
0.9898533002071107
0.48559392840195514
0.9954524799187394
0.984519829361437
0.9906820188583177
0.9912236441271263
0.8452602179984569
0.8521005969883275
0.9660942265764039
0.9925746988086084
0.8752639340416262
0.9859774793108127
0.9508101656287553
0.9941662243923151
0.977156946282565
0.9831474508824212
0.9840329082875133
0.9789248291571754
0.9814313619354686
0.9947650042490325
0.6580777654162906
0.9921890257765154
0.9932354880983991
0.9841427021423501
0.9829566172635504
0.9844695798170813
0.905114028729149
0.8036277402653826
0.9874888463989803
0.9872829465883757
0.987553260519378
0.9882025054406701
0.8621537911727917
0.9832631238630167
0.9906940896050698
0.8585030202969194
0.9926797954847477
0.9932323940872005
0.9651753940010168
0.9680503441959406
0.9899320675840446
0.9851182617224339
0.9948419423771278
0.9842247115915497
0.9886264081313041
0.6662333458495721
0.9908260324819453
0.9933512554249468
0.9856672108768241
0.9900625350247083
0.9850990554778872
0.9862824814624129
0.9933007319333909
0.8732198432879761
0.9896735980548762
0.9852375967541052
0.9844188097634434
0.9884838713944127
0.992283968645226
0.9854203198681802
0.9790287450821719
0.9533511595476867
0.9751827774894612
0.42442433072596597
0.9680430904635973
0.9826216832649451
0.9573190925649943
0.9612519830495211
0.9839015855351306
0.9731827111984283
0.6520253370714626
0.8741014206691522
0.9892642851174628
0.9739392874282663
0.9828268123317143
0.9756856418529615
0.9440622145024306
0.9539418523433201
0.672169570977275
0.9934263676232977
0.977901886017281
0.9899351174535848
0.4338214152601033
0.9875890379982432
0.9791475622066903
0.9874997172472234
0.987638143952002
0.9894033357465816
0.9818360333824251
0.9874284560431144
0.9847549310939823
0.9693091526657367
0.9876771410967344
0.9848708985036397
0.9822023308019836
0.9766731765096449
0.986947380465409
0.9848555464931116
0.9924417831004657
0.9781177528930013
0.9817909981256464
0.9938075933118078
0.9869613597315591
0.9888081008032281
0.9890256703883958
0.9709820974985267
0.9937797503650478
0.9940169352466757
0.9880317319597084
0.9873183522023694
0.9927167809574378
0.973850983019347
0.9854001501536951
0.925230975424874
0.9923082418498321
0.9090563226373947
0.9883707716201371
0.9810219617810036
0.9382152808329667
0.9634602510367806
0.9817343257682999
0.9784092898406955
0.9526792465197066
0.9843637113030872
0.8672995679881614
0.9411261402020743
0.975269967400163
0.9889502693301468
0.9562233068944478
0.16018878177929236
0.4777515418795731
0.9932505232392534
0.9889921473487912
0.9558343626576391
0.6554482655240903
0.9965597630127041
0.9797246395635797
0.12637938966416193
0.9886242783768426
0.992642760899334
0.8630870448561069
0.5803833534795372
0.9939095572083484
0.9826752997405993
0.9914575435373663
0.9732591108679235
0.9903773850453385
0.9843502179685871
0.9834104456968047
0.985869394956182
0.9818735955108477
0.9793106566589584
0.9760526637590184
0.9776668612426757
0.8509482289473062
0.9829639194834789
0.984934272069322
0.991339116441074
0.11392177323593969
0.8633618171690962
0.9947304273014053
0.9853874791498861
0.9705670703417193
0.9826685533329775
0.9873531728236415
0.996420561268144
0.9916482302594768
0.9327415175129803
0.9920359461424435
0.987840105507138
0.985393591873352
0.9887060974017495
0.9910714285714286
0.9476961666610441
0.972208435964364
0.973039347254281
0.4913374847188264
0.9949273501581872
0.9871106761952773
0.9912130378276421
0.9657225053403182
0.9919341861114304
0.9885727640844135
0.9951287896389132
0.6824467105191864
0.9745271410380991
0.9733738851108908
0.9957940235235443
0.8558207289409412
0.9725284655702151
0.9926413951656053
0.983411886979431
0.9829498842598641
0.8652605373258186
0.9394362594285162
0.9893870694137761
0.7326770276950529
0.9938961752653601
0.9920798278370151
0.9956287620407336
0.8737243595890729
0.9866351861227792
0.9851516370714309
0.9884486830491448
0.9061143270622286
0.9460547222618033
0.9802145089856179
0.9682288923995085
0.9864676119913792
0.9658662356378357
0.9889844995762164
0.11950307116796749
0.987288610146713
0.9887942470866473
0.9748913568324481
0.9399040560893434
0.992130395945457
0.9860108092997251
0.9754577188858018
0.9784997739409919
0.990367291183363
0.9807078828775092
0.9946064350449493
0.9905614397964885
0.9698124172666516
0.8717485913564769
0.9043947997402634
0.9883733673747623
0.8864676583428687
0.690276025236593
0.9873271935902697
0.9777050931179494
0.8950666800360975
0.9972728773188493
0.9914070431512043
0.9888063606096652
0.8654061697663205
0.9900743140733883
0.987466049222653
0.973290943803241
0.9805859460169828
0.9825598243847308
0.9914570548568495
0.9914154020893591
0.9943940202883075
0.982298997654084
0.5869757771271934
0.8656183190064541
0.9884238383181301
0.8294806548531486
0.988775054282646
0.6376746049919854
0.9652133480860884
0.9677391101563314
0.876426642963608
0.9748856790302678
0.9908353762021497
0.9866549555563363
0.9890229944854854
0.9799444222548928
0.9940192970050865
0.979008719543388
0.9795932356218806
0.9688199567170084
0.9834641590628362
0.6613129953641393
0.9863074820106775
0.9888694818315695
0.9916268099570841
0.9821446478512296
0.9792849402041979
0.9612801871430865
0.994310765214393
0.6324000643556723
0.9928409665163114
0.5533548351013255
0.9884281440410794
0.6728211569325239
0.9952131567098746
0.9888849743709343
0.8787792787679267
0.7929170432476687
0.973187441992062
0.9869567844952848
0.6667549926016098
0.6269146854968601
0.9845425409846876
0.9645332997848268
0.8694609278366656
0.9931374612266559
0.9777765319280148
0.9890129674153386
0.9901650275045841
0.9909842860564081
0.9777116624512054
0.9902141430407383
0.9639719244427402
0.9878611090487783
0.9918053834388363
0.9795747846873669
0.9891612547952314
0.45867024818554847
0.981689852700491
0.9893138927841322
0.9733667434349491
0.8115943467879251
0.9897507255595754
0.9809485784433493
0.9782506249727658
0.9874980605426273
0.9873325428949126
0.9823725583611244
0.9862299583896752
0.9875021414752571
0.9833150032167879
0.9808129206799329
0.9871682891887775
0.9895259836175642
0.9610147205135597
0.9857039362472833
0.9525525782861665
0.9890354126537265
0.9515566453488615
0.9797276106844537
0.5828653787341476
0.9803409843816586
0.9573519930693368
0.9858005055697335
0.9849673136812714
0.9940584381709654
0.9798256704515063
0.8437002737342987
0.9888024026185843
0.9523486901535682
0.9883573822061137
0.6447557334080201
0.9848439137882545
0.9955632361205571
0.685768197886112
0.9802619869718435
0.9797690360744205
0.9314068258154298
0.98424855369639
0.8520999705968832
0.9898281092012133
0.986826806808669
0.9890930859606942
0.9699353412907673
0.8674954340963595
0.9822813340325586
0.9652421490292876
0.9834845312863456
0.9809627984161887
0.9895947623073187
0.9904228713348665
0.9592963694060618
0.9662381154741442
0.9661961367013373
0.9730626878822924
0.9904505809987783
0.9838245046098557
0.660260732534263
0.9819631438361709
0.6732163056684403
0.9798924379345152
0.8704422001846298
0.985613664612876
0.9882856399825387
0.6100256468400246
0.7085010753437457
0.675157972443656
0.9924808794235546
0.981838887022297
0.9618039233937589
0.9619259771351026
0.9924797797281019
0.469996377219714
0.9868311214841821
0.6664699237790916
0.9925612946178162
0.9823092639657148
0.9841744429063054
0.9717716921154973
0.9827952952952953
0.9929100686970298
0.9796747773118686
0.9607647073316962
0.980355472404116
0.9790623056019383
0.9944138859637995
0.9899301747101222
0.9590701464354829
0.5061160507786401
0.9892301484105277
0.9263041919518721
0.9787515815113927
0.9846903517320812
0.9785791912143225
0.9810982178201434
0.9924388048756098
0.9953887225952592
0.9639471267638423
0.9886975717439294
0.990333133819273
0.5236634117612606
0.9116480844242172
0.9878459304335799
0.989843856487301
0.9860111764491033
0.6313472901424597
0.9603596065126498
0.9898723256825109
0.9775135354696176
0.9649899603562786
0.9955622202956957
0.9886082461598765
0.9566379693097835
0.9714051128185375
0.9785447346346655
0.9818453605583352
0.9880678057998517
0.976032035804723
0.9700343429907973
0.9909221927975643
0.9863276565123531
0.987915807287535
0.9877356662329393
0.8503780878457463
0.8519333096842852
0.9918979285867271
0.9880775854119888
0.9730366603911048
0.98043826852187
0.9616311256920238
0.9796072377717344
0.8468601024071567
0.984220460630676
0.9846500546315406
0.9924441076165215
0.9947702338507112
0.940666396627511
0.9892334412294304
0.8749405519351149
0.986149547631719
0.9943042840170522
0.9829303816934221
0.9617862059319351
0.9771218908656513
0.1411310391144531
0.949459929608803
0.9913620451029879
0.9688753105485799
0.8435267147569447
0.9452330007099472
0.9803282438382799
0.9899247113705842
0.8582948352651526
0.9759601906363892
0.9493511528125472
0.8631848172585069
0.8768383647503463
0.9885635747405142
0.9958017256355319
0.908368356983553
0.9784919531094775
0.9225161625688291
0.9947566086688318
0.6605993652129692
0.9808425680829108
0.9887056041341256
0.991150180791276
0.9931322281678776
0.9937961280506666
0.9807319845419413
0.865332522790567
0.9906803661990384
0.9900805527526466
0.9845700773654499
0.9935000904932193
0.9910482087571871
0.8688867296764126
0.9826767541073343
0.9909340158158989
0.9707250354596865
0.9274904446952675
0.9684492667837776
0.9889058951812171
0.9753609251151317
0.9866163286114108
0.9629796516716927
0.9748745658047087
0.9912381226793795
0.9782495896648489
0.9593688672008105
0.9639205837928336
0.9948490260977034
0.9649368334108928
0.13973893545459398
0.9933620821119339
0.9532351279711467
0.9828086145448995
0.9709441192682222
0.6678562893646941
0.7771337729960479
0.9940868929933107
0.9873025699636491
0.9536855468986905
0.9880927982035608
0.9915035254985866
0.995885231316726
0.9830505228482782
0.8616772780382161
0.8404039115646259
0.9893947157956238
0.9585824506074554
0.8457214202300792
0.9944406128189828
0.9846568765934897
0.9961334961334961
0.9772547871256875
0.9857881346319013
0.9853447140478214
0.9734553172881972
0.9346808368424571
0.9841750865342844
0.9908692909480086
0.9888777447433463
0.9776097869518774
0.9769201768849035
0.8602468396173119
0.979964264702678
0.97023860838913
0.9233515161238569
0.9762719260735799
0.9877308294209702
0.972496590546383
0.9621582102646585
0.9915142818832617
0.9890566000287788
0.9950351982215635
0.9830446369087276
0.8800695722770826
0.9845864843380742
0.9921433551912152
0.6060831522871343
0.9981728288907996
0.9592719032581399
0.9898592549087544
0.9894932173215694
0.8882174851417771
0.9290971859711902
0.9861327966020171
0.9965681698421572
0.9777211938213324
0.9860823556475731
0.9606972562640761
0.99161019105541
0.9750446142787149
0.9884611408976716
0.9967568219872385
0.9739558389836916
0.9832382528415277
0.993932252172799
0.988541970821293
0.9897730356212748
0.9885138754955534
0.9893117336635762
0.9394857885437286
0.9901007575200412
0.4807064942082334
0.9849552503955492
0.675845521023766
0.9917036456141693
0.9797986785164854
0.9830488762248132
0.9911722888750389
0.9880978803684386
0.9759056158344017
0.9887285906190529
0.9842423569882928
0.9687469417105996
0.9887080356548293
0.9890070555294829
0.9539488203850628
0.9637261121587917
0.9817233850323747
0.9812809107325924
0.731421287444232
0.9713036156976472
0.9773372229167907
0.8732157762114027
0.9726220421091858
0.9846474555487431
0.991687120186305
0.9903191801342665
0.987188946640651
0.9900949351915486
0.9917658573828743
0.9872847280176011
0.9905782795990407
0.8467193134895309
0.844709388971684
0.9932507125425142
0.9644397637715921
0.9855198450151508
0.9912921160158081
0.9830301149514463
0.992959381861172
0.9947502143678969
0.9866518847006652
0.9899503168416982
0.9763517896933969
0.9308558319026421
0.9895309914106203
0.9784540825585243
0.9959223137716495
0.982872465580651
0.9682797785127836
0.9928389786226036
0.9553171006597948
0.9809825107018061
0.9780032034169781
0.9927959275726529
0.9786976160286529
0.9714974105966353
0.9883849400832885
0.9919431945746713
0.9872144545096495
0.9894914342205704
0.9923273813897666
0.9710075284318437
0.9934464645014107
0.6173913316918703
0.9830547116355085
0.9836575723763933
0.9912046908315565
0.9807939865356623
0.993318239869964
0.9944378064356639
0.9833705544749418
0.6836073987800304
0.9864535302191835
0.9631149222500308
0.858642958399692
0.9934255464480874
0.9855517185435836
0.9898698233098588
0.9924794152275542
0.6555649608823907
0.9715227170059096
0.988410631813302
0.9831705610745768
0.9684435252518514
0.9446811983171334
0.9891531236022066
0.9907102867023785
0.9384836991282158
0.6542078623164731
0.9912937540274956
0.9811216033917903
0.8486402659129643
0.9923771074521688
0.992386277716235
0.9854234901741492
0.9932182490752158
0.9921724211880764
0.8032585831677476
0.9612513068790643
0.9890151507520986
0.9850431851695808
0.6108164739884393
0.9717328963539533
0.9436828814829203
0.6783244878726253
0.9766828969647111
0.9949437701905094
0.9700611846109491
0.9927393866917229
0.9913918504954392
0.6016005144329845
0.9736929799980308
0.9087320871904891
0.981708997244519
0.9674111060992283
0.9841262502504353
0.9515699403404426
0.9820615481237243
0.9798240535717483
0.9096305609429333
0.9833578704126958
0.7457381059274208
0.9966535784401214
0.9901284554884713
0.9445176088411857
0.9513766842413591
0.9881056583221489
0.6402844744134146
0.9743315816827395
0.9662856506734944
0.9702542838541065
0.8281043041995018
0.9893024618991794
0.98396235844052
0.9887412034075221
0.5294117647058824
0.5701236054436938
0.9728175521382565
0.9897398209932956
0.9618775916404048
0.9859896569182282
0.9865096359743041
0.9561298119645968
0.9877554747716538
0.6884769797142727
0.9868756363058616
0.6441837267847813
0.9628913468732816
0.9660896445131376
0.985359670613856
0.8658630961387975
0.9809462931320606
0.6584619076295491
0.983008873907959
0.9827491774295529
0.9555211641275073
0.9926654406482572
0.9730797930724452
0.9874595146544984
0.8621669383203225
0.9910793494332183
0.9832997658723895
0.9932204911776591
0.848689129124961
0.9380866842647285
0.984424064616263
0.9723731090473687
0.8295491992354841
0.9848843063415027
0.9845833347574793
0.9246393634320272
0.9961434631700733
0.9880698574474249
0.989547259546567
0.9953325326380955
0.9855744856845532
0.6813540785805422
0.9882264774685176
0.986848255237328
0.9757194203637987
0.9736554611336742
0.9862145533607809
0.9918874821632623
0.48576691279313533
0.9900542770479701
0.61569325434158
0.9846020097448897
0.6161389403833095
0.44129850216191535
0.8764075067024129
0.9518519722113898
0.9829098413517348
0.6039141719873747
0.9878034804113762
0.9764967184050807
0.9905665725591574
0.9807585136536053
0.8346269953306548
0.8576809785048674
0.9880390083421454
0.9860602537519106
0.9897334012226737
0.9727303702137159
0.9716242308066286
0.9729652175695341
0.9817276071567917
0.9892836328603541
0.9717034054910243
0.9843317828732596
0.9803092129668409
0.9872349741499806
0.9900610128126907
0.8501371092736364
0.9948483835167657
0.6611926150694857
0.9818076480498087
0.8465091383135775
0.9258141227359854
0.9819291974514672
0.6282123380757576
0.9852914291412521
0.9896682225305916
0.9779356074138645
0.9803713463133753
0.9936215304211847
0.9858675498563402
0.9521621455028382
0.9923114355231144
0.97356077616957
0.9857436700035662
0.644750609700302
0.952527122587953
0.9584271496165769
0.8552436824212374
0.11959555128320995
0.9935014276161463
0.8642234518489358
0.3147403685092127
0.9979201134483574
0.30218675156881836
0.9425920890728187
0.9681598171315262
0.14380853179746525
0.9929517986493156
0.9734789805872511
0.9755934470076897
0.9778620652212576
0.9889718779402711
0.9847458645011044
0.9856757566676656
0.9975694000255853
0.9742185108737452
0.9840127845419868
0.9842387890626418
0.9926974516408704
0.9788535742056641
0.9809006097113053
0.9884454442937038
0.9924505804698034
0.8483019457336666
0.9967136126164463
0.8621131271853958
0.8654914277849868
0.8893060649228625
0.994680765389943
0.9756996367180393
0.6819414415324617
0.9872025612565722
0.9926650617746546
0.969937689481927
0.8579756391796708
0.9486631065449573
0.986773141746702
0.9917345776507304
0.4007952567890242
0.9869508878307647
0.9952351730859473
0.9848191599410786
0.36862046805548115
0.9810260766198543
0.9430915664146636
0.9756744510459783
0.9910084950414946
0.8446234012316438
0.9864295623659982
0.9891739454668576
0.9836251747494271
0.8448738124380719
0.9664838485616605
0.9951129564679183
0.9870775453722923
0.9883857509475116
0.9809746397934538
0.9801862350255239
0.991541852560017
0.9950759789596727
0.9809312019735036
0.8511918274687855
0.9791178748378789
0.9922823490340671
0.9829604510283573
0.9770604539758382
0.5248484275465944
0.9281274648998264
0.9716984152393149
0.9860125406659007
0.9708715832903558
0.9902993077898021
0.9848307710294032
0.8583448666331153
0.9898053807188975
0.9934708805381347
0.9807121067301584
0.987638694732979
0.7021490214606849
0.9774513918030494
0.9461175254744244
0.9836863570582818
0.9844550347996023
0.4920997014324533
0.9951261514911297
0.9819393939393939
0.1620939220476173
0.9775373422509209
0.8472793127942372
0.9873871857105827
0.6687444579460737
0.9909959529682224
0.9862917343177335
0.9836406439425978
0.9132558327823282
0.984354148987504
0.979554233069154
0.9705162150450239
0.9198445532514493
0.6395306615521407
0.6082030835175656
1
0.9911552997632004
0.8564824690626828
0.9872208151047663
0.9904163006363959
0.9513030457096749
0.9722613139767424
0.9949501256377066
0.9899733025201862
0.9855619771461748
0.8253388530853581
0.9834520117076581
0.986160257173473
0.9665506093011689
0.9804243358418714
0.9935747370952067
0.9899703564617
0.9633149394749362
0.615525606000721
0.9899982901766868
0.9950518326131249
0.9964259121370067
0.9631577659808694
0.9761773709332672
0.9776277516221971
0.9885451190760925
0.9624185321620856
0.9870511461043663
0.9812343103631157
0.864253189666832
0.8460018746036111
0.9916603244027835
0.9891580009411902
0.8933854711586162
0.6925582279355864
0.991333317335765
0.989427289429056
0.6774724813895151
0.9744150500897195
0.9900283001614938
0.9792549318532029
0.990343269968583
0.983608466711211
0.9833560824894984
0.9857436908572753
0.9830049277154815
0.9893097156281243
0.9727547931382442
0.9848851379617672
0.9537199563435897
0.9908637171136113
0.9919601550608471
0.9478647360249217
0.6460133272058823
0.9801564803265677
0.9451009401101165
0.9931453089843546
0.4901338585549112
0.5295904757982507
0.9856178367732882
0.9457154117558741
0.9892797259096494
0.9655159902276716
0.9769854731485788
0.9182411342000603
0.9731560574028587
0.9779397281859366
0.8396236271270552
0.9913371880380868
0.5892421991084695
0.9911475700079672
0.9782846248634071
0.9873930997351229
0.9863382447575053
0.929993074854527
0.9949742608330233
0.5422173318004406
0.9856553096518135
0.9917047008744025
0.8526082257238751
0.672780040690303
0.927854726310615
0.16389501942411688
0.8662653644276128
0.9460420313332392
0.9873178607945237
0.9827186489005867
0.11362355959699261
0.8684865969036697
0.993199752022471
0.9019709097168431
0.9960387922001055
0.9961935834692768
0.6675815581106578
0.9744980600444495
0.9826923513556469
0.8627592698423371
0.9793930370323439
0.9838493406851102
0.9901364961893793
0.9878110784051378
0.9844374086702387
0.6228420397693655
0.9748824716591269
0.9756289847124152
0.9747644798149848
0.9897913382575254
0.991821500749723
0.9865641389586093
0.9797898675334001
0.9908439034448
0.9955934682973543
0.9684139445696698
0.986314284465589
0.9920018219084491
0.9934538552620368
0.9671476819158735
0.9769565695782706
0.9732274356577469
0.9738377426338385
0.8674194168421147
0.9873715124816447
0.9931762216904242
0.984965378668277
0.8326359168181926
0.9423086064757173
0.9921615917998191
0.9938263547343199
0.9894124413676825
0.9807210844250093
0.9762597318064165
0.9941567539270184
0.9823689815681614
0.9861517428801857
0.9870023419203747
0.9671457905544147
0.48458109197387683
0.9895459671588087
0.9902561962244767
0.9833450044094469
0.9979325612909951
0.9860452603494362
0.9838105547107893
0.9713653492244325
0.8359397970742053
0.9347195765411912
0.9836177416432648
0.9897364968562801
0.990018137871957
0.9927282763254996
0.9725911418487464
0.9693346124854382
0.9826427812313471
0.9917524661743302
0.9318904262429293
0.9855267095902815
0.956557652343668
0.9947197463015133
0.99533357732929
0.9844277972953908
0.9491956999713216
0.995064557682514
0.989801470393078
0.991959223243926
0.9092648706818081
0.9829394312791195
0.927883360032745
0.9820874439138698
0.9936698619725907
0.9945423209498276
0.981948882715584
0.9807326438133454
0.9898167459191902
0.9949218093156214
0.7305033509764208
0.6321988588944201
0.8734344803715135
0.9837506333758496
0.990131452692609
0.9806947260629592
0.9753104616008641
0.9631599395639974
0.9404805651650961
0.9945057686656946
0.9831781407418715
0.9915631591281932
0.9787887657079494
0.9917436539843694
0.9836884493832195
0.9835845756393792
0.9902470741222367
0.9779775651600132
0.969693595677785
0.6153159399367455
0.9745434524294426
0.9908970138927273
0.9937262326386055
0.9820461875690933
0.9595439875630823
0.9869395656809382
0.9873949014596085
0.45313194765663467
0.984758283613017
0.9917472050687541
0.8974680966603312
0.9928913599343393
0.9945914761664383
0.9743917372091785
0.9924241346778361
0.9755750401958196
0.7011867759254027
0.6683575721000603
0.9740189774425637
0.9800141461732264
0.9552242944746391
0.9808120670563696
0.40318230852211434
0.9816208931002709
0.8962444662676144
0.9808069469380726
0.9273558792602214
0.9922317224498122
0.9966742780296654
0.9691253951527924
0.9908719685192543
0.9540317427794208
0.9594366783447223
0.9810583504347516
0.9856513743264321
0.988582048759156
0.9516876797981696
0.9941002048115428
0.8962987704232169
0.9971749818499167
0.9897155032548279
0.9926026583634057
0.9702616645074175
0.9628629814455584
0.9445549233817462
0.654098234250906
0.9455523116763158
0.9717824487943157
0.9798854476242199
0.8420332229590755
0.9750292642053546
0.9764109347442681
0.6579583120413102
0.9819775289443167
0.9894189213431838
0.9728669433729519
0.9343504097795485
0.8738879719125484
0.9664758289195726
0.9838066642793525
0.9802212543615347
0.6580389817927216
0.9889475102097255
0.9739072578409448
0.9894809542247817
0.9916396510640909
0.6597512682352287
0.9965156794425087
0.9966504141396985
0.9863191424634491
0.8631177871864967
0.9910150217604942
0.9860987567489294
0.6549073208992238
0.9903915875382563
0.9929884808749926
0.9854215319137176
0.6442579799702887
0.9831212324179505
0.6893501259445843
0.688557481603533
0.9822474623261638
0.42579108760689616
0.9885265889267515
0.1597280550228998
0.9830883225298489
0.9611726615065513
0.9891410553923491
0.6403034594776614
0.9799188207647939
0.9746512341337166
0.9885243898842749
0.9863519414200076
0.9835102899655391
0.988290877593606
0.9513219826549594
0.9953220832322672
0.9707872604854312
0.6747962794343081
0.9893568110721396
0.9771216699455453
0.9624265242614007
0.9410798037592812
0.9602197007710029
0.9945581554901818
0.993714628972777
0.9934468581150265
0.9927185704178338
0.8771193204294508
0.9938644037312274
0.9507849208836684
0.9888678445229682
0.9910181248120946
0.9836095170869499
0.9429971291866028
0.9908742851027906
0.855593033721611
0.9777057892150618
0.9917979065867341
0.9637172088874021
0.9838525863982831
0.9781521585247227
0.992383410670125
0.9882957929509288
0.9846725672728507
0.7464061367480067
0.9878645147606718
0.5999978503176155
0.9925840736040609
0.9649158178483838
0.9779855834794468
0.9902451795023561
0.8552192238217746
0.9878417161324695
0.983416781669499
0.9840501687081893
0.9873173360499924
0.9893385195772899
0.9733823202409589
0.9392609629876222
0.9913747039454682
0.994624058976041
0.9818158948940297
0.9782608073084468
0.9098296482276397
0.6412858829941861
0.9915729057532
0.9915706236233273
0.9731376835505692
0.9719420793294191
0.9561615489512918
0.6698886336585624
0.3837718722946562
0.9941572930909165
0.8595865385151756
0.9839996604702487
0.970714505294922
0.8588062631819374
0.9920800415200969
0.9788764921428351
0.9465724641611504
0.9716109697742761
0.9978011476936428
0.9280890042597607
0.9762688564135042
0.9902485781214087
0.9874245133430046
0.9862396500418811
0.940693098633267
0.695184724758168
0.9906198918647051
0.9836659869410287
0.9913306903303104
0.8541780891461062
0.9818782217614218
0.9842704313418983
0.9961395226855494
0.9582014369873293
0.8746309486080299
0.9930624380574826
0.6418607983134511
0.9580853832949644
0.8192757098649212
0.9325538164217051
0.9756740984231337
0.988617182613464
0.9660361454743783
0.8533363638976191
0.984759320097129
0.985645363580603
0.9915767389204516
0.9887507623415791
0.9862254910655974
0.6001054355940659
0.8796702078027365
0.9942383761447179
0.9802847596573647
0.994578316105479
0.9810626502477555
0.9737021051200011
0.9901891478205278
0.8618595476112698
0.9710124336653585
0.9847022782584738
0.9898101898101898
0.9406443426895933
0.9792499196178402
0.9271886242933014
0.9925203032400763
0.9776890641334166
0.9477540728075061
0.9312011205789658
0.9774838883556429
0.979073756432247
0.949130028019073
0.9940828565140845
0.994553546354363
0.9614621357295191
0.9925401957646851
0.9854336989032901
0.11768446803621703
0.8464280032577389
0.9936998582369106
0.9518616915817439
0.9648537490293078
0.7128242927820775
0.884382315681318
0.9763935146213812
0.8614022756104186
0.9855360220613582
0.992180929352397
0.9913876459468799
0.8706591259347316
0.9955737472077679
0.9908656418962558
0.9928784188419076
0.9643286055700337
0.9894882783970979
0.9856197942790501
0.9627434631603573
0.9937202664129401
0.9553525758129339
0.9869120639995493
0.959816527558463
0.98912029200442
0.9757565712278928
0.9880745731679001
0.9928776181012078
0.9792154496900041
0.9899830285706994
0.8750967741935484
0.8560211301775897
0.8792370047352792
0.9950287400963181
0.9839346500493538
0.9786914010124783
0.6812900512839265
0.7056489559223745
0.9760708453711845
0.9903940575384287
0.9696782625513551
0.9823227344842801
0.6226892330751936
0.9742251253283496
0.33972135029461975
0.9746073858530532
0.9822698667194044
0.9746526461413626
0.8205966019492935
0.9806478779566835
0.9808233638282899
0.9639454762557054
0.99126209103658
0.9952443431221694
0.9956880495761421
0.9909158394041193
0.981557209454486
0.9897612173549384
0.9690391792794314
0.979198359307213
0.9902324319435651
0.8306652455908266
0.9493286889191562
0.981246603385786
0.6574798116463896
0.4439594102126624
0.9918002369699492
0.9902341653967505
0.9800877084573872
0.9916075734784996
0.9843750944932842
0.9891057561206947
0.9899960000797884
0.9865117891816921
0.9682012214566431
0.9663882489253541
0.9898372927882236
0.9835481131185186
0.9856202458440785
0.9949227678880654
0.9485645079083636
0.9424162504909938
0.9818378390665468
0.9932625993069577
0.9569795204128543
0.12007037842639305
0.8706049621347872
0.9690237666093809
0.9919656942470464
0.9826754997591304
0.9889853570040171
0.9739176958402068
0.9893601279266808
0.9769670055893939
0.9941162230859233
0.6937119121143388
0.988873859229501
0.8730474383965175
0.9918809470681934
0.9744821987938307
0.9876551040490607
0.9821014656027515
0.9814680909748261
0.9765553423151478
0.9736591479388601
0.995645002130162
0.9863682812180666
0.9680874941337305
0.9879226395094262
0.9835551092141602
0.9864413622561843
0.85181212527139
0.7068007877451385
0.9879259431168873
0.9881330489296313
0.985069922723134
0.8562100708003124
0.9613677548126165
0.9721585886556917
0.9945699078671354
0.9430397808344273
0.9866065097287483
0.9898814368359693
0.9917628262868954
0.9530781252806869
0.9792532006905629
0.6465017675449688
0.9696356395660637
0.9819003088691264
0.9700925585673014
0.9688612235935721
0.9934372832282776
0.9968578372789408
0.996799627593029
0.9876562345879071
0.9887099452100282
0.9786047019185519
0.9930530859641471
0.991806882546948
0.9884196115165677
0.9672126769556467
0.9540952400170852
0.9881314586511962
0.9866457825953057
0.8606705221627738
0.9910990009082652
0.9923510292524377
0.9880571647527021
0.9852476766218533
0.698857445285016
0.977847349820063
0.8558606402044647
0.8920132578503536
0.9945107809477511
0.9711216563200832
0.9833027448377681
0.9840303423495359
0.9759428828317244
0.9897248544354378
0.9887096318303586
0.9800909112487834
0.15147092440521198
0.9896844532969913
0.9838543756760445
0.9825007617003801
0.9779462542601282
0.8788802872626374
0.9870892990151452
0.9923914730687639
0.9808913899524465
0.9881934299047872
0.8680388742437487
0.9743301748080379
0.6203320774256845
0.9837748213651257
0.9917005047141022
0.9860212648999563
0.6845547743943582
0.9708122427740196
0.9917473525265952
0.9491503056515742
0.9888143176733781
0.6577809495823014
0.9797993870158819
0.9597775005393642
0.9892531666443681
0.9923786618673489
0.9849636027929285
0.9939365390813432
0.9702273213140454
0.8420473846235503
0.9852985033572399
0.9792844055014024
0.989708729815669
0.9761185725319658
0.9750081464375274
0.9738503571546134
0.9786895898411505
0.9905288578778034
0.9757085020242915
0.991997981179382
0.8708566601060915
0.980996479481838
0.9458987855080181
0.9887630203766703
0.9945081739678443
0.9838827541409548
0.8408030929504267
0.9939576709766432
0.8160200605601817
0.9545309438677759
0.9879748720741164
0.9859775178667898
0.9860605279272892
0.9802386939122428
0.9800002618195147
0.9777015413364787
0.8582765125068931
0.9689655595733856
0.9542791777004538
0.9945237833009043
0.635206077585119
0.9767322748225653
0.9777717200465726
0.9906992712348434
0.9344473061646152
0.9825688987435955
0.958193697966066
0.9865167791193182
0.993908741638334
0.9569869504427528
0.9760057167238455
0.9940624668531431
0.9273398027107226
0.9887623116174202
0.960923157618673
0.9902606000295471
0.9938901392555309
0.9845352392053414
0.9891694269967151
0.9785763171402624
0.984636160428652
0.9741702262956359
0.9866569533376788
0.9810104288742872
0.6357690733220455
0.947790195757371
0.860036294365673
