0.9839681405085265
0.9912716133675333
0.6488207007098695
0.969542428105964
0.9800821331834016
0.9774667326762381
0.9964259121370067
0.9840439421068338
0.9885631388954489
0.9907183255783861
0.8420614762595895
0.9767020289466888
0.9966210610471694
0.988549163055147
0.9365791969649068
0.9711276629825405
0.9797006070058593
0.6289424905631233
0.8111198322032557
0.9949367649993717
0.9922975194795911
0.979801667654303
0.9945055868782104
0.9705146308124176
0.9609384262203206
0.9836500104975856
0.9759507697646539
0.8580769998518986
0.9879308400427219
0.9969780336505778
0.9846175806846298
0.9890359883530448
0.9964143718856543
0.9797446347018716
0.8169355853399879
0.983546996080345
0.9939819356412746
0.959098475896392
0.9917801537814162
0.9901938567837048
0.4579458000510632
0.6678346743792255
0.1175661871232599
0.9924580211940576
0.981771365431653
0.9583179898615561
0.9932944498105357
0.9577108664336298
0.9863718369801545
0.8675625650715305
0.9899565515174864
0.9843374534152554
0.980658891631906
0.9871286303746934
0.9777498779382019
0.9644229852927162
0.9964888735437596
0.5586342625561612
0.9828282828282828
0.9839931113485919
0.9921427341809508
0.981269719245984
0.9912758801641065
0.9832864544781643
0.9904075977268502
0.8573334405729393
0.9571496962926902
0.8632424520770201
0.9797831268444648
0.9954228549667516
0.99169394372474
0.9732206028017546
0.9820386618161067
0.9954789413848716
0.9805283408523768
0.9758230452674898
0.9805451442476503
0.5680690996220205
0.9895727214667353
0.9851328406322541
0.8726506512478107
0.9908526800042794
0.9941219048767983
0.9734774066797642
0.9846995533948697
0.9087591683826831
0.9828406694152685
0.9956459297037038
0.9793141521909384
0.9768966252826485
0.9776995881597688
0.9914271757713914
0.995815725088968
0.9898096475679015
0.9876468405503027
0.8826825968962939
0.9741052700936734
0.9906164242084452
0.9587716448864346
0.9926649144779006
0.9789759420363804
0.991597546347093
0.9733976082461734
0.9880581959926144
0.9864679373143979
0.9764740172434867
0.9800114673303079
0.5824536832458166
0.9895452977627651
0.9880059102298725
0.9496343452037627
0.9727306887111493
0.9951619184566071
0.9681389373394099
0.9897643812831189
0.9698643744805077
0.9887415450338198
0.9905887064477373
0.9902359496210832
0.9913871531330175
0.9940459926251499
0.953298767816285
0.9911468582572825
0.992821207773113
0.9862618028268136
0.9830528449831181
0.9751641367638957
0.9414057089913987
0.8555660824253908
0.9795565394859732
0.985322338323096
0.9284383605240331
0.9663407588467308
0.9929779591624147
0.620531262447491
0.9947054887303944
0.9938596759200666
0.9908562739830173
0.9714433676111563
0.9846384892895804
0.987170969299231
0.8177080194095144
0.6003801970179459
0.9889807675428681
0.9852463857915934
0.9859339931945349
0.996618073643644
0.9918984591301504
0.9925702403894918
0.9899969662930561
0.9893397524071527
0.9920651762031072
0.9948808541365793
0.6637034907473256
0.13571085366504726
0.9812291108127811
0.9939508535914385
0.9941710820174605
0.9831789731878542
0.9891630814189464
0.28186063456315824
0.9907452607084593
0.9937637544014084
0.8023487710257586
0.9747528777440199
0.9811163546474442
0.957601398882502
0.956909891679562
0.9678464856560404
0.9680863151316599
0.983095631645114
0.9510476578392335
0.9217097587360437
0.9628413106328301
0.9898101898101898
0.9821067502062428
0.9761341866057963
0.991714434000346
0.9828131046046692
0.9854106077760115
0.9714208704655232
0.9898929157033313
0.9972626764151726
0.6170202101211003
0.9940347014729779
0.9972819626803634
0.9930915225722206
0.980412202502658
0.9866745364409422
0.9951789891916787
0.9959402769633272
0.9878418821182143
0.9917997059105387
0.4923797428163201
0.9771718212895935
0.9796838668764826
0.8556964223895388
0.9621960524133355
0.9871926639235165
0.9744129988393894
0.9657382597915356
0.9729607028094691
0.990075898295182
0.376856692390673
0.9067407290571715
0.9681568522124488
0.9918567648741419
0.8368091254680625
0.9787120212506221
0.9892020832505068
0.9845898878657061
0.9949375154883704
0.9908798323812058
0.5914014412250412
0.9897228620472117
0.9896902688874494
0.9912251322928528
0.9732309418967356
0.9910136618335162
0.9895856035368473
0.8533014417646668
0.9934379522081639
0.9849354327749141
0.11771873683251528
0.983714839707547
0.9961032421025706
0.9947165492016404
0.9899870322890082
0.9801943961006406
0.9774130354211892
0.9894036398126741
0.9629172756314911
0.9734487883535036
0.9966867028294971
0.9942366803278688
0.5064293742106666
0.9920951082940607
0.9748325000850253
0.9877907912231227
0.9937268493763307
0.9920843800296336
0.9873213334517046
0.9760846767463319
0.9559211440333963
0.9650817236255572
0.9868110353132481
0.6327545206104356
0.9621255055514052
0.9790781195499115
0.9546937759926065
0.9912013373967157
0.9927659460807009
0.9953320928727449
0.9932298620946054
0.9747395408805963
0.9948483835167657
0.9824901133895783
1
0.8294282803687232
0.9934876148389348
0.9856446846195916
0.9806071205292385
0.8239220675333362
0.9896587629786094
0.951642546615249
0.9838648377091433
0.9616611761628706
0.8825837797433661
0.9875222729141783
0.973427379227264
0.990104429846724
0.9815687531352767
0.975801971351825
0.9941204416779891
0.9607495683188496
0.9724428023479529
0.9656890940088515
0.9750380165925584
0.990515708358032
0.9915212217374058
0.945203879784708
0.981944088513521
0.9894185479098387
0.9882763520855973
0.9866519659817697
0.9566583953680727
0.9870477891916034
0.8471775095250351
0.9849982613879092
0.9877360451854457
0.9934700992535591
0.832256309545925
0.9845918755138029
0.8481181619964946
0.9858011124677791
0.9902612412735657
0.9866818009837306
0.9740449794795705
0.9918388249208472
0.9549992009386048
0.9902239117964473
0.9828387512769056
0.864800241242291
0.989727407009534
0.8553931505387816
0.9756058225867146
0.9715816811203383
0.960616756455508
0.15953257738724613
0.9887063608010881
0.9915163592140545
0.917616501568091
0.5578677398989899
0.988950516396008
0.9836222217975423
0.9884399437311838
0.9445757470252114
0.9254709254709255
0.8567837155087685
0.9890889683935878
0.9780116138335951
0.9887932611133052
0.7059952936769027
0.9872201924150805
0.4356437075535826
0.822670088930663
0.550860307370979
0.988496475291972
0.9762517055136032
0.9816485937625438
0.8514406139909411
0.643204247211697
0.9841768954580963
0.3783096395236162
0.9707929008238513
0.990455202771641
0.9816385336669955
0.9856094581988261
0.9861739167184101
0.9921879305109208
0.988223946774011
0.6537062739352816
0.9041225578793356
0.8403744353833262
0.9949095022624435
0.9399783271341127
0.9482605269342969
0.8331480834577154
0.9668016631038067
0.9799661482711338
0.9917090886553014
0.9714095252203541
0.9915222511128959
0.9827241494802765
0.989200398142004
0.9947423764458465
0.9933619392325883
0.969461315774536
0.6323843930635838
0.9819041901788931
0.9689965397923875
0.8458848156846728
0.9812430432089996
0.983476778174732
0.8878346535646244
0.9931479195410645
0.9880228537889417
0.9715417178751877
0.9873848761194834
0.9810749164251721
0.6813525901280814
0.9724432798958988
0.9973021157092595
0.9911322725100448
0.9909261886692843
0.9881876838769146
0.6645953529722272
0.9872107080674923
0.6361681963288108
0.9942935490295204
0.9509713824618816
0.9898542636989976
0.8293013820480933
0.9950070528177686
0.9745020615089498
0.6396626941298099
0.9906892853660915
0.623742748189968
0.9739600442786908
0.97506638600211
0.9888310408758557
0.9737823482879422
0.9731002141643896
0.9723694525870884
0.9859737024613251
0.8980325379702586
0.8541052259053911
0.9824201463577097
0.9897369293859826
0.8712600536193029
0.9915938370680828
0.8469421663782509
0.9942305364659683
0.9913918504954392
0.8543490990688963
0.9453774625631468
0.993564725676918
0.6008233707928372
0.9901122131472955
0.991124724785967
0.9923850350195097
0.979244122862209
0.9850353424492015
0.9904265947153544
0.15399122042439897
0.9820534511388915
0.9521771122083956
0.9904951738209213
0.9492010194587159
0.992489831376471
0.9858341538593262
0.8327955194540262
0.9821494159994123
0.9741179585622559
0.9809817920533244
0.982826468061021
0.9804392506702458
0.9889246872495111
0.987571419431991
0.974148497567136
0.9928336179555989
0.9839262809492344
0.9858086984857588
0.987720351470829
0.9876985031156197
0.9673395188757768
0.9846558622576641
0.9977625462853541
0.9774520405302575
0.9782662487627846
0.9745418877346292
0.8408864219685745
0.9845800379976141
0.9933724154159377
0.6611887560629527
0.9670438769250638
0.9666475253816355
0.9480302513158604
0.8532120886139779
0.9930016096297851
0.9655178083317919
0.6351137086529277
0.45761862011002447
0.982564470855512
0.8589281075932927
0.9937007295020941
0.9941110220572242
0.995980870980871
0.952046737248371
0.9917825421245691
0.9879358147419229
0.6649807041473281
0.9883126152382086
0.9827117207506438
0.5505033375095465
0.9898545855625143
0.9883144381013642
0.9777090505922857
0.9826076076076076
0.6643156517419201
0.9645684336954742
0.9921244741960288
0.9766017331713773
0.9836849108592064
0.9752707997234386
0.8360483355603323
0.9614263405528474
0.9959327023641974
0.988494158900824
0.9849756519137762
0.9811436488497883
0.9826235980260206
0.9942126461502365
0.9936070548790676
0.9796671376982258
0.38895738782934147
0.9836875104033734
0.6398278552473339
0.9685840669511336
0.9728345513358093
0.39684806844876563
0.9833907212423837
0.9884529090158861
0.9833007176904832
0.9941252485653687
0.9880263857191984
0.9924018629407851
0.8478469171669087
0.9913446276619197
0.6024599346690409
0.5641184960966305
0.9780326015824856
0.9848578548172938
0.9840634944127877
0.833308603443424
0.5406536978245584
0.9684941707583832
0.9505658849936657
0.9898483208010093
0.9852887786669394
0.9838987556618918
0.9839467685764907
0.9879138593194025
0.9926359958540908
0.9903326979027807
0.9916399582963278
0.9831126687435099
0.9687169755153681
0.9767665373728902
0.9928379510838107
0.9867086318042619
0.4591007190222192
0.9845924247239763
0.9892907893466982
0.9623240744298026
0.9868316363594433
0.9782303661549361
0.9870877788554802
0.9960021750951604
0.9380911899001012
0.990441513936909
0.9929424120831137
0.9850001704913561
0.9373989693143039
0.9939867505945726
0.9924642863571185
0.9820477259719104
0.9945117870778006
0.9510203863549539
0.9914829003516794
0.6100333153309084
0.9828334690261509
0.9760171861399708
0.9747799868842931
0.8679229575812616
0.9928456367383303
0.9674799064900368
0.9650940823561495
0.6409487502912372
0.9924700109331129
0.9937099619769105
0.9759365637589192
0.7445751710597647
0.9836689346151374
0.5830172749423658
0.9462112704793559
0.5819910846953937
0.9937181613843602
0.9657642951072416
0.9896015786812793
0.9515491244079434
0.9792189096312808
0.9817996385024282
0.48165184766407976
0.9696295945882019
0.8311545845141238
0.9900905947840033
0.9919550980028152
0.9803282774335969
0.9870488375877913
0.9864436744836116
0.9827009655611691
0.9876815130372851
0.9839535376359271
0.9822976959978379
0.9792867299004697
0.9772311540073302
0.9583809114231904
0.9834904037972071
0.5739651966421961
0.9901486549045831
0.9583954297069052
0.8431724960651232
0.9924245268144722
0.9899424161704795
0.9884046800092674
0.9887245814051939
0.996810839118583
0.9912024950065366
0.9908717505269415
0.9734673799422001
0.9977523926535906
0.15845944216751037
0.9049220784920117
0.9889209706465116
0.9889181761729227
0.9800652180246472
0.8614134468291353
0.9916453525547869
0.9853011663204985
0.6337588764868425
0.8536106352283486
0.928614769345575
0.990284694165179
0.837020561720654
0.6156758232163716
0.9890927339514687
0.9897117945795855
0.9869905595210684
0.9841004043972973
0.9874078454906259
0.9859678579995202
0.9897891416237755
0.9651959017659476
0.93887291185632
0.9526889833630221
0.9688904121612867
0.9891847774119962
0.9855679069388199
0.947180585296217
0.9889319137078234
0.974582314588427
0.9823726826503137
0.9728865427071038
0.9886717566248022
0.9903809709175468
0.6411161703819066
0.9711058855546437
0.9701096991419572
0.7040211613297047
0.9686954754120577
0.987519692792438
0.9837038952781976
0.9876409461487526
0.9761422915977973
0.9805315914153379
0.9862046622095648
0.9758339897086636
0.9917397255979686
0.9803820221188111
0.9902709031880356
0.8710601315333245
0.11700457211471851
0.992658686592455
0.972772229036466
0.8163584535615883
0.987165739426434
0.9866852010848086
0.9596888851718659
0.9780741039776957
0.9673483676666659
0.9859230313902566
0.9697901341913361
0.9877199968382795
0.5253633981146325
0.9815206172900182
0.9660364938921716
0.982505916614946
0.9795260148386182
0.9495360105116203
0.8245901639344262
0.9893771975583814
0.9900469782626006
0.991501198772764
0.9885789803618007
0.968896530019714
0.9814841414918548
0.9689901689384434
0.986902248251781
0.9958923272950841
0.9829250641404139
0.3823334309568926
0.9918357525545098
0.9224076372944291
0.44494834026710645
0.9733533814031371
0.9718176552319441
0.9871326634368753
0.9782958134490589
0.6478035274952907
0.986743655079443
0.995792702107581
0.9913241608973797
0.9947928180188146
0.8563021558000979
0.9882685018142014
0.9714619595301064
0.9871326391844616
0.9786620841649393
0.9843802604766546
0.9901037844637802
0.9930620884289746
0.9907674491773458
0.9940115599375403
0.9558077981739094
0.9916345377008273
0.9806961280569284
0.8935911039795716
0.9821960972714813
0.986002398542565
0.8523373360043539
0.9839902309113111
0.9863057938879785
0.9847639973145574
0.9912489379779099
0.9956429401849541
0.9905518296993429
0.872731182795699
0.9794295935605685
0.5423966703727354
0.9941629928822994
0.9690230171738046
0.9775324709244839
0.9741663649231377
0.11190047450457061
0.9803687751397145
0.8423569538371067
0.9862158706195817
0.9670882023371218
0.9769522081808771
0.9924383911082768
0.16359928784365685
0.9693530361870956
0.9884017835801828
0.898815931108719
0.5501458990536278
0.9860720568674285
0.6432288608796672
0.8495195929121452
0.9834479052049402
0.9701955211984002
0.9811455167173252
0.9829815197011044
0.8654042914991426
0.9847433255434208
0.9855841657589172
0.5105537424992105
0.9952526521165589
0.9904838325051399
0.9948883155770027
0.9685284512043227
0.9916057488914962
0.9672217002202677
0.8560086305122548
0.9806165847889374
0.9850854507363267
0.9865343085111408
0.9647338463065029
0.9847823421213979
0.9771639252897381
0.9937854091863283
0.9915809950113473
0.9775436215706216
0.6063261206743116
0.9876269982603683
0.6967455206774608
0.9908292835867691
0.9841756004812443
0.9604700874439503
0.6359310050114603
0.9808803862881202
0.9805756077979881
0.9340322725350217
0.9936369983863643
0.4431604686964899
0.9853303360386122
0.812466191427485
0.9621809042887395
0.9826071322936663
0.9675814664806817
0.9901200526339133
0.9898424803971579
0.997825252654471
0.9902121481759003
0.5806356872470957
0.9709663546090576
0.9827227466585771
0.9878593076965606
0.9871812766242539
0.9902835572669745
0.9917502885506871
0.982211489467018
0.9847875571532593
0.9797040092304058
0.9798512500968424
0.9917545325961168
0.9916934934323378
0.9735883987487427
0.9900486691797734
0.1587281613126659
0.9683340747444689
0.9704712176057917
0.9799223502945125
0.993636834918066
0.9930563549788081
0.7051928644811806
0.9799846750412149
0.9833013892300343
0.9923578783943003
0.9849472389262873
0.9859256749124591
0.7308007160967025
0.6324759190446986
0.993309612869872
0.96829030433787
0.9888161207336542
0.9914727996461743
0.8545481503447253
0.9870611293211232
0.9796915681954736
0.9825703960246951
0.9913014309565377
0.9562842487614747
0.9837544211991096
0.9863812002368487
0.9398262748098474
0.8650168198442724
0.3619209283109698
0.9928320115189447
0.9937341246809334
0.9949838228286223
0.9749401988680779
0.9462030476243717
0.9857025346044822
0.9645373752480658
0.9658770620539529
0.9880354627558207
0.9967123447092026
0.9912332823564937
0.9850641726925848
0.911345791359273
0.9962326400762198
0.9867151113854441
0.992555315103587
0.9825160514348991
0.8282427960982274
0.9838486521124914
0.9941625534288513
0.9671464513486631
0.9859696180331674
0.7301465901848311
0.9790603290454771
0.9779365583691082
0.9959703826465832
0.9921350465708536
0.14574974508727367
0.9852432921239749
0.9860035011079791
0.9946042586090262
0.9875930338056635
0.9665401787340039
0.9820725688387058
0.8574347332576617
0.9252770663547996
0.9931076765775845
0.9878206311127514
0.839480457545218
0.9775767346062685
0.9848617553497107
0.9351195166798004
0.9869063109954457
0.9678093949856114
0.9939666702048615
0.9859833798472843
0.9894691158850113
0.9396115394508323
0.9791328777524677
0.9887002101044869
0.983241461757321
0.4237528183172306
0.9733497090527521
0.9693424341173578
0.9836360860937261
0.9928820809769732
0.9847435920285778
0.9897812959033785
0.9902083161601055
0.9957344544846904
0.9856398665968413
0.9726106386045841
0.993176239822738
0.8520203381849802
0.9534416518404168
0.9851335350611762
0.9811014040858232
0.9806319789836367
0.9923873733945412
0.8565374347679486
0.9788721699712707
0.9913127843959002
0.9943558952534889
0.9868429614398563
0.9860947297279641
0.9905724892536147
0.9932195623366813
0.9469941883280698
0.9965216331080611
0.9691434548483322
0.9895154057900082
0.6589387552690305
0.8429953112432071
0.9631126913026391
0.9431973573019897
0.983245593698579
0.9530628995152245
0.9766846791453335
0.985912243201003
0.9819642992783897
0.98878700262575
0.8493492967319367
0.9826935237453439
0.9925936977798997
0.6720471097669364
0.8187857737230949
0.9740370465352298
0.8519294069754141
0.9892253390302805
0.9606304429443246
0.976158110977044
0.9926094077756387
0.9883856419284727
0.9559167324923602
0.9852588536354038
0.9245966264892114
0.9636978899829081
0.9819203487419839
0.9965156794425087
0.9897230447657203
0.8728788212700311
0.984597812316061
0.966291470309127
0.9529492962075278
0.9915584194606757
0.9904742182646511
0.989061456245825
0.9916439016551503
0.9762120525600363
0.9864301544039848
0.9932854474107161
0.9926197920453719
0.9892596018452511
0.9935680118887289
0.5281642088778687
0.9830611585331077
0.9653615368012087
0.9914489058848523
0.9892250033462723
0.9834995304744444
0.9817314836212017
0.44101215309269
0.9751961919464814
0.9859771742558197
0.9811489491892401
0.6522079745171765
0.9680708549375646
0.9855529055338899
0.9891588581390282
0.9746118825973914
0.8124207301434498
0.9843000450485095
0.9944442404885152
0.9895007918152839
0.8288713232920429
0.9414351916086244
0.9897805479360906
0.9831526635258673
0.858584535140177
0.9406553985472641
0.9885075158740443
0.9739695988174298
0.8310814894112974
0.9716120379589929
0.9886950603574882
0.9677195486112808
0.9796040108313896
0.9766872739399225
0.9853977509576559
0.9868025668031725
0.9888866999640759
0.46632132781919167
0.9695534570691605
0.5661964423913011
0.9838779832148485
0.5577720081920949
0.8485661069277655
0.4472392016480362
0.9914300978206805
0.6367308118529803
0.9891990291262136
0.9854017376553614
0.994869484887121
0.8367649207897719
0.9871445850866284
0.9932825977096164
0.6553798968201653
0.9900263641447631
0.9888270683493916
0.9826646976279619
0.9705444957392844
0.9850260149944693
0.9151756629294334
0.9740471727131855
0.8804090016118657
0.9928736031315109
0.9770457406630298
0.6620586640829556
0.9414595202987445
0.6821945155768253
0.977306953133671
0.8539695623088684
0.995461751140885
0.9869842701947182
0.959627198969784
0.9786914971820633
0.9888543026408274
0.9366148999140756
0.9952050723201902
0.8604249757013105
0.9895655624717197
0.9966554097934797
0.9934728813163106
0.9846460485464936
0.9863030704295291
0.9518926626060331
0.9896048993065107
0.9847518093585467
0.9895539703765137
0.8784369286882115
0.8355681632207735
0.9538424065278285
0.9621326169721118
0.9597622203960194
0.8656994538173793
0.5560805264054125
0.8473295205408151
0.9921095250185491
0.9922250193189307
0.98964754938083
0.987333264293735
0.9713708515234769
0.6899806557214424
0.9843313706446521
0.8314367469784493
0.9904546051103954
0.9847780916583009
0.947856433793335
0.9803712495720384
0.988115927561156
0.9864411091325362
0.9932554488207587
0.9948266960502015
0.9813198399559128
0.9653290738621171
0.8486031093483107
0.5384291318086163
0.995669015158447
0.9687348346813166
0.9908396901926502
0.9953442901894497
0.5671805205709488
0.9847664698661367
0.991640224816553
0.9902976112623807
0.41288414451833955
0.9546598535692495
0.9864110326269762
0.9820289904824023
0.851675937554368
0.9748948046980151
0.9978503869303526
0.9802347687015299
0.990789540927772
0.9804897523627585
0.990138850420941
0.9871772713046484
0.9827629306687277
0.9929054140699136
0.5923560716013546
0.9742106013577986
0.9877871696498174
0.9936969746850202
0.8411250160103069
0.8439638541983958
0.9871101501852146
0.9896513348230552
0.8519806830100388
0.9798686245651091
0.99003096541542
0.9757718059459336
0.9327705367288283
0.9386496383500288
0.9806046828824733
0.9895485051860891
0.8370844835408192
0.9767380029123514
0.9922579183889881
0.9860482119173286
0.54189155878928
0.9811674646985269
0.9747767839406276
0.9715047582033801
0.9766288217370477
0.9755046257359126
0.8596797073207675
0.992238314874115
0.5972620575996795
0.9944924011875397
0.98510414192629
0.9595680963222525
0.3884217854656456
0.9882549072821856
0.9948678900479707
0.9681556938822271
0.9834858448766383
0.9887301267860736
0.9244764706485307
0.955632943968479
0.9882821550892478
0.9817559205744208
0.9411615173817812
0.9736096538188604
0.9796129953345287
0.9887995961429613
0.992544623082346
0.9796133689253778
0.9771377188299099
0.990134127653713
0.9829511591971242
0.9822690123285773
0.9586098693043815
0.9933512554249468
0.8928823149124812
0.9561615489512918
0.9772434689666476
0.9909646990616058
0.9881148849181285
0.9773953501246779
0.971972554133916
0.9883293458598355
0.9758332676098621
0.9967468769500156
0.9903137432281012
0.9749970983454953
0.9441718582884918
0.986744951516769
0.9883664586414028
0.9061200492199875
0.9838427296939897
0.990729287180533
0.990363723777032
0.9605394124257505
0.9515197072299075
0.9922678190286934
0.9292790660987538
0.9779637604356641
0.985721785913389
0.9691327880193709
0.9822144902239983
0.9841652972754286
0.5879537719795802
0.9914795337151417
0.985496358073584
0.9966029428679187
0.9940254732096787
0.9887100390082052
0.9477794118042431
0.9944728020336443
0.9571909130835573
0.9615161918215491
0.9868250246470628
0.9943494758576003
0.9955277594140336
0.9704053837526038
0.8687339494273961
0.9865257844481703
0.6439075809417247
0.9810457748985548
0.8910064434771174
0.9728286794114409
0.9873641301868649
0.9896858983901495
0.9787787697967607
0.9924542017239789
0.9518557957602296
0.1466235265844895
0.9719147359708502
0.9813195992162931
0.9621949969243387
0.6637205650735241
0.7875385304064692
0.9452352217998895
0.9756252137872597
0.9886903338230771
0.9827094405006659
0.936474556386567
0.5975562132063843
0.9525779743468196
0.9849651046859422
0.9723944884845142
0.9887040772915037
0.9928284096907479
0.39108118316242835
0.9893028667000912
0.9728901996370236
0.9885095655190996
0.9766708614887971
0.9893315983789673
0.980512067587198
0.9936829609530674
0.9628015791782424
0.9803824626019432
0.9727634047761555
0.984249695889024
0.9868280339796259
0.9303392637384342
0.9874422260650841
0.5579030294349352
0.9483031190636991
0.8531965542944082
0.9965520303839261
0.9877715569043367
0.9792188044476827
0.9646054583951584
0.9826454870917279
0.988817713290971
0.9927031336185487
0.9803500708942453
0.9648431995092472
0.9710421819051395
0.9964678599765341
0.994141089826526
0.9798717216431053
0.982049522575549
0.9537585764312538
0.9834658153305219
0.605835675102828
0.9877751423335274
0.989223040396394
0.4181908872427169
0.9434915024222437
0.9765160168029476
0.11537843520737497
0.9892790449849016
0.9762756651975582
0.9714748926474455
0.9457876469196183
0.9931392766497462
0.9895348905229044
0.9878378281012458
0.9950410425657951
0.9458944796734355
0.964310965774763
0.9858326980684368
0.9369752808829622
0.9840386954241657
0.9764459716276659
0.9792115859202494
0.9916803374736348
0.9843899583695753
0.9845245323190603
0.9911897428550963
0.9927037150282831
0.8443083493906405
0.9730596536241181
0.9820739047317436
0.9888588843295177
0.9956541860911379
0.9901170135388621
0.9893439201998326
0.9921512055763331
0.9773822674202608
0.9845805261023363
0.5297219669117647
0.9912458740799968
0.9883346110565651
0.9897089382394934
0.9809026274781404
0.9879021772909756
0.9724031237551761
0.9796592072865142
0.9864321894239054
0.9860576697173944
0.9841785458979858
0.979705222046118
0.9723741621997682
0.5896855583407656
0.9653485151561779
0.9820827507638134
0.8654086461767521
0.9925351022418768
0.9892947993216507
0.9842730661696178
0.9954606881735334
0.9281585874482184
0.9952351730859473
0.9821265558847088
0.9935031503591655
0.9930635036243194
0.9866634496486413
0.9896573671369471
0.9929567429488262
0.9894098261619799
0.9948789986317008
0.9932943395020296
0.992486534857413
0.9920982065213159
0.9515468641649556
0.8526238307918955
0.9704763952593894
0.969169179337763
0.9865997706582781
0.9885539326505337
0.987849051496877
0.839978368041132
0.9826824527301643
0.9552285119021233
0.9845785465626651
0.9913266683895247
0.9864218282623339
0.9976801900687224
0.8688941055407274
0.9928414916927266
0.9911048199564243
0.9889528513749917
0.9903043392436224
0.9761127161579366
0.8440621578253162
0.9802052159042326
0.9868432116297321
0.9880476744760887
0.9878809803744234
0.8338644259923412
0.9788002445787248
0.973410503530102
0.9819101025655926
0.9882513654688367
0.9468138475956229
0.9929013191969046
0.9879249285822524
0.6621234582115975
0.9825200622118577
0.9892528050881599
0.9584400457406392
0.9918481610361535
0.9919783295170536
0.9826538544933392
0.9700945504555613
0.9918305982532282
0.6990582118664621
0.9759149471596114
0.9755958055290753
0.9937373365260638
0.9835192191698195
0.6874897112210506
0.9537975803128502
0.9855465263973029
0.6653177095916888
0.9862742873810951
0.9679664312762256
0.9828624778935839
0.9946032923957487
0.9848078971838878
0.5865216765980727
0.9824676198737698
0.5508757239550625
0.9472609276088516
0.9836629406706793
0.9822860647230871
0.9559820180208172
0.9892377323671421
0.9706509979851716
0.9964015517211114
0.6917012538063915
0.9758927548574381
0.9919369000968374
0.9830654834053463
0.7685799190208258
0.9934835896036684
0.9897332192579917
0.9874120302748639
0.9889327700972024
0.40823914217352575
0.9738273672757987
0.9854061839883889
0.9818072340215142
0.840078574918412
0.9726320771806394
0.9848323062505324
0.9830675236886899
0.9920475718865929
0.9743067887809194
0.9832454812540482
0.9608662927148813
0.9831564259729905
0.9885418375237247
0.9858839022260406
0.814972563771743
0.993307958028876
0.8474482196946455
0.986218253026347
0.6791757750710141
0.9627516696430756
0.9638472975519863
0.9852744310575636
0.9811628184238763
0.992898459002399
0.9497501928133336
0.9788305350707277
0.8607862283018926
0.9437490779695136
0.9758183689238801
0.9668061142397426
0.9736993750734303
0.9604172644469159
0.9591706233114319
0.9945658030449976
0.8249404761904762
0.8149848856897178
0.9659304973265763
0.9754705687268962
0.9057735844583783
0.9899694243417435
0.9860551378211357
0.9592131921947625
0.9917495618001362
0.9529787193140967
0.9861335576151368
0.989506635382341
0.9893987943726934
0.984574473233384
0.9731057393271134
0.33461369018117737
0.9683600240393113
0.9851657694397211
0.9729715987383243
0.983763108159014
0.9942142796778198
0.9227096660366817
0.8666855709940896
0.9685956753128446
0.49964839918215875
0.970718038776426
0.9481081361157528
0.9681514569014397
0.9878425461067221
0.9951855639976622
0.9914403633877112
0.9887329731290572
0.945791974254993
0.9852414193542796
0.9943465308534424
0.982987273945077
0.8307468667740542
0.9691119029671761
0.9683872464181847
0.9970315944158706
0.8309618810592969
0.9762705315598231
0.994554640629957
0.9890124440211252
0.9824672136895996
0.9645027512950235
0.9798206675506832
0.9888741721854305
0.9886792107059573
0.9764889325148765
0.9952443457004686
0.5456567218755433
0.9852868279268487
0.9901592519510372
0.9927320779649819
0.986576226610041
0.9925776790637353
0.9886251236399605
0.41695257810427744
0.9373971637921851
0.9661573231393108
0.980859191104172
0.6148670133929774
0.9768595191730213
0.9853965884393318
0.9852475233825889
0.9950660142689227
0.9397210799564248
0.9829287094026323
0.9872943934130916
0.9957359050916648
0.984672766861601
0.9832520416064628
0.980684352654204
0.964773700993734
0.9958386347775972
0.9899747512253082
0.9862443854634545
0.8509639636930951
0.9745264872106909
0.8913936935557937
0.9913575581749698
0.9852872383769183
0.8231783840086221
0.9915992189951957
0.9817113947605618
0.5572316699704805
0.9625674957953438
0.9946896281127218
0.989791932020185
0.976940996854394
0.9945954548770217
0.8712653955983732
0.9845411634597662
0.9819300294207824
0.13920945763017778
0.846337257150654
0.9784514451754316
0.6127250924897631
0.917296153226958
0.9845356148419018
0.9821584782573022
0.9931335995275493
0.977616712854402
0.9873884976525822
0.9376535084125797
0.9495842399751321
0.9019536903039074
0.6878296187031462
0.9487629199516406
0.9907254017581832
0.8403452093580412
0.9962299435067283
0.9926737921065312
0.9736358965667479
0.9901838035790617
0.9685625314419763
0.9893063208067135
0.9880398988972787
0.9894778495242549
0.982663044588329
0.991912631760133
0.993942453306411
0.9881280685982988
0.9729591096056134
0.9377035497884553
0.9297252625909238
0.9829656270689069
0.9732965841315742
0.7070341340075853
0.986296146293341
0.9887671105099923
0.9653692056248877
0.5465654079953065
0.9942926633107397
0.993388453102871
0.9846599594078926
0.984866895496236
0.9932968765726171
0.9870420142321993
0.9474034059060177
0.9825994879413346
0.9850861933930765
0.9471013044347305
0.9863710782419282
0.8277094947782523
0.9912603469619438
0.9801305009076191
0.9568640834309502
0.9804527440048364
0.9942509893025703
0.9793758789640336
0.6224415062429901
0.9815163725881204
0.9912908925338587
0.993246298962602
0.878560842610191
0.8557702589169786
0.9959935164789493
0.9876094981201795
0.988531555391005
0.9826511024459913
0.8496533809668692
0.9953221517788813
0.9819929272372546
0.11638934470937479
0.6533162196144174
0.9897951118410075
0.8694676710682172
0.9827799275388174
0.9719558377870833
0.9863589273986921
0.9269305932627907
0.9724624918284321
0.98710643722116
0.9821367577706003
0.8616592985015284
0.9880446784216338
0.9912960911536636
0.9799773526119769
0.9364817238948746
0.9729949789659383
0.9859295853917829
0.6446413171706625
0.9673340358271865
0.4776759500821311
0.5189640243595309
0.969807416915318
0.5629603162711356
0.9765227133835812
0.9907064474498095
0.9905458638154192
0.9863123993558777
0.8604205483098216
0.9936895841784213
0.9942763220699874
0.996028950568001
0.9855487820969572
0.9945448284611341
0.9811635042071027
0.9876400481637228
0.9738744026159135
0.9897147694664433
0.9209432775389881
0.9793913494995553
0.9495506317285028
0.43980618710398806
0.4479228790400826
0.9879305489444526
0.9914857552643588
0.9846862828091635
0.841600044261252
0.9084945264600391
0.6062063192057778
0.9936712486337733
0.9838749860398787
0.5292826910884949
0.9737573100546426
0.9914806177754768
0.9630270695473597
0.996527550285003
0.9964239385758862
0.9894285307690743
0.9514357208334365
0.936377768712583
0.9858268038845814
0.6771897515861921
0.9923780487804879
0.980545817006943
0.6498007918014899
0.6483767344328609
0.974696340738694
0.931396030532552
0.9199861024430104
0.9922159932985373
0.9728934171895033
0.9914901029215378
0.9890246662140756
0.9783070631048819
0.9641709169030946
0.6284679101508337
0.9739535432473658
0.6389459980211425
0.9860772769627404
0.9878859296723699
0.9890704876651889
0.9901551301690158
0.9944572454959449
0.9754706831629909
0.9907179680623664
0.9891268376756266
0.9901280393298914
0.9911239355779635
0.973136164629058
0.9714282799844952
0.9721410745032792
0.9814909748266465
0.9878972024864527
0.8616751104813298
0.9949177744734681
0.9828546174073259
0.9960520796274565
0.9916459296125133
0.9397473745341915
0.9823741603156911
0.9802494721707705
0.9871633411729004
0.9952909315062956
0.9427435640757093
0.9806094851733796
0.9731414830332719
0.9936410785489223
0.9856506120276743
0.978126208170454
0.9897823829009773
0.9897755627835895
0.8596946082058381
0.9884224335847819
0.9591918441156413
0.9901857512531154
0.9735220205253479
0.8626946005716734
0.9809987260458354
0.9914423118102144
0.9245614405215244
0.4278767540179967
0.9496965825614819
0.9931269338990033
0.9760447232092625
0.13845435992666294
0.9269789076910738
0.991498519788096
0.8198023672494299
0.9837845671889719
0.9875737036424753
0.9850727965172129
0.9714953148376598
0.9875953587847964
0.8510728444753806
0.977086653313645
0.9831497934766192
0.9904887060750885
0.9889295793053451
0.9784649727529381
0.9747600794494267
0.9775481819988079
0.9720498944033791
0.9913814484126984
0.4001536877601874
0.9876083989963463
0.6511877717791313
0.979931841736632
0.9902031361225171
0.9896022602954746
0.9823268745064512
0.9934379522081639
0.8407127190903287
0.9917020709498624
0.8458411298226856
0.9879571440436311
0.9887825223435949
0.6067911510459496
0.944647977893255
0.948647977005997
0.9321207217230548
0.9858626196111727
0.6181916663874649
0.8033289813992047
0.9930783378734442
0.9813186493989352
0.9700088423777792
0.9677481784813383
0.9776707195840024
0.9836290651327113
0.9877042699506705
0.9906346028920933
0.9888905092070899
0.8347186272759729
0.8518975031662747
0.9629604481412324
0.97396844201346
0.9356567117107025
0.9893178355891487
0.9940817489856822
0.9761825158013724
0.9832495164410058
0.9782753331238796
0.8494065455111491
0.9793803620497976
0.9478873239436619
0.9509313823867472
0.9917633297592358
0.9678045319307337
0.9948892262762429
0.9829679420889349
0.9967874353025165
0.9836843479212807
0.8203843688565975
0.8385926815745703
0.9770920013825328
0.9864332482521363
0.9832788775706324
0.9876290349008684
0.9891184207144142
0.9785950552222907
0.9266501872292519
0.9847368508627431
0.9686235463817511
0.9421880552905748
0.9883933422235393
0.9911595062260795
0.9596279473769929
0.9921199198371103
0.9836674763059383
0.9720714553979235
0.9921344943297328
0.9839503166098392
0.9768775839185554
0.9739925270486555
0.9937789933767731
0.7202548745465538
0.9723373747125131
0.8120159073506216
0.9743128769279037
0.9830809764149446
0.6181804116995635
0.9952202782462057
0.9927821941845514
0.8677565787929294
0.9544846675582092
0.9933018980084519
0.9381629800180906
0.9864121176905826
0.9417209714890833
0.9858090422680305
0.5617007303804545
0.9921263322511007
0.9881906825568797
0.979940183721427
0.9720225117603878
0.989297499342957
0.9583206360639388
0.9864427149359429
0.8776899645379322
0.9898767047063073
0.8485258204776938
0.9879545872436158
0.9885341713749263
0.9972592643773464
0.6244300575286128
0.9352518427518427
0.9899275185988206
0.9867763039236583
0.9942847584264964
0.8607400877343945
0.9891561349554197
0.9898345296258318
0.5648419962010015
0.9898426258767378
0.14381877357028466
0.970679540939394
0.9838366115857666
0.9922204509223411
0.9619245367468013
0.983721342948873
0.8553964363300917
0.9917572281663755
0.9874372151427774
0.9883758394667687
0.9798987144526685
0.9913334874046683
0.9914473817611734
0.9887349133325085
0.910335844064685
0.6146393438911466
0.842529048039682
0.9824116818911044
0.6444167888054638
0.8264144758925998
0.9834068005402437
0.9434497300638031
0.9939639899468502
0.9692999968504481
0.9891460159820064
0.9796676311118675
0.9944946804087131
0.9884668029808878
0.9606944961503806
0.9883560492512852
0.980477099915778
0.6266181046033656
0.9853030671127864
0.9952617790777252
0.9877186181068093
0.9322051215366468
0.9312489633438381
0.4982021738648352
0.9909158394041193
0.9956788848391159
0.9776423007860915
0.6922983617245484
0.9833652450148168
0.9559263241874502
0.9844469794229523
0.8388691225573376
0.9824450366422385
0.989593433993628
0.8103393893515014
0.9733644572104689
0.9413535470767446
0.5283560486626383
0.9888139502501062
0.9948003521454631
0.8530741882884131
0.8090917069883721
0.832109051055329
0.6784820519557293
0.9889825016202204
0.9747129503912351
0.9900554708190104
0.9909418965404119
0.8423828850167079
0.9832743411520898
0.7040098889635166
0.36101218179610667
0.993011032172356
0.9869718941586461
0.9842428064169838
0.9942495643027692
0.8541880524664955
0.9822094177775608
0.8467831694901959
0.9924676751078565
0.9825622878868062
0.9587565065381038
0.8513617542618289
0.9806325026229374
0.9847542322770727
0.9807022616697887
0.9863819063417124
0.9778919965289367
0.9932138197468526
0.9793094203121497
0.6810142782102097
0.9240333707684903
0.9887225666931355
0.9512914540816326
0.9341757345728908
0.9796367744344346
0.9897480211537797
0.9794118068936499
0.9925530880995189
0.8798477974535344
0.29426270867238524
0.9762431490274562
0.8627127304170106
0.978896369566624
0.9901500077614552
0.9812929292929293
0.986512204963894
0.977803600302582
0.9944049423009674
0.9653629863817649
0.9889714148376143
0.9889559136880646
0.9979547239181646
0.5553191606634
0.9672613105114947
0.9939384945549188
0.9231162845805008
0.6347921315669129
0.9874358927225603
0.9900316527586364
0.9940946257600112
0.9911300639658849
0.9901848494895433
0.9906171225842592
0.9937467516932443
0.8476944471819804
0.9434657558871112
0.9784300460229802
0.9901939359882896
0.9873210520474975
0.618181472503446
0.9555468135326515
0.9712952213244403
0.5345093427414086
0.7995383863434767
0.9958862811982032
0.5586744262017398
0.9974925425226179
0.9898654114878283
0.9782852126114363
0.9693880658528118
0.9703231755878777
0.9885699363960233
0.9798730707452872
0.9900403571799006
0.9957334063090855
0.9915480652231382
0.9938157684595319
0.9740851168109786
0.9657251257517926
0.9849615300330191
0.9823269581056466
0.9861315760105772
0.9743534943363966
0.890996640537514
0.9836082498654471
0.9738684066225226
0.9284865841157232
0.9590335847344436
0.9829547630903589
0.9921992764546277
0.9698770932470211
0.9905253362659674
0.9927084434111804
0.9883588733567117
0.9667607268861871
0.8791647035067645
0.9884385523095257
0.9720918334374529
0.6486553658274824
0.9871194379391101
0.9494940007983282
0.9926836535384411
0.8608367010926508
0.9925935451091209
0.9916951459975664
0.9910741804642905
0.9790195812482599
0.9915816960954986
0.9846006596344404
0.6306323847021962
0.9364665015998387
0.9352496056820491
0.9537281218555136
0.9733102703886851
0.9896329675526071
0.9569800942902043
0.9927729439157925
0.9750980901404358
0.982184514733289
0.8566827111547586
0.9882530223637795
0.9836779989249829
0.9682185743041577
0.981159567214705
0.957851800328035
0.9894066883449627
0.9921364543398375
0.9936678814791011
0.9899744693686285
0.8454015956376753
0.9835734913967202
0.9304176718005814
0.9938865134397953
0.9889593645706184
0.951794704032859
0.9927450926711747
0.9859381277621535
0.9679883666497345
0.5670553336197677
0.9765433985330073
0.9857198324697974
0.952235204781501
0.9933267574143486
0.5640902857889123
0.9464078273243107
0.9917767922804359
0.9786819298178728
0.988569626051932
0.9685841989239277
0.9799124509796217
0.98756978543082
0.6842715109643317
0.987456534238699
0.9446203836574464
0.9868902700340966
0.9888628266559529
0.662439399769142
0.98984701280613
0.9993821380326661
0.9796420696374545
0.9927458742411953
0.808067800758068
0.9747761647614372
0.9734098888663204
0.9920610436276392
0.9838946581802253
0.9772944856671679
0.9876126479731215
0.9679161617831199
0.9853680066924305
0.9822472825036221
0.9945170178059847
0.9504508041836199
0.9621058631957808
0.6266629427103555
0.9853124124880135
0.9829860142646532
0.9561221922320325
0.9827234367491492
0.9966623429224751
0.9490280498170665
0.988138213917186
0.9818538320078918
0.9865232951780178
0.9812190390982792
0.9726790899233374
0.9894237153831198
0.9908107345327625
0.9794372711505107
0.978885183015552
0.9795311548252393
0.8426091986068517
0.9889189470398502
0.9961223404121211
0.9286197868898931
0.9809585248372541
0.9554650481453376
0.9893841601871602
0.9914780822123244
0.9733819406276741
0.9520076458703831
0.9752441522557287
0.9688829738243042
0.9839649149971992
0.9610513843082292
0.9748731111411313
0.9840886359330789
0.8432605423926428
0.6315879306955517
0.9791645283793493
0.9645530934425445
0.955460045088149
0.6634306278626497
0.9948481801019778
0.9774352196289064
0.9753079675507361
0.9835868509871006
0.9799881356813268
0.9844270104948789
0.9852680457190075
0.9866544560512845
0.9891369766759267
0.9949032758165407
0.11089491082115133
0.8577875331323273
0.9919665747826589
0.3099036850921273
0.987226829301324
0.9833578704126958
0.965399444095759
0.9660010783608914
0.9690355300199072
0.9798807858013504
0.9837945277553234
0.977401102313685
0.9858562142515049
0.9780110336750714
0.9932799013563501
0.9909371038944009
0.9906242521222132
0.9850723902061731
0.9922879908935686
0.9944263780355611
0.8527479831615165
0.5454030286176029
0.9579209821679987
0.9788175994771546
0.2767298865506192
0.9933253788116663
0.9899297622069899
0.8476486133105126
0.9892633019881858
0.7138033593801966
0.9669143639624621
0.9907213078537501
0.6093588659700733
0.6354469476744186
0.9625579363551554
0.9964948164799317
0.982109534986927
0.9790931866926593
0.9946575775176025
0.7073689154180617
0.9862021886183571
0.9700447468901459
0.9771268911609573
0.9956049478019277
0.994893057949312
0.9907405973708251
0.993621765634276
0.9938774872707963
0.995873854090418
0.9949592223318701
0.9740884918841889
0.9843564644975485
0.9749826018094119
0.9764378566151621
0.9876094240485336
0.9932879433137125
0.9610537918433413
0.9481951133667698
0.44878471969513917
0.983412307748892
0.9933843655527412
0.9875902553797931
0.5663764384216184
0.9927884137068463
0.9713712438587521
0.973859340893361
0.6638399354691638
0.9753561517721022
0.9882529752920699
0.9868423112038607
0.9902148028576452
0.6859105953328585
0.9754663569717645
0.637557592742127
0.9946074941814789
0.9780847660797501
0.9671339871432019
0.9978953325027177
0.9693015243605161
0.9120110111055636
0.9883676746052984
0.9886958591147073
0.15420662598081952
0.5294117647058824
0.992095992582523
0.9808723216307318
0.992773553663624
0.9844566575068698
0.8756633370890813
0.9769403266456311
0.9871409731906987
0.9839100582807742
0.9903927055896986
0.9832621106739176
0.9668817510962177
0.9754554655870445
0.9847617543721132
0.983879884613911
0.9857451666391757
0.9852925194230988
0.5562698951365078
0.9897029671185162
0.9889645421513151
0.9035390917249407
0.9874359046998499
0.8486505742003723
0.9737208003058065
0.9821262477376036
0.9952472430229321
0.9435174527489413
0.7307645162918472
0.8978753585235066
0.9902037484268172
0.9887076010298892
0.990959068848516
0.9749183395830312
0.9821602945611893
0.1488590978048856
0.967150979153506
0.9627573986655686
0.9801979268494472
0.9769621643186019
0.9879291033320418
0.9879991611064074
0.9940354524950663
0.9885659903308082
0.9435033181976947
0.9823785323235712
0.988959163703191
0.9809316593096169
0.6717212501869299
0.9813770491803279
0.9942656417508725
0.9841338638478462
0.9873946378398971
0.9609197146759751
0.9925985203034922
0.9734803312456739
0.9553941296725227
0.9904514508371037
0.9941314446450005
0.9902751907663488
0.9812447585959028
0.9491881550421274
0.9549493936561289
0.8562431224442664
0.9937731369708676
0.9933578619565621
0.9908030340068091
0.9864018568800911
0.9829863362389838
0.9902815996256237
0.9721119165178415
0.8683986084614521
0.9940209582626353
0.9934028127258919
0.9725938643947002
0.9917587558913185
0.6035193050809567
0.6472311999557676
0.9846329211973265
0.985358270812302
0.9820939818631492
0.9950838467065136
0.63896339127103
0.5537157048162226
0.9912870561341858
0.9959175401007586
0.9520601445030268
0.9430968552023287
0.596339041009781
0.9730490342214769
0.9754602349668777
0.9839181572090953
0.9878011891595535
0.9737589259164212
0.9949742978184871
1
0.9803424909614427
0.925888442298239
0.9918002369699492
0.9935649935649936
0.9796903354725648
0.9934742060610412
0.9829740197861538
0.5511336460866822
0.9688981868898187
0.9707908607979663
0.9893489916760198
0.9863269436837718
0.9211419005242522
0.9899024734982332
0.9722433135240414
0.9853059440087651
0.976816676407559
0.9688317985510998
0.9438354066985646
0.9754732427491614
0.6594089784418306
0.9879359541093157
0.6353909925312816
0.9838574217684849
0.9948050148922907
0.9805890071500796
0.9785897867392834
0.9723723155912063
0.9900246020338399
0.8605049614358585
0.9907640895538403
0.9882042600102366
0.9940742608586017
0.8534094115865619
0.9453682155994295
0.9843036757024868
0.8537303325582761
0.9807702039370477
0.9846327672773418
0.9903729039793109
0.9734334619864858
0.9513730402466949
0.990811360275998
0.9879965794174026
0.9954075774971297
0.9729314136803001
0.992145178764897
0.9833556592665335
0.9919194856721472
0.991057998378349
0.9791394015734582
0.9476346490818998
0.9852646805496784
0.9030491427308271
0.8556927424607511
0.9912774136090683
0.9862519141768992
0.8783140265924717
0.993324045048183
0.9885829791761155
0.975920003275571
0.9653602491141415
0.9764153462054369
0.9876497144374636
0.958886377067172
0.9940260696928591
0.9863382189608572
0.9885198527374213
0.9494328770816439
0.9849679421072824
0.9782969623716612
0.9871458442237323
0.9202439092717273
0.9889611944196575
0.994120709623265
0.990549969974821
0.8570778571748243
0.9880918810950534
0.9641731066460587
0.9845356148419018
0.9837309970589454
0.986521532238877
0.9908602536778499
0.9910616632095041
0.9903509201852624
0.9890737156716235
0.9911508629096383
0.9874286034270355
0.7379308065955127
0.9865647737294143
0.9739896831980839
0.9958428119904174
0.987347039056556
0.9647475752300423
0.9611642406319212
0.9150031026289105
0.6395386305520643
0.9923463637364424
0.5939270578585208
0.9912343596318999
0.9841681664835721
0.43709909674041103
0.9924238513164688
0.9765576491978479
0.9711547276742927
0.9838152680398903
0.9937186358515686
0.9915339270036373
0.13773108588629646
0.12254868885140316
0.8591678819593377
0.9941716707877075
0.8992317297391047
0.989951180301902
0.9860300560451006
0.9790859296979116
0.6941916182846133
0.9846080755712586
0.9824249819779547
0.8450873265390242
0.997144888447519
0.9853385400086306
0.9928251641412921
0.9758815408070458
0.989542071401539
0.9888432397028833
0.9786817253937263
0.981517056157562
0.9935791930810486
0.9963237459507215
0.882829651271923
0.9804176730240693
0.987416641138629
0.9681675955803266
0.9937978878971813
0.9861841664993642
0.9824720971389153
0.9502160986531402
0.6952417900042986
