0.9818980727470141
0.9870409526651014
0.9697696484107322
0.9806807773734866
0.9940788406424053
0.9892419871430843
0.9883118396931195
0.9930332164998217
0.9782308897788612
0.9945563366445758
0.9336931614887446
0.9893561609710805
0.9889972833484258
0.9862787553981792
0.9890511575226099
0.9830024056586837
0.9899997487374055
0.9924527828402757
0.9952841877891903
0.9897596472037754
0.9928893681816897
0.9927134397570659
0.9849504377396715
0.9839736826062285
0.9912335629304947
0.9811202972923071
0.9578746999917239
0.9939619467197046
0.9887476872426045
0.9919595318961091
0.9830341983992239
0.9816123686823647
0.9460932662369943
0.9949755806190927
0.9891519701768793
0.9924731905738394
0.9699524925677914
0.9606644184680674
0.9956796987149256
0.9957402357103462
0.9951356872067997
0.9872695518065211
0.9893868047900615
0.982929834231113
0.9904315089814635
0.9870075071643313
0.9764942601305538
0.9967903112185155
0.9786418258122765
0.9952408370369038
0.9941585885786887
0.9903135266639745
0.9977374548096383
0.982879185148047
0.9836529964126176
0.9796216627899796
0.9927235214667816
0.9900908440369198
0.9917666244989407
0.9704261235590256
0.9665654345430852
0.9904129253394659
0.9716933834052076
0.9839093062379163
0.9880090938041824
0.9783689746887523
0.9896740629803334
0.9953255148978493
0.9826257918298377
0.9867509307471151
0.9861352822103631
0.9882917483435485
0.9897155312802195
0.988954109374647
0.9906890735999926
0.9884860743737358
0.9908745216319648
0.9961609907120743
0.997121799933624
0.9902832556471853
0.9591578634131825
0.9803986811458302
0.992616577518096
0.9778614751878468
0.9598864585266284
0.9966198112642782
0.9914291422482685
0.9890271661141076
0.9795747329832671
0.9833685677643021
0.9873612916057072
0.9831659203872655
0.9909559438322172
0.984842427430539
0.9942328912577294
0.9886070976472129
0.9878136084084475
0.5622564275100232
0.9759514702333567
0.9603279246160351
0.9839987525100264
0.9789417060224189
0.9877820966525498
0.9911786696665592
0.9690523857190524
0.9904744690465431
0.993608284096885
0.9927463490036227
0.9874577042085605
0.9879579670506947
0.9883410772672517
0.9892494316863485
0.9938569863989661
0.9913670132504391
0.9881824793356481
0.9832898322877819
0.994387128118659
0.9838127319670809
0.9736958289056624
0.9930624829962819
0.9894125400369435
0.9800865189223782
0.9796694315381341
0.9902194025905366
0.9891576183231561
0.9958931389591302
0.9778097078733544
0.982680208945743
0.9829899018798239
0.9911196067331188
0.9900807653101231
0.9954709698322921
0.9949259479031691
0.9764870506732732
0.9754955259758066
0.9891657711134394
0.9908012928620783
0.9901485030492728
0.9888381316188055
0.994901317358415
0.9964028776978417
0.9960713466917328
0.9949230624588674
0.9808883625289571
0.9851282592075083
0.9930792256598496
0.9869939495876843
0.9754503268299985
0.9852677855759068
0.9892206319733144
0.9796231153330559
0.9968130099299416
0.9974909497152137
0.9791292533478615
0.9968076522453531
0.9883789118828951
0.9917650707745418
0.9857833927541163
0.9938806869948734
0.9830136003318795
0.9924646423321551
0.9948751082982129
0.9647763233959034
0.993853681464029
0.9645775442264836
0.9835576126396389
0.9726018318465597
0.9898097992098726
0.9923601816928256
0.9906703271628237
0.9714584588210833
0.9809842263598667
0.9896764206606193
0.9965372990932928
0.952886003198724
0.9923410059676044
0.9854254447144768
0.9821311832643277
0.988140027836385
0.993420980653161
0.9464708029572353
0.9960258029150638
0.9909417510145556
0.9932249714811834
0.9907343113782434
0.9861060467541435
0.9870754723041246
0.9495848161328588
0.9905159582294168
0.9862765374264926
0.9885742859600826
0.9792210739614995
0.9940184397065598
0.9945050571516508
0.937244997085681
0.9900223032687745
0.9759701230547603
0.9864533788028359
0.9971978557504874
0.9858934605815292
0.993884608708424
0.9945929465641256
0.974762156448203
0.9677966660077749
0.9289148667519588
0.9722594655839863
0.9926424922193601
0.9735703750631044
0.9819184187861595
0.9902859443338327
0.9935132522954537
0.9790645058916269
0.9963254347107093
0.9643076183373148
0.9942295362256892
0.9800594610407724
0.972256291349227
0.9902155880847264
0.9938793374875874
0.9689854005643479
0.9813814027353102
0.9762449735151936
0.9736676413003166
0.940520822778397
0.9795148479159045
0.990736520711287
0.9929573613024715
0.9845745173305227
0.9922048491026247
0.9884009487640019
0.995042264693488
0.9905057627855509
0.9826909220186835
0.9911418931259552
0.9882554440910203
0.9882917497649462
0.9402050217585258
0.9825922804537391
0.9855535526443834
0.9874571845695996
0.9929055432284256
0.993216719530195
0.9827857546860891
0.9944026538335747
0.9922641830622814
0.9861172993524624
0.9705384832252608
0.9894498147044342
0.9818501398924246
0.9916916336076737
0.9976800966556475
0.9968401727861771
0.9827328107312604
0.9913163546232135
0.9855490534244781
0.9814207009729223
0.9940630232912163
0.8838089330024814
0.9697122452557895
0.9777183154946484
0.9732198860578618
0.9917570157246738
0.9884868337908269
0.9842328725479145
0.9800606388517411
0.988675794804464
0.985495091096077
0.9930200885257066
0.9800361999804325
0.9921947410840217
0.9917865741287352
0.989868215136882
0.9889943480355791
0.9822110210726736
0.9952879898249651
0.9875392606039649
0.9697529170974617
0.9934400241096659
0.9932728764905323
0.9850311219936383
0.9930553155575119
0.9910873333731843
0.9891505739881191
0.9926107144640272
0.9795062304108618
0.9891769054261372
0.9794587477990702
0.9905491345037334
0.9816150249623583
0.988600852970657
0.9923488496522205
0.995411029353588
0.9878535348572103
0.9786951518191743
0.98008934729953
0.9758926956656537
0.9834914778149146
0.9834220593891059
0.9875160476338041
0.9903639982573188
0.9956946352380346
0.9722569357660585
0.9959925475445566
0.9916804695500374
0.9917572124391157
0.993312591131467
0.9536529357018573
0.988581544589511
0.9911848063118592
0.9802871433754216
0.9940456912230001
0.977556381401886
0.9957722109743944
0.9894309436924414
0.9954578054028209
0.9979028911329367
0.9935940618651018
0.9856236416625261
0.9875852960598723
0.9864443696764711
0.9906923453680381
0.9939812103290812
0.9860910237868111
0.9717156142927068
0.9956482735179891
0.9926746319703078
0.9875968213345312
0.9570328887674762
0.9716555423610826
0.9752229905214607
0.9932906500356615
0.9838191607099764
0.9549022189768207
0.9926314326004488
0.9892263578408174
0.9853961791155267
0.9665549053499657
0.9911105921731177
0.9909154036784333
0.996512824821965
0.9857896129195176
0.9947631038985264
0.9939898281929341
0.9836620110142326
0.9916966925351072
0.987868552218844
0.9796051776195085
0.9929684545569142
0.9938140522574093
0.990101786992818
0.9931055097597014
0.9960409387081529
0.9804279392308043
0.9955009321950741
0.9957617727587348
0.9901889144404565
0.9902907983080559
0.9981357930295537
0.9909419251275583
0.983530884826414
0.976380965973712
0.9652052138317354
0.9957733057843442
0.9867272463377463
0.9769845162194353
0.9846572732404968
0.9874415996021101
0.9871083562969585
0.9662665862580893
0.9859618467593496
0.9897179338796692
0.9863718057997091
0.9923516912149968
0.9950684228632067
0.9892929292929293
0.972704389322985
0.9428718395125233
0.9845568315005412
0.9921167626979132
0.9785723305261727
0.9932437981288574
0.8719503657810914
0.9923888289584083
0.9905097400036804
0.9864880054703673
0.9915229000970774
0.9430753751753652
0.9938837801127227
0.9903519719612268
0.9947579497434625
0.9888739723247941
0.9959362367695582
0.990777401605427
0.9896574737621727
0.9953114338629496
0.9859607404666105
0.9783774430338246
0.9865003593060261
0.9947464492672996
0.9906268350241716
0.9709748124662485
0.9826934028262287
0.9910474387446754
0.987732529769803
0.9859213606941193
0.9752544918101687
0.9834575249798758
0.9925877423855316
0.9933874049356303
0.9820385649392788
0.9886250590083399
0.992518327586784
0.9490248725153502
0.9821308103661045
0.991336021084605
0.992388733507976
0.9905617589252932
0.9093129130831478
0.9868574967315764
0.9965989626508432
0.9865426816437368
0.9802444401988981
0.9779981989223304
0.9920920646091855
0.9914193272968297
0.9844702197899766
0.9874528503523617
0.9554159267859582
0.9884802260980662
0.9893618093999254
0.9914740922181143
0.9858273485617468
0.9466953210889508
0.991298712209407
0.9856565183790315
0.9783253672754778
0.9888899693684057
0.9838444337178489
0.9845551388008597
0.9921708930870333
0.9949408155374685
0.9833049298868619
0.990893100508214
0.9971243516353571
0.991192614225336
0.9910110210619427
0.9815999817077752
0.9833097384695626
0.9954814841606514
0.9808821908983802
0.9948542939328949
0.9752593804968441
0.9856992682675462
0.924341988420417
0.9918989012623399
0.9902367406863645
0.9887039809121657
0.9924676999184275
0.9899561604397042
0.988985727147669
0.9905379392508673
0.9935965848452508
0.9792680599293826
0.9822102549481311
0.9516375317590556
0.9947044434624027
0.9653826681842663
0.9930719080151316
0.9861577465552538
0.9738040470164041
0.9979868975791005
0.9909189487749109
0.990618211332946
0.9661772577808366
0.9870613476255846
0.9889534330063804
0.9761889405751417
0.9945190240944025
0.9798479993020135
0.994897065929628
0.9916031721349712
0.984251056051635
0.9591838511344469
0.9900679225938741
0.9930330915247705
0.9642950168400501
0.9809488821244883
0.9845754689092231
0.9860653778233611
0.9734281650071124
0.9926849977140618
0.9843978663544647
0.9921550896006601
0.9920068871475521
0.9931020103590554
0.9928074892844823
0.9814832856359983
0.9901131212093995
0.9825583334723218
0.9843229592930889
0.9883353615908443
0.9905397388715935
0.9964284168145807
0.9577394013500612
0.9672532173082925
0.9947927448030949
0.9731850750645975
0.9983107007945812
0.986416809670293
0.9895247836933662
0.9826996954608676
0.9914752010190272
0.9851285398525463
0.9839802407580531
0.9910857631450883
0.9934650367881351
0.986133243132953
0.9605491877773954
0.8739496001645314
0.9916875892750395
0.8845278692380056
0.9817246730658217
0.9905458094472896
0.9920831074645424
0.9897912557258971
0.9946102496517331
0.9835324627211263
0.9926956521739131
0.9943742196862199
0.9812380866840315
0.9864764627826814
0.9911056196710394
0.9805617658810647
0.9965071998382383
0.9881496307408488
0.9820493855257169
0.9893438420181363
0.9807753164556962
0.9884436121882352
0.977515903674988
0.9875894648345929
0.9823824557447288
0.9915396438190048
0.9491988346686089
0.9932354144397376
0.9833106045847133
0.9819194194194194
0.9902310740208282
0.9863299249572125
0.9835650190038058
0.9873420758584287
0.9840441077733632
0.9966824773096365
0.9914368082469618
0.9938647277037175
0.977997227997228
0.978044407189074
0.9819505930857355
0.9945499772365878
0.990972585319881
0.988038775319839
0.9370509766555503
0.9205131679227707
0.9948567229977957
0.993354547574307
0.97606155599886
0.9899924376102849
0.980174855031489
0.9918434393497408
0.9887227848810368
0.9939484524807699
0.9902255051200574
0.991061387623216
0.9775210919541667
0.9960816458888809
0.9942497798809061
0.9860529397491217
0.9855981349825637
0.9819747393335918
0.9804195516367727
0.9885007136369535
0.9986399288633898
0.9905887281553576
0.9633491502365995
0.9794145253246106
0.9945228766178763
0.9904509192271812
0.9910735440681472
0.9751629560288338
0.9718836214685862
0.9835524266400847
0.9921253688180237
0.9644887214489509
0.9814419265059441
0.994724009315079
0.9951638903815153
0.9923830842761208
0.9802768807651303
0.9915603007012832
0.9944151800575715
0.9932692456300326
0.9883710309078246
0.996552078921741
0.9615166483717527
0.9872170487756177
0.9788220841977274
0.9754116141612333
0.9854517221189828
0.9963973017686404
0.9939358027181724
0.984875077594003
0.9716314868804665
0.9934957653977173
0.9909110029445346
0.9885678002137611
0.9819148216331492
0.9932357345364823
0.9104739858906525
0.9892009582330322
0.966573574505427
0.9923916885514558
0.9928927327567532
0.9915619610741562
0.9917970944698612
0.957925325753252
0.9818511590999263
0.9830987412636968
0.9943205110836246
0.981974573550688
0.9940220207384468
0.9922432485513126
0.9663208067137353
0.9931190417348049
0.9908806395875749
0.9942520969971624
0.9936209008156252
0.9932055466208465
0.8730218482793686
0.993844446451846
0.9159927407030056
0.9924215283710419
0.9855756668698931
0.9861319034268761
0.9773301612085648
0.9920119050372803
0.9842451851517748
0.9938044520920482
0.9821279336191028
0.9881451346893898
0.9839669299863872
0.9897876369538753
0.9932446553897807
0.9781660649819495
0.9739568617590718
0.9963637245157693
0.9711309095234816
0.9939649715129775
0.9729859242192491
0.9806263759118788
0.9924489024721723
0.9792991979068151
0.9922951349515468
0.9795994307267416
0.98899511384822
0.991964348871755
0.9938731540179229
0.9238839109756418
0.9828457927049477
0.9846517584474436
0.9900435582448992
0.9493048932050059
0.9871872274770243
0.9933104240124427
0.9962204484729598
0.9940880375662985
0.98929514432759
0.9908942319648714
0.9891972869956575
0.9855817185986467
0.9883930993726511
0.9663881133217487
0.994571128574321
0.9907540490223504
0.9865644444170372
0.9909699909699909
0.9782361681671182
0.9805482674387044
0.9796920228254006
0.9828319558213602
0.990666525428716
0.9609303107429253
0.9955734030631304
0.9930073181391283
0.991139178652122
0.9890883242711512
0.9798196539432996
0.9872812572468292
0.9926883627259433
0.992273698381574
0.9776828505938737
0.9938928968519062
0.9917123441444302
0.9789580970228995
0.9840581728815305
0.9956594235502739
0.9865083304115801
0.9900723215466729
0.9920870379895658
0.9874044439361704
0.9883097790002845
0.9897666755618466
0.996713360791165
0.9853897289794725
0.9932051989762634
0.9905123994131272
0.9822068226708178
0.9551421877261307
0.9422651116425178
0.9904738924541827
0.9939178170509708
0.9654104434410096
0.9965479083412682
0.9761767302859472
0.9751721034607698
0.9940596344758956
0.9880389141877107
0.98902962002593
0.9986937765326642
0.9887138940253778
0.982817883891187
0.9927727192275168
0.9762480801235566
0.9872232977022136
0.9869206260439585
0.9831577271808937
0.9798914487116969
0.9875493288544782
0.9981254951977893
0.9910935027279468
0.9911574629464804
0.9936397845651578
0.9869514675966289
0.9889350702882808
0.9649650395633781
0.9866308608292046
0.9918964870056747
0.9934186962750716
0.9890103310987732
0.9933989222626916
0.9931495494483494
0.9973025932001416
0.9738954527685318
0.9884142087786366
0.9933311568498703
0.9943956198890873
0.9483630902112821
0.9898842793041014
0.836662005069487
0.9898945768828948
0.8986564998063381
0.9893313021245215
0.9725999316706525
0.9873465934685716
0.9876811635911545
0.9642123239469659
0.9758000777809838
0.9933527964097862
0.9730723664725047
0.9955597961313986
0.9851806580593201
0.9765294840929521
0.9872717180493028
0.9855642449658091
0.9659090646591253
0.9966585490173868
0.9911017447349763
0.9932440276756563
0.9487933284336518
0.9944184458092987
0.9723507604048276
0.967206945676424
0.9648343643338444
0.9939850382989266
0.9948223064572195
0.9935247706689612
0.9889154816024853
0.9924378853943601
0.9876096118416371
0.9947911648806375
0.9885668480006479
0.9903707270101108
0.9924563695440994
0.990137627292983
0.9935205183585313
0.9928433392087324
0.9879500025410649
0.9718207830779818
0.9785061836901249
0.9710344827586207
0.9890899682329773
0.9936784790055496
0.8001411010482887
0.967494038481961
0.9768604806420754
0.9908512024579977
0.9836198655599897
0.9770174172936206
0.9959415667918317
0.9921122480256165
0.9811151643859859
0.9180253210674925
0.9893283895218755
0.9730006380332052
0.9845608756754617
0.9945213756986757
0.9891745602165088
0.992415816401479
0.9836511012003715
0.9751190111166567
0.9940090497737557
0.9971856385594842
0.9956962226821003
0.9852842809364548
0.9836694157778834
0.9914761394031745
0.992577061231309
0.9927812312011229
0.9921115887685704
0.9902564067226659
0.9879617554735677
0.9851586380618137
0.9850049097661278
0.9936455200916646
0.9829107932790039
0.9862099681509928
0.9590669398774436
0.9806373155247753
0.9837049950364398
0.9877568668502378
0.9816645702219192
0.9790260965309808
0.9944450671834999
0.9950293072564311
0.964795270828542
0.922019809185913
0.9803014855811244
0.9882218703839656
0.9881558336181994
0.9959734032689608
0.9559538421393434
0.9774898614646853
0.9847292529259258
0.9912909571630946
0.9960466521904592
0.9828173102970065
0.937792426162394
0.9866914724112842
0.9726810040339993
0.9494848033179962
0.9885854916207665
0.9875051489770699
0.9914801914451099
0.9798782201405152
0.9805665289331236
0.985853864492219
0.9909312239833628
0.992081765035637
0.9957014696532276
0.9943462897526502
0.9919485669650905
0.9912988297182869
0.9704150219151791
0.9461532512579517
0.9407959091430383
0.8530424325007872
0.9865316516134166
0.9923254734767891
0.9810773426290549
0.9930215016859695
0.9934134275618375
0.9965877751982674
0.9928582957975106
0.9944314437940778
0.9646853348175729
0.9861263353282893
0.9544559340445165
0.9968205653667651
0.9830748957768124
0.9495137439830055
0.9879337861145503
0.989388539227888
0.9844302625809909
0.991093051188407
0.9877014602487831
0.9935040187484713
0.9809315423983405
0.9726374871822548
0.9751069221071457
0.9945754508561678
0.9739803797398038
0.9832359051161892
0.9907814407814408
0.9893665345226297
0.9850547190126473
0.9901862548626665
0.9887182473251328
0.9931041896476113
0.9952530291933488
0.9789967938568714
0.9946573646391036
0.9746301536532984
0.9977400120899049
0.9848470417096
0.9961101647656805
0.9911226413182269
0.987372685468787
0.9915043990754075
0.9957549142618152
0.9771610620064137
0.9930947775253344
0.9952130063509431
0.9937305032080045
0.9769683252291353
0.9965412281223676
0.9908068721722372
0.9895565277062961
0.9831252346977094
0.9932599902815212
0.9743226304189755
0.958775022827843
0.9862430905355486
0.9878944203054697
0.995284804222086
0.9726836439471963
0.9896587049466938
0.9868067490701671
0.9909236120441279
0.9942279881617004
0.9888988386477354
0.9867310669661353
0.9901208187624431
0.9929461158111714
0.9989311059196897
0.9738348407857773
0.9917374937853642
0.9571444910509335
0.8946723205852207
0.9807694830322826
0.9927559751120442
0.9873236653890228
0.9594937652011475
0.9925993869407402
0.9953169893473205
0.9709526148899111
0.9699686069821097
0.9876281163346247
0.9918282326550232
0.9934951408546192
0.9876394536628833
0.9900795140557425
0.9912142951028342
0.9802918797555196
0.9890661274619935
0.9864136616436959
0.9765305797819398
0.9884819416296596
0.9904962688586426
0.989632923715326
0.9870327619234737
0.9905917175401041
0.9736342934276765
0.9831440611384901
0.9970917513833484
0.9919809604314189
0.9964267701474767
0.9782365074751267
0.988526587377159
0.9885199708245797
0.9919672031465522
0.9961986923501684
0.9819299803557493
0.9939904365538812
0.981489019675179
0.9944363657515123
0.9945916241155863
0.9832219795017213
0.9974372651081805
0.9789812073544174
0.9957531696252546
0.9738249872531073
0.9768843882614455
0.9359865041024461
0.9926227748182533
0.9942133601562038
0.9885813434685615
0.9926589320849447
0.9937214745589804
0.9694536306613243
0.9546813033182117
0.990162714027438
0.9812613844118152
0.9649336194333842
0.9830009205918957
0.9897074538372267
0.995813046030595
0.9891941756491915
0.9836073878200258
0.9935635774879139
0.9900761727588114
0.9523493813360059
0.9722976436857994
0.9947023258561948
0.9635175024542435
0.9731968450849915
0.9712250027803442
0.9940154300958973
0.9890394899104689
0.9945876834500773
0.977502151891005
0.9975296661788605
0.9776541316747399
0.9939559840872046
0.9839707956735456
0.9826558795174445
0.968247810751205
0.9961076376118672
0.9928753732108615
0.9954982867974047
0.9725490765056657
0.9979320684485343
0.9966921602960124
0.9901955165387664
0.989434402379588
0.9918933184611248
0.9943002597045216
0.9754111004843735
0.9697161812010819
0.979815725198603
0.9929230836541827
0.9946272999289151
0.9940458093497532
0.9940006110238434
0.9941973541769876
0.9985184819378257
0.987181062374575
0.995069638562049
0.9891867139495011
0.9463289006025051
0.9849535188320608
0.9720537699615929
0.9838638877671062
0.9959742388006261
0.9863489125404905
0.9856920047785496
0.95726763297123
0.9901400907266521
0.9918454024208961
0.9832064034186098
0.980063193323488
0.9937347232207046
0.9759182489988794
0.9856637493114634
0.9923330974286388
0.9986542816818197
0.9871112844151685
0.9827218892178812
0.9258781266631186
0.9905533517111544
0.9880121789707951
0.9724651949975183
0.9972326765552357
0.991359729394078
0.9821793895673493
0.9924950673097667
0.9828590954848124
0.9913360200916979
0.9891983185011275
0.992379261646179
0.995894490533929
0.9874301796106401
0.9883829720879463
0.9648092686002522
0.979448793776229
0.9954010342171856
0.9859502701011692
0.907681293215517
0.9907984129656199
0.8986425569737867
0.9944245489570427
0.9825194387541576
0.9903990148761643
0.9782668964935332
0.9901790872328134
0.9967451006984471
0.9841686118019388
0.9922210260133697
0.9897281259070533
0.9896017634338441
0.9867324108724314
0.9934644769415818
0.9842672240841017
0.9923656095855029
0.9786938644737545
0.9838432691970701
0.9747553407655555
0.9942994583538503
0.9938523188408995
0.9935444036344183
0.9868192787431794
0.9882692724396174
0.9957007187999722
0.9681921843653012
0.9917889005916793
0.9955821994965078
0.9894384373272669
0.9857084524295631
0.9577503519887364
0.965293027185354
0.9744889940889133
0.9836586957811666
0.9783472667722715
0.8879265091863517
0.7373726381085823
0.9907086330653684
0.988226006072496
0.9890119728602262
0.9898410158556308
0.9919661758759306
0.9912634905491623
0.985126193943697
0.9807669061849439
0.975105696351022
0.9926397655279978
0.994635566452651
0.9810008243629108
0.9973657007569442
0.9829911347938171
0.9438235812275474
0.9830730021938755
0.9614599285349669
0.9964436081383041
0.993341856103623
0.9817966129428127
0.9933160483635175
0.989241401940075
0.970111604816629
0.9819231909576625
0.993624387254902
0.9812644918845447
0.9796701564419512
0.9887025501783527
0.9962273503936058
0.9908181486530596
0.951567050247387
0.9658801880758002
0.9893227550350361
0.9931181617114561
0.9875958864188452
0.9924153768994554
0.9907563025210084
0.9758213331033888
0.9942573360509884
0.9891895969454664
0.9900939975256324
0.991002750687672
0.981597135481722
0.9885044094814496
0.9948497385645437
0.9953241096592365
0.9957567441995528
0.9908155917115998
0.9904033512680963
0.9857720811438859
0.9919723829779178
0.940682040001748
0.9963467765471046
0.9923189786813283
0.9861067871267342
0.990295305926944
0.9887230514096186
0.9897361252469616
0.940352229286913
0.9367777438092326
0.9814024657512412
0.978148052660906
0.9817271174838428
0.980716656189237
0.9910637566592198
0.9824471626307892
0.9918315261023057
0.9933987511150758
0.9826857827157208
0.9741888083833203
0.9939496663991472
0.9898867565095323
0.9877142913313586
0.9929870637869855
0.9835073557535865
0.9803982227309463
0.9884499115919159
0.9926771629059173
0.9896674494356488
0.9963423412906866
0.9900161111670527
0.9930487866150831
0.9750880745767818
0.9925452642677851
0.9968410006578983
0.9925311155389991
0.9860478633625074
0.9888287805971264
0.9955125544718821
0.9950556774250666
0.986818421060284
0.9743547494909789
0.9952086440862954
0.97348759987548
0.9926543732276216
0.9874579482814526
0.9914802795842632
0.9627423399180478
0.9917277531996427
0.9945415676194377
0.9828303730339149
0.9902252593754219
0.9931300979586841
0.9864500312218349
0.9507192091771136
0.9725929727314255
0.9897414685487329
0.9928822289861859
0.9794220165617843
0.9844557777820067
0.9772699580855834
0.9818014416661325
0.984045004938519
0.9797474617627228
0.9858080467779679
0.9880613358604404
0.632072407523364
0.9756001033152532
0.9873313551311774
0.9966600578794034
0.9904740662743562
0.9948956178561595
0.995859753601955
0.9794535620747904
0.9869904988481171
0.9821568547491856
0.9916566296210019
0.9403533643551072
0.9416666666666667
0.9802430942759731
0.9897179823444429
0.9885312001846549
0.974349475169798
0.9960411668730834
0.9843174177747485
0.9900202494059149
0.9929361169185301
0.9906942654440194
0.9798238803983763
0.9906415687773046
0.9956479445297337
0.9861507659135874
0.9898100661480421
0.9949851411589896
0.9952781237027812
0.9913572121380075
0.9884977171570442
0.9770754625593335
0.9969862466282593
0.9378749930571791
0.9779339814889625
0.993851808047387
0.9949834950123878
0.9851606640187625
0.9885786979436064
0.9912466271894814
0.9913580691457349
0.9818980012522953
0.9901508026744898
0.9955809233891426
0.9941240003085864
0.9946575034756583
0.9914119106943485
0.9843469634571453
0.9835463903755491
0.992617428447633
0.9795705835166743
0.8902344822302943
0.9893070697469872
0.9863727346077458
0.9759909596662031
0.991638052536489
0.9850384268265483
0.9927955267748333
0.9886478714759017
0.9929470244036087
0.9810655566301592
0.9963271961625533
0.9842530720643464
0.9973259478559832
0.9816945911240373
0.9939848733253067
0.9858486822788125
0.9918390383794008
0.9764103158821061
0.9919985491476242
0.9850016538100361
0.9924196600285378
0.9932598748622025
0.9938301065897505
0.9876280712225206
0.9945704587272381
0.954817433742501
0.9849796291814876
0.9825533249181936
0.9915358775824367
0.994390792656935
0.9934702825470598
0.9974896126070785
0.9963143475684865
0.9928699806533593
0.9682374797738669
0.9607809562296019
0.9536476782490042
0.9987730649795977
0.9845137199990174
0.992649566386422
0.9829664838513101
0.9902323100053348
0.8762314457282965
0.9906924726695897
0.982835678965386
0.9889740290126345
0.9965372785392899
0.9814675528917455
0.9935527435277594
0.9905629677839245
0.9586092866473613
0.99555627723201
0.9741354683230906
0.9950226244343892
0.9930479439191704
0.9839480250874725
0.9785991512205738
0.9846246565796629
0.9844259850608049
0.9960070299394941
0.9895239106443632
0.9763271685334722
0.9734270323253216
0.9938577925235249
0.8784662406223951
0.9867513549069583
0.9864914182952953
0.9873177695269586
0.993763985396302
0.970010809075454
0.9918109880738892
0.9677228375936331
0.9917732817613806
0.969157849100918
0.9793457497612226
0.9694716223399019
0.9913882276698364
0.9911222041284288
0.9935968381421587
0.9934890377313487
0.9896129004451614
0.9905211722128588
0.9964476477122338
0.9842663779101245
0.973038577630181
0.9815832875206157
0.9829051443062432
0.9885978458858002
0.9905533170468607
0.9943336686040708
0.9946580963794168
0.9595619315589838
0.9697129862091508
0.9694393226608766
0.9911528794448394
0.9780946849066303
0.9930626434488868
0.9589345218965138
0.9937827465564893
0.982207361756671
0.9860832536180455
0.9778056402866927
0.9865031614599733
0.989119765879383
0.9938021205104546
0.9936282858960416
0.9776784395849274
0.9845717526942711
0.9962748373628393
0.9961281370606245
0.9743095451056376
0.9704661306427033
0.9955892342433311
0.9750345097249293
0.9868891537544696
0.9868847908679285
0.9953847868901193
0.9858134123993658
0.9711052103035493
0.9923964491417492
0.9924772550563954
0.9850503892630271
0.9847782695014208
0.9712684120285747
0.9969492603984054
0.9848092564277179
0.9931397534799264
0.9780958088689218
0.9934673811949156
0.9894578245418061
0.9745495560632791
0.9955015197568389
0.991675558175338
0.9939777152910395
0.9926329848321154
0.9956402955210097
0.9765391732145821
0.9867055234456477
0.8622327790973872
0.9632598339846535
0.9947199092751154
0.984009840098401
0.995406181388279
0.9962777602740279
0.9871881746222115
0.9926726710589698
0.9967267703999578
0.9937782748609488
0.9838122807546563
0.9935915296740039
0.9953940136593805
0.994506009989755
0.9862612248776548
0.9898617020466879
0.9917594748086487
0.9867302806075715
0.9780109106168695
0.9775667299810057
0.9847286765123314
0.9942854455973167
0.9956554939966531
0.992703040710074
0.9916122933366386
0.9889012141380711
0.9964252748174877
0.9635398770256514
0.9838754051279298
0.9990132681019409
0.9574485993736013
0.9631377096605925
0.9887035519672418
0.9909219134963837
0.9884352519313547
0.9914925232926548
0.9776252760001497
0.9964980367781938
0.9900922240591625
0.9847471161782567
0.9961527205600954
0.9883995018064662
0.9890163030434633
0.9888721474087327
0.9928702195972364
0.9926596877193129
0.9889686254271071
0.9836184688552745
0.9788434796930345
0.9908770390246715
0.9986018226345782
0.9836944898536117
0.9911528476101246
0.9779058124456264
0.987287367954172
0.9879697965103877
0.9695699933800368
0.959524479957655
0.9850001023185381
0.989408469270061
0.9685464654487689
0.9642727057786071
0.9709926944563816
0.9909239201861602
0.9934738166378362
0.9910802702860139
0.9903606207654878
0.9951266145404325
0.9934110538464263
0.9724167450419733
0.9973187964999298
0.9944440291999901
0.9977090817796535
0.992074180752916
0.9890289959756475
0.9907301457567089
0.984827120066192
0.9902357598424053
0.9936085592851933
0.989575254045669
0.99527258727359
0.9897379442505603
0.9915141178059984
0.9869259357578976
0.9884374674323828
0.9778313253012049
0.9343442654162496
0.991852053222177
0.9866364118997819
0.9845746063966314
0.9860642942786688
0.9930223844174982
0.9894901982562336
0.9955797364054245
0.9947348824041677
0.9850394301354516
0.9857668419080494
0.9812097003425938
0.9930565765871733
0.9962122201614377
0.9924420323402926
0.9779563147397542
0.9913858626805169
0.995600777434576
0.9885053032643394
0.988849061918359
0.9866222648364573
0.9922289543404943
0.9735605170387779
0.9929887895986108
0.9667830267306043
0.9907329589274061
0.9890799559841095
0.9867780577898988
0.9741342381746855
0.9839378218176299
0.9902930464129381
0.9927739303949762
0.9840179772795694
0.9871979076632954
0.9880547279838471
0.9929910502902372
0.9960211610570343
0.9964954761314485
0.9913289514771628
0.9922224652064243
0.9738644891814957
0.9717516122566878
0.9913232762019641
0.9297253275572391
0.8973490203821162
0.9890493129664505
0.9874533123518977
0.9906215489168908
0.983881610734549
0.9897971415073719
0.9768290478685975
0.9170536875348319
0.9888476468807093
0.9253003988164158
0.9947989807159469
0.9881190197260162
0.9801871818729133
0.9330799847855028
0.86523221564871
0.9962436568347606
0.9788743942503972
0.9910352936427036
0.9950444796157835
0.9437117192328995
0.9854685992139897
0.9931679242714693
0.9886648893908215
0.9959274415676399
0.9946330649865827
0.987196028799086
0.9866961272398427
0.9959050019046503
0.9893942880303648
0.9791754226946117
0.9870954551834832
0.9977566978592488
0.9719047564351432
0.9711270562192282
0.9922783514745558
0.9913982483355334
0.9916556387653191
0.992364535803721
0.9929119352500604
0.9739201251649019
0.9603877556908341
0.9749290409040603
0.9919612554809621
0.9888336386635261
0.991568156740531
0.9843445462817579
0.940603451421066
0.9974705292798167
0.7317871353214873
0.9876601795534918
0.956839440219454
0.9935200905489531
0.9903072503872589
0.9852554605629783
0.9878164728892752
0.9867452322118735
0.9919145094443769
0.991648953581358
0.9856395227129998
0.9488933688457368
0.9970665479914003
0.8978252081817447
0.9785246110505528
0.9895680582742793
0.9884386927946
0.9750541316279773
0.9884339841829248
0.9908503368153861
0.9814324460501067
0.982888712139126
0.9798556078173704
0.9861876380485931
0.9942107437578788
0.9709437645468879
0.9832358242561066
0.9930047791389446
0.9945828879201731
0.9898798954908486
0.9787255982228612
0.9853850238618802
0.986468878635787
0.9628396455331668
0.9924965815954072
0.9859871476593773
0.9839645436807898
0.9858309950858046
0.9914490461524491
0.9897206310364645
0.9923568980369875
0.9691602951775139
0.9907865927658989
0.9797903985727927
0.9963079462811761
0.9784423777164459
0.9776183142447863
0.9745642191312944
0.9645538096313113
0.9935155868569306
0.9781273722255582
0.9913399871686106
0.9837887896691949
0.9924750977803398
0.9926761516361704
0.992678549775676
0.9915331624353435
0.994468891582141
0.9942722151553698
0.9768819661755915
0.9817967279187548
0.9768721621022554
0.9744386873920553
0.9966294013593868
0.9920694648741719
0.9961434128304502
0.9937629047960373
0.9954062558541731
0.9921771594781287
0.9891183116097408
0.9963318479713362
0.9761542173292587
0.9921520474080402
0.9901863769441278
0.9785547467040149
0.9929245898533592
0.9626199423895004
0.9791624106230847
0.9944737953001676
0.9799774470495947
0.9902075735893766
0.997907390917186
0.9638864886365195
0.9522819787498276
0.9866518523028218
0.9921294055319035
0.9946068937282504
0.9731015178754295
0.9942600139151178
0.9908967332359618
0.9967132127366973
0.9995292782035041
0.9823473566190805
0.9822613053852565
0.9957780031606009
0.9696197960358273
0.9921188363936455
0.9823304639214915
0.9777913027453529
0.9693756152354955
0.9925040583123786
0.9944354221750976
0.9800284654384992
0.9785296031229668
0.9597949647813655
0.9856832943872592
0.4736195681483665
0.9906712966257276
0.9872639263608951
0.9832139212406232
0.938697351585368
0.9933708521954301
0.9915939203518513
0.9886570581195692
0.9923109674940418
0.9826286221170905
0.9933873132404831
0.9916481169196177
0.9907578558225508
0.9932081155557406
0.9935969695149316
0.9794692098355129
0.9912356661156158
0.9824357020196559
0.9746446469594338
0.9902673843696478
0.9929042411743956
0.968442910105766
0.9890490623113044
0.9878498678079193
0.8434144917568686
0.9913877305811851
0.9930219498399427
0.9945114313307388
0.9925368973564528
0.9894611046271901
0.9637967581483529
0.9538601507668313
0.9874551066762439
0.9710282351281669
0.9622012494507384
0.9889379817460573
0.9941668990808267
0.9861288317466549
0.985713324511629
0.9947302017140307
0.9731930940591077
0.9887729998301164
0.9940712097415864
0.9886722663173306
0.9957544197154135
0.9909998938823155
0.9850022209689414
0.983191716580768
0.9793753177803266
0.9854318901402959
0.9905857015431685
0.9925065047701648
0.9625772784479848
0.9804787796405376
0.9933060066615993
0.993055183139379
0.9893669715682066
0.9293661106858678
0.9958497565499652
0.992297149856259
0.9909075292038874
0.9891478085303272
0.9923549445913548
0.994234708724577
0.967424771662915
0.9902745526567409
0.9900005563676275
0.9881114991192559
0.9865518283469326
0.9945325786431237
0.9810966160744705
0.9815947539538216
0.9823772630564811
0.9609482982092907
0.9942686935086278
0.9943555426243817
0.9773350870420497
0.9933663964050407
0.9773375200655443
0.9941638968481376
0.995547001587419
0.9887277926686989
0.9950767133617564
0.994382516130652
0.9639766089670072
0.9608600374757836
0.9800796997144325
0.9649248009721144
0.992708939305798
0.9954472474541975
0.9932004470938898
0.9946888155553263
0.9921328912198841
0.9907147074994861
0.9879450580839104
0.9873247488379068
0.9943536825642637
0.9919327808260061
0.9702362002253024
0.9854988158058753
0.9320427930777557
0.9943867134520988
0.9896156388225126
0.9932607588321174
0.985481337837906
0.9772143838939198
0.983426386198326
0.9949075093591719
0.9856710092733586
0.9957195052971122
0.9918676759011877
0.9915632906595251
0.9846475603313316
0.9889197996979573
0.9938090972198883
0.9921453445425445
0.9884917900079857
0.6138896468416873
0.9906801967474631
0.9833843852040558
0.9974035509632933
0.990014350016518
0.9895333596957873
0.9851978952910467
0.9906725958866037
0.9837096770882305
0.9883317956890044
0.9915337900499596
0.995240163293668
0.9621228446164877
0.9892524726169458
0.9990700141314259
0.9885405141623932
0.994831859496953
0.9859946053294603
0.9933049209941193
0.9844893530175549
0.8690426662968612
0.9788391777509069
0.9864495518326524
0.9818952060272983
0.9844120160006213
0.9510368307025688
0.9955915432989574
0.9378871815544897
0.9727620374450905
0.984648753244024
0.993233244297074
0.983376724811247
0.9970262208146129
0.9909262979190062
0.9883286871418145
0.9822216745457397
0.9939232126810915
0.9899109979688256
0.9896727372312748
0.991038114617967
0.9914339588758193
0.9885865245142256
0.9818686771492504
0.992867864355762
0.9830141052459361
0.9842603220065917
0.9904566111231335
0.9950326358226147
0.9902289365235265
0.9914035533233637
0.9849906751955221
0.988295629686402
0.9917941838691259
0.9856333004086715
0.9906507011365416
0.9878755930416447
0.9932717074140698
0.9980562079857456
0.9942437670650374
0.9901077894798049
0.9905013789980653
0.9942818135344699
0.9786878537816273
0.9835609787552012
0.9956313462271751
0.9812956980105424
0.9931411885805517
0.995854748627988
0.9765212773823208
0.991996367693727
0.9946832060146986
0.991024183678287
0.9940207087647659
0.9919754543308945
0.9845674225269101
0.9814838441633217
0.9936787999767783
0.9864185554281683
0.9911861374692528
0.9809309602972814
0.98751288158754
0.9854223356154871
0.9799903139882153
0.9896539823540004
0.993091322961928
0.98779137659288
0.9517701013855944
0.9904355241251566
0.9764194279414466
0.9802891444360127
0.9934689013152962
0.9918482011643107
0.988031729832537
0.9675341732743105
0.9922673611203664
0.9833496317707027
0.9939563977384273
0.9889926218661059
0.9900134083270935
0.992949741790573
0.9636192493965536
0.9908850100481651
0.9950480257837306
0.9805845968217769
0.9659957255414846
0.9980090059915895
0.9828761151450474
0.9971768854713041
0.9953071965118059
0.9829290605654194
0.9892089745888757
0.9900468944396593
0.9941643879860843
0.992144742993867
0.9601923682759707
0.994332154803022
0.9718744963197765
0.9455560425521794
0.977816435745875
0.963035853411997
0.9870070410895507
0.991054256920862
0.9936720211103426
0.9955609756097561
0.9926104481150715
0.9283436763056135
0.9646483634964546
0.9367749732920394
0.9885680895649243
0.9906266401211032
0.9928184456733617
0.9927017970366964
0.9468201217905774
0.9838082396827521
0.9715774604871344
0.9870920333860189
0.9920887958314497
0.9930319195019617
0.9832857553901014
0.9866050982885651
0.7610652663165791
0.9632102557254457
0.9908519755001183
0.9924512372273195
0.9926385914822745
0.9799978099791948
0.9885889253249364
0.9723157450248503
0.9970293353137765
0.9918880053096693
0.9589812809913482
0.9570643174140557
0.9936921722311234
0.9920486914254605
0.9924973001248693
0.956614927790525
0.9900103422802266
0.9951338337345985
0.9958795941057642
0.9942697138876183
0.9920009087159007
0.9931180127502871
0.9736413452847243
0.9822943005949412
0.9907387378518794
0.9956159167568673
0.9963421544642342
0.9716851786236963
0.9855705814206898
0.9914201472401626
0.9900818083400608
0.9940105082849349
0.9973319043951014
0.9865312303486865
0.9885523243732199
0.9957269689303794
0.9763612197270606
0.9859656214246076
0.9744813069410975
0.9922579467298811
0.9882077145591603
0.9217835623325136
0.9843926382683014
0.9741519185297025
0.9715919900335692
0.9843221903490584
0.9895661446495844
0.9825405866054566
0.9830372257656332
0.7984663209719634
0.9970500472933074
0.991705196933149
0.9894209572011844
0.9788076242447156
0.9965617283424405
0.9883971927509941
0.9826127098010516
0.9886546184738956
0.9953960774325012
0.9804356617055007
0.9441609661534348
0.9814698272848053
0.9621268345879467
0.9831767547543246
0.9928187368996628
0.9936613850278996
0.990934404047135
0.9886308668917364
0.9869624853292609
0.9751167966044243
0.9876573080488303
0.9775204753758295
0.9902007548794419
0.9887153556931854
0.9949986153420105
0.9735475165353159
0.9919916399041647
0.9754507054221706
0.9800745540600116
0.9939984135620776
0.9958574482259964
0.9953597425926861
0.9877130012513582
0.995493445010925
0.9929487572384498
0.988534874122988
0.9908893671449712
0.966285552018413
0.9918444403063595
0.9927617934048802
0.9945008996819401
0.9857581748754628
0.9742266701325708
0.9894059419757278
0.9901289197123772
0.9834108281311648
0.9958815796494734
0.9926313311192262
0.986091413500535
0.9894552552673415
0.9944446675501654
0.9929528005235518
0.9900585486567745
0.9003173856823792
0.9815438745874103
0.9949393643841666
0.9935025192241311
0.9942828573500395
0.9966907590484894
0.996723974444669
0.9927905836194213
0.9892976326676756
0.9926948687818253
0.9936943530679707
0.9675988048592847
0.9609867572952069
0.981073136489273
0.9848918049984429
0.9718249835892043
0.9897551619090601
0.9895155173503571
0.9901013202333435
0.9869279678741738
0.9840824022113337
0.9817209826065092
0.9506817280187083
0.9867442175030434
0.9757269086469748
0.9871284428688301
0.9630308791943946
0.9884433418128103
0.9860802787816211
0.9857054034567411
0.9876538119714503
0.9444253655219313
0.9850556208937712
0.9896840535530874
0.9751078873783059
0.9303530064085086
0.9929299821827969
0.9804721826241481
0.9625587388206761
0.9958890937890478
0.9963798644041227
0.9942891650311572
0.9981995463792176
0.9814174677848231
0.9911719070464233
0.9888392739186725
0.9931102222095688
0.9692048947398945
0.9628733923513272
0.9931494753153235
0.9935283086621713
0.9794401101422671
0.9745262362844295
0.9854676804742079
0.9901083148446654
0.9899351987620869
0.9833051773824903
0.9744809034286354
0.9861674249202089
0.9803517589182584
0.9874706669969964
0.9482451580076764
0.9561343385880741
0.9923460755179012
0.9843930404475494
0.9931439298422572
0.9906905321752484
0.9935952365376097
0.9872292222704984
0.9756886838685892
0.9745150728602354
0.9973085630447245
0.9724406022453657
0.9813100388876587
0.9877746567610847
0.9688513205581718
0.7535684884278404
0.9938161966338775
0.9853483769348008
0.992192987320247
0.9849877911225292
0.9921267636049524
0.9849435297319363
0.9723542207860778
0.9976376540010367
0.9943038893188855
0.9895857755458581
0.9922157717590188
0.9905285754892685
0.8812845609008261
0.9924866226816977
0.9933614586364077
0.985703205144244
0.9867564487144526
0.9901480923694779
0.9855263744337142
0.9900767909770603
0.9951863628334217
0.9937729233001491
0.9911077128841127
0.9940752844046142
0.947351910048047
0.9891447102776727
0.9835345803903117
0.9866591621773739
0.9935218360713929
0.9907410990890376
0.9838023614349102
0.9309352928315446
0.9967531144487135
0.9883075854463255
0.9859223134054649
0.9942175362849598
0.9851209242179735
0.9780882159630023
0.9967642264554899
0.9892111243371929
0.9937364821097241
0.936584285307427
0.9343981745579008
0.9859543275466187
0.995260997729228
0.9871198271563902
0.975996859210706
0.9913941054839923
0.994900065247207
0.9955452377964613
0.9921777050967566
0.989395750291097
0.9816395757711236
0.9775138954182361
0.9441761431222344
0.9695155599404692
0.9728253919706172
0.9907684429976957
0.9333032746066569
0.9749558296856347
0.994529656696125
0.9921571226581831
0.9922814952415566
0.9970776004080221
0.9931270236762599
0.9916991131300021
0.9824786751134833
0.9954773613989125
0.9911632443136174
0.9927218390570919
0.9857856235489947
0.9919726933568862
0.9935756955565449
0.9838107468739439
0.991312373148988
0.9847250920670156
0.9942358143717877
0.9861188117220709
0.9852048198731135
0.9839855410514506
0.9962675563868598
0.985756787070679
0.987432022797198
0.9741994138306087
0.9936221639956939
0.9256544214044716
0.9821460294901403
0.9883296691638032
0.982072100699736
0.9938584598122261
0.9928247335654743
0.9876688156505308
0.9916448048674192
0.9929879236462797
0.9910190254854847
0.9904722085983292
0.995173573909661
0.9949207270616406
0.9792865661932126
0.9874368107842928
0.9891504867668816
0.9946169993937621
0.948456992777413
0.9816287766367899
0.9892778327517996
0.9965806671807254
0.997032994749272
0.9884992196713293
0.9866034651018365
0.9599462752434403
0.9406614353004632
0.9966135401774973
0.9733194510382306
0.9925285507669246
0.9945263996362681
0.9738685140271655
0.9843047508690614
0.9893269046961619
0.9933053362628281
0.9843592021573514
0.9786126210996677
0.9776274008674102
0.9901003950888111
0.9846066175161164
0.9923373316865068
0.9922675403281783
0.982126799221831
0.997373730829392
0.9914438542100588
0.9820579202738333
0.986156667913172
0.9659830797954461
0.991913939616326
0.9782073092039655
0.9917146557432471
0.9953402213861442
0.9930909896552311
0.9816165858805028
0.9929197180295154
0.9743165270149047
0.9918493391788538
0.9845535089764514
0.994301254147786
0.9913105413105413
0.9869689060657013
0.9644675392130962
0.9855508917940515
0.9887229503200243
0.9949107320749486
0.9873747150169915
0.9852588234510238
0.9912230270974666
0.9861088662403562
0.9875753971625181
0.9843260309378071
0.9819051681515448
0.9779898009541043
0.9757429267093839
0.9727711015057237
0.9566594115932006
0.9764130421646706
0.9825783823454114
0.9964499144904979
0.9934608437196318
0.9954698272277639
0.9943639076906678
0.98843805595989
0.9832776947180863
0.9913083745334857
0.9957382257005738
0.9823607345329061
0.9789600758816935
0.9914883173530117
0.9915613458971185
0.9672169247523175
0.9894022536606
0.980910835103376
0.9825693675271933
0.9904268064681059
0.9927428045102371
0.9934198304604164
0.9908098980943236
0.9913937175274844
0.9944841707426525
0.9604895379842301
0.9928487105679822
0.9890031271567142
0.9932304711497566
0.9349461770242626
0.995275660738958
0.9939026427879215
0.9939870591451745
0.992654134440703
0.9874922878456447
0.989649546433466
0.9926118462507877
0.9876005579525023
0.9896904144691755
0.9852666593156173
0.9816198696892728
0.9871397951893308
0.9884900111550553
0.988384044448309
0.9889892343369973
0.9920028837681237
0.9730947936936579
0.994818622203032
0.9943319531126318
0.9870123456790123
0.9927015093178235
0.9816216216216216
0.9938882835954799
0.9905741033642542
0.9881731902834764
0.9157797391798939
0.9884539043550812
0.9897865183148309
0.9849825500463536
0.995216289792129
0.9918585701846814
0.9941205037718134
0.9894353037691992
0.9935119246350673
0.9754815099499019
0.9973189937213057
0.9855964582448905
0.9916823712327778
0.9875701215953009
0.981247599242354
0.9934490715646342
0.9851232269921304
0.9882112488250596
0.9923528692034749
0.987321956041068
0.9773107309963949
0.9409202374806401
0.9828068313807591
0.9886982446533419
0.9810782449006362
0.9682289572534403
0.9777921297302827
0.9827191867852605
0.99457312630207
0.9597320310088778
0.9825623163773897
0.9847568402055661
0.9928322364025843
0.9801735602389271
0.9902322065955208
0.9736473594846751
0.9950807039753417
0.9968686504737884
0.9862683884395251
0.9776760553699809
0.974631198059565
0.983318836377694
0.9924223416922034
0.9992738209597
0.9813411525349022
0.9636865611043443
0.9879438283725659
0.99009897379419
0.9851120758286307
0.5215849232590538
0.9725977913097327
0.9869364369293429
0.9835484502385428
0.9882349533405105
0.98264251419611
0.9841386673032418
0.9714704009252685
0.9935737104083604
0.9779603157142751
0.9922711609266743
0.979018838838385
0.9261733012734883
0.9909622940742325
0.9882377354154278
0.9923805601317958
0.9955898566703418
0.980625785875863
0.992308103604015
0.9940883539044361
0.9913086527360445
0.9883794322391168
0.9511647210578716
0.9944274100369317
0.9937749689946199
0.9854568972424766
0.9863447443304303
0.7900292231247803
