0.8730322580645161
0.9827256142879665
0.9800057004417843
0.9768227909222598
0.9884499843070439
0.9032547559599442
0.9854240318915948
0.9913773106487814
0.9739311559191737
0.9757222263765298
0.8851695947705829
0.9902390293141305
0.9821236216319283
0.9915578372518741
0.8699902402166042
0.974296669490392
0.9854881266490765
0.9899896502035016
0.9733860725854728
0.466448596975056
0.9793568837747413
0.9943863756894763
0.8272127943283557
0.9958612677162991
0.9870914007376342
0.9940749120022844
0.9914425952384017
0.9920916305386142
0.9693421150554439
0.9704816157431383
0.9932370951479231
0.9737322184048383
0.9876409538254581
0.9900328770344644
0.9238508295712612
0.9908822079842287
0.9864689051897844
0.8415615766249441
0.9777909321022207
0.9886982430905168
0.9885101346145765
0.9875962736534514
0.9839628498709259
0.9896123417348732
0.9465920825357567
0.984016717636071
0.9883195638348377
0.665928896215145
0.9900013765313912
0.8481310678587552
0.9843317511866101
0.981973075916611
0.9937604182206166
0.9918183427038948
0.9897447136105914
0.9715812881245283
0.9670453382458295
0.9469029522705947
0.9880832633524973
0.9928424985343848
0.6626127279451509
0.9799624501580343
0.992272518655765
0.9883407322161609
0.6676926166526963
0.9636658113592109
0.9881565045672757
0.9563256499266124
0.8235123996818741
0.9921572959240031
0.983357628765792
0.9775401069518717
0.9888965073323631
0.992794409786359
0.9729067463765597
0.9926399278670993
0.9429856376033657
0.8811502995221108
0.9859128669677828
0.9914623331751913
0.7086492817952037
0.95624148768989
0.9934635365292299
0.958445775466772
0.982677548000968
0.9861202658537255
0.7202860489721886
0.9876993301321951
0.9899431028144928
0.988954390319578
0.9463001467822999
0.9891702778992566
0.8550903866438729
0.9818781892803644
0.9877851267701179
0.9473885787653223
0.9491729712768766
0.995466578304391
0.9857659307818375
0.9904799965745115
0.5613842705326474
0.9836203186904734
0.9619638414330735
0.9698485575275817
0.6716437708340542
0.9820397413745053
0.6479689460145555
0.9768699394145292
0.9764173730860569
0.9790177819731102
0.9925622661914169
0.9846143793340975
0.9436618129730096
0.7291268323773104
0.988520469137634
0.6632385529514269
0.9909705214081266
0.9612306408125226
0.6538549445151343
0.9824503138348425
0.9864748002352208
0.974918740269318
0.9356779411199262
0.9795742538451174
0.9837984797203573
0.8537097202080922
0.9890033210853589
0.9543349676716636
0.989762775141946
0.9863861386138614
0.9695440272399312
0.9802001147543171
0.978178455155939
0.9941280248571503
0.9768504194951498
0.5575321640649067
0.47192081393589275
0.841477212584534
0.9948408090020359
0.9688929176345098
0.9966241502037091
0.9957141202363026
0.9941492715843122
0.9717174682388244
0.9887521582025436
0.9911178050964748
0.9266044897366583
0.9804501022959764
0.9741646982350859
0.9851386884242623
0.11028175674299794
0.9952843273231623
0.8564731924298163
0.8439203771472576
0.9722515370600805
0.9846470639475798
0.9798195920153663
0.9765349438960726
0.9949905890986894
0.98627411132071
0.8714745308310992
0.9890273694316107
0.9807609524905488
0.9910038245358685
0.9863396890351788
0.8813112834772427
0.8358735940315943
0.8778036901542076
0.9764195165695186
0.9903357700408871
0.692327969055919
0.9787068987716633
0.9898764153955358
0.9780288763339611
0.9824587920504912
0.9954891966259191
0.9753995205970943
0.9884578899383953
0.4415916432247772
0.9865705773057598
0.9740674104617204
0.9946820491975176
0.9920061215850998
0.9698422591935562
0.948970936202509
0.9818159680549448
0.9461405941352917
0.9697034412262933
0.9829783961944307
0.9951256664127951
0.9612666589852902
0.6404550420367644
0.9764327877190323
0.9856697985859585
0.9843154516797774
0.9864103618973866
0.9753657670136515
0.9899870322890082
0.990806707266205
0.9893117336635762
0.9897771287065845
0.979142271087604
0.9890545563946581
0.9933917345849501
0.1387114956796009
0.9739961926312313
0.9615377205111902
0.9957857113170692
0.9724183739931771
0.9915981610068951
0.9806477897738847
0.976904139896194
0.959599244483415
0.743569080794909
0.9918512282408318
0.9763707074464256
0.9769328078403793
0.9755285192209835
0.9817751017681305
0.9890915391360924
0.9778264071990521
0.46172994857205385
0.9863703190102913
0.9890373098098149
0.9865513531407762
0.9871962126417287
0.9923320150458822
0.9920852272284797
0.9938050176056338
0.9490199183069118
0.9292017885082777
0.8280382626412618
0.9852121101311255
0.9749730325718766
0.9787699681742172
0.9500188959837446
0.9935940961434264
0.9879024091175328
0.9814960129906652
0.8578629802184373
0.7178798465695109
0.9649269440316989
0.9208290673460168
0.9946768719263005
0.9912488016266272
0.9661065404529716
0.939922442019204
0.9729848451570393
0.9884648528665022
0.9916769071420313
0.45903873999571226
0.9858628160736768
0.9807366138875472
0.5609167866490827
0.9926533873514926
0.9870606442554685
0.9932247813685771
0.9664134736210357
0.9327624160575128
0.9805325421470148
0.9863098601293775
0.8476591901249435
0.9834238893570038
0.9521173649927062
0.9433010391566892
0.5197360500567791
0.9636551574665311
0.9802648178159982
0.6433129217925379
0.8317058442814916
0.9835214919829695
0.9927282763254996
0.987946458599583
0.4247672758886113
0.973999420383779
0.9778529726565324
0.9879599988668234
0.9964617331074561
0.989279886889864
0.9907014501867722
0.9833336443069332
0.9871593883564035
0.7330041570606495
0.9857755343913345
0.9807436046241231
0.6020942868543685
0.9949777746100343
0.992251845066933
0.6582832967119867
0.6358469784025618
0.8593168698518604
0.9812445288782105
0.27917207932796395
0.9517341409571072
0.9913288024373096
0.986797497312643
0.5589439251762887
0.8837410581393061
0.986773200208217
0.9862705748186934
0.9507620712983186
0.9874552805641006
0.9482494267910143
0.8888122931916174
0.9918208880453946
0.9864701942397857
0.9762657579989901
0.9831885556704585
0.9927866831072749
0.9866249992914783
0.9762977618485295
0.9507804200085063
0.9861081851917872
0.9839055228914444
0.9848244001788287
0.628504081312772
0.9393677681489405
0.9908177421456438
0.9892253390302805
0.9519386568370425
0.9938582078708826
0.9518259300559798
0.9835551092141602
0.9803429460706621
0.9901071159276728
0.9748370008149959
0.8569079327195479
0.9826753484843695
0.9841561883769543
0.9749851843367314
0.9623251500553852
0.9934509765221994
0.6343972640475317
0.9744896343050584
0.9840658006555785
0.9770570526350235
0.9799194700610468
0.8418316580363489
0.9925410397244973
0.9838963498493195
0.9930276520471674
0.994445202624697
0.9870824875438273
0.6198873205549763
0.9690988958608135
0.9797622985681206
0.9757832210208657
0.9929068130226143
0.9929768878834434
0.9813108268061725
0.5294117647058824
0.9419004985288897
0.9801823362804432
0.969762137504073
0.9769979146976312
0.9912378733449084
0.9930150584454294
0.9936398162246847
0.9904951114032883
0.990752987452126
0.9460125884108753
0.9494722067896723
0.9889007912097236
0.987804449168272
0.9826663363586544
0.5306589687437786
0.9664539686073694
0.9674818986323411
0.9892722922519217
0.9935346626903951
0.9798361379581023
0.9663746287532403
0.9805749886161361
0.9551901961013599
0.9877438374629811
0.9562427554230833
0.9894252719215791
0.9899816254416961
0.9868042641023592
0.9859481303144013
0.9726507876841062
0.928502686662924
0.9835256717327875
0.9908409458455352
0.9902241262109809
0.9593014462700736
0.9845255328707633
0.9839275510771515
0.9955507707065192
0.9932255325432865
0.9504003124389767
0.9802486300809683
0.9849552581146539
0.9590175239642318
0.9926853573783609
0.9971532533922468
0.6502925708373786
0.9836002885611538
0.5941261464332931
0.9865607739745844
0.9902903557090841
0.9850048389026022
0.9962880597683693
0.5992630650543005
0.9887158226647008
0.5305881818522958
0.9668411501222084
0.9855978630733633
0.9877271054558422
0.9899805678771431
0.9503661299564219
0.9500236000799819
0.9892613670045646
0.8467527825998162
0.980886490653305
0.9689905598742579
0.9842536364920209
0.9312528640489184
0.9841490287299789
0.9800697682696757
0.9733607962228984
0.8420189662375746
0.930058537418874
0.9808323749024188
0.9953095141583184
0.9957541617622331
0.9903378513642412
0.12203036344119
0.9885209713024282
0.9878740893980442
0.9645871362611403
0.9906970896976555
0.9932294149381028
0.6538553299780734
0.9993859756846372
0.6988791402543973
0.9846682005886571
0.9891070730754201
0.9888009234428562
0.8433795142379555
0.9682572882740211
0.9843518425255766
0.9835889639136073
0.967607560308381
0.9776971984899662
0.9722147478552607
0.9618556179491071
0.9936032652065406
0.9843824260414963
0.9846104394487047
0.9782288508837156
0.9802373339161612
0.9872394969388063
0.9827209757566632
0.986792397916121
0.9954497528058296
0.9662057207804509
0.9887911585247668
0.9928681347360085
0.9630886185403581
0.9854087175961255
0.9820703342962686
0.9820722236459459
0.9950060746475292
0.9782749933783329
0.9590776838823074
0.9846153172885673
0.9927724696799628
0.948039319953205
0.9940176202101688
0.9753967637695097
0.9340324222587862
0.9886814292151532
0.8550879299991422
0.9911419791797316
0.984988296001401
0.9832632638452342
0.987726339159315
0.9829992480789334
0.9753168932933856
0.9833795312617967
0.9926219579341482
0.9836547037836822
0.9458073676737399
0.9865586792716385
0.9882141046902451
0.9952350133484346
0.9810378480588002
0.9887056573978062
0.9679096842270953
0.9316409197152796
0.9687209860733151
0.968661912170176
0.9965755967590469
0.641501354558698
0.9916224261783716
0.9523486724894624
0.978579984498673
0.9944081648613773
0.6382608103197674
0.8400702193223685
0.8564553107334745
0.9969461675730795
0.9899955379748422
0.9832371485850624
0.8666675920078284
0.8777123495338944
0.9828463188889787
0.9915635857899299
0.9911047816734808
0.9703546611316668
0.9872620392751406
0.8606715144481983
0.9795355909652486
0.834234695182788
0.9074803020799546
0.9966629032741515
0.982163365882854
0.9914832074562109
0.9943834122831933
0.9896033569934038
0.9938884644766998
0.9947431908214878
0.9740094715909948
0.9750082019414478
0.9840267219831473
0.9871856423664336
0.9781830443701351
0.5689604168969978
0.9875497665184992
0.9949761559699136
0.8637832519771446
0.8497230329382334
0.9773607801283645
0.843921126330585
0.9722313885955649
0.8284502673865234
0.9809006097113053
0.9798307015184208
0.9793294909321344
0.9432877933283939
0.6741237825760212
0.9922026180990324
0.9533545136192936
0.9933666332147311
0.9852245972070834
0.9829504278285635
0.9577397439113673
0.9845180398492192
0.8122623853982673
0.9763528175058588
0.9845045442587894
0.9639482997384213
0.990510206582204
0.9827354100684116
0.9703362839148926
0.9447109403479942
0.9901739371607433
0.9878993845330479
0.9872748484521261
0.9863946387500991
0.920765895509384
0.9925189755911101
0.9683104123478268
0.9819870698587431
0.9779101013031904
0.9865186417914805
0.9889506237551106
0.9723435817195343
0.6556339476186804
0.9909474206349206
0.9829565526931073
0.9798679391194242
0.9720059724464041
0.980910024623731
0.9595668571243586
0.9842993604087814
0.9582897857458696
0.846873763546703
0.9905069379595782
0.9956695564417457
0.9868328515810336
0.9762380783837301
0.983707615278459
0.9801741054992549
0.9501897702107055
0.9900853645494054
0.6094916235211869
0.6336087160431473
0.9880742568440841
0.9811932986668949
0.9869734231277062
0.9954647860821639
0.9595992758449258
0.7039957270391942
0.9821959955557973
0.979975159610398
0.9861673049221796
0.991159123078526
0.9830283091349659
0.9902193242442205
0.9913559954684461
0.9879196590046091
0.9834356787336075
0.9718936144589474
0.960205533341237
0.9832750582750582
0.9849535277956392
0.9867193295246027
0.9836357242730477
0.9899134694863916
0.9144774480849813
0.36548651901348994
0.9909726450577624
0.9879105355620741
0.5970350404312669
0.966022420682051
0.9938536133912763
0.9894025802413325
0.9827237474394815
0.9553360567891307
0.9734559712272634
0.5490816642492788
0.9857438188528457
0.9918625046905134
0.9671309257544668
0.9830069769025925
0.969495065871354
0.9881514365210867
0.9941206973364203
0.9880736570937888
0.9951629787387648
0.9739079399681395
0.9827815776456192
0.9837580028359043
0.81801026272725
0.964669584458917
0.9702935510837039
0.9921626039425046
0.9875622942118637
0.991395527067512
0.9794900667578219
0.98183893287681
0.9962484021672537
0.9781493580595856
0.9870814200918356
0.9781336190966501
0.9724488700413334
0.9849067543330894
0.9292025318515384
0.8698125911794411
0.9878388868125234
0.9878087138285964
0.9726775956284153
0.9809910194875744
0.9964318738670024
0.8746475337579469
0.9679028632104977
0.992504177608021
0.9702219615919175
0.9960979679984294
0.9898381200522096
0.9120110111055636
0.9945086551320584
0.9898937445074698
0.9799179422734159
0.9867029928432011
0.9919461579412641
0.9835739975307316
0.9945407272422285
0.6701150703894595
0.9796454678092662
0.9680716543730242
0.547407415180867
0.8625291974817374
0.9891137375933785
0.9748665102200456
0.9898273464431213
0.6502227890064253
0.909852675817098
0.9886608483687728
0.9923865470050354
0.9927310781382198
0.9745514561039238
0.9871310290152027
0.9744664911891174
0.9736149796687932
0.9829083316975677
0.9912434639352482
0.9719377580413952
0.994958221580359
0.699479192500372
0.9851967376575563
0.8574216234474747
0.9916063497917723
0.9852542892974357
0.990003802149943
0.9941358972916604
0.988957313681411
0.994409498348797
0.9970120009796718
0.895980744843293
0.916724199963049
0.8581117117990739
0.979444490428161
0.9760052742006892
0.9908875329227943
0.9893861053414043
0.9223409662662541
0.9893854049317812
0.9784092898406955
0.9836602149429139
0.9951633367473287
0.9868079584775087
0.9931336039632749
0.9852881769540879
0.9901915057067603
0.9404198948798418
0.9924441076165215
0.9925316059357051
0.9879138593194025
0.9891625091688924
0.9940617246089939
0.9710880296065364
0.9971027029589165
0.9810589006579623
0.9936501979130754
0.9711677417080822
0.9757499299130923
0.9888417713687953
0.9514630562580851
0.9624043003746539
0.9837984957059577
0.9926221402460027
0.9644419984239202
0.9863454312962264
0.9731547636575195
0.9843506842432151
0.8347744109246698
0.9878983705924618
0.9721069318154729
0.9884568952174586
0.9770603617470517
0.9790788502726733
0.9856896015592692
0.9878136422637304
0.9550846425526732
0.5860225637256832
0.9958699370823674
0.9935108465395651
0.9570093061494923
0.9826182560909649
0.9645871539362337
0.4956185434547978
0.9673462860583061
0.9838791511493911
0.5431945539385933
0.9772799062898959
0.5993926812168229
0.6021221493047698
0.9726915520628684
0.9628235122093873
0.9931464712016745
0.8427103916346543
0.16051700878696176
0.5087246025897463
0.9819044991813198
0.9489725416416628
0.9525109630106781
0.8460177327411481
0.8530949659574629
0.9847127262613855
0.813141028482275
0.8451681470286347
0.9846965052115266
0.9901857512531154
0.6896778219317548
0.9874329436405993
0.9560160012428149
0.9548358906486483
0.45321774422178784
0.9792189096312808
0.854037645875913
0.8480412890354727
0.9862027674294838
0.9947607639433088
0.8446236242716733
0.9864931782425915
0.9934370144730095
0.9540750893831241
0.9890807695011364
0.9679779744636818
0.9632658404740991
0.9961714521194841
0.9798489313610483
0.9877486240584394
0.9877299350468877
0.9728989571466129
0.9336882229232387
0.55913546704756
0.6566738313910369
0.8633132742147327
0.9796536408093679
0.9889894065051186
0.9579274496569926
0.6669500382912932
0.9696070280974444
0.6430567516078397
0.9890853134841111
0.9933142841290538
0.9636734001018503
0.9921103394291328
0.9900172035275715
0.980248365560898
0.9546289011277209
0.9942669647364246
0.9706756369983781
0.9912763803781142
0.9853021331417388
0.9771292666896777
0.9676616321698618
0.9906249214133032
0.9738357078606041
0.8740732242694017
0.8471963531210819
0.9941514339793172
0.9713214151768971
0.9847348948125253
0.9673293783506713
0.9879869048940184
0.9784605034478893
0.9792240031037451
0.9860167276529012
0.9947961304802807
0.821192311868824
0.9835425339556789
0.9777301373154189
0.8670741269167984
0.9933473647027655
0.5195765050259933
0.9902375528799219
0.9915591006784773
0.9916091545411084
0.9898974285689287
0.9897841566453253
0.9389861529921839
0.9861586125169681
0.9696513249651325
0.9911622004242511
0.9670390188359095
0.8530189620758483
0.8558374150157175
0.9931193224746543
0.9738811181834507
0.9802708462225889
0.9931663672549227
0.9888974450057575
0.9670793089375596
0.3900504560280525
0.9805690353785295
0.9807144741510275
0.9771977838595555
0.9927470370101069
0.9771594858267387
0.9383918221098113
0.9819395570275306
0.9910752051433889
0.993416393278852
0.9787212988723164
0.9893394745347924
0.9887808489140982
0.9926171159795442
0.9434963757776382
0.9819474126545804
0.9825068367267856
0.982651565622918
0.9924295592346721
0.9738813136162857
0.4667186649736985
0.9671422931868797
0.9890381122748563
0.989647790110675
0.6197786368421648
0.9705758345070107
0.9838488449150061
0.6448669183167122
0.9792929204260161
0.98239319273486
0.976234647088621
0.9653179406675115
0.9899618340565692
0.8510864552719063
0.9433915619944376
0.9873692712612625
0.9839186460701764
0.6851879234326271
0.969272749357951
0.9766196680349812
0.58874294205052
0.9233231165844566
0.9752024291497976
0.9840618955512572
0.9949177744734681
0.9822161754666373
0.9856691150062323
0.9883588221867153
0.9851681780091157
0.989111760762909
0.9789931826060162
0.9951356824821586
0.9935208826611398
0.9939786142987259
0.9900100595008775
0.9871621897869904
0.5243375392494236
0.8699753178627486
0.9771784644083269
0.9657655266688238
0.6770860587405413
0.9702446500539252
0.6701939217450175
0.9364303691451178
0.9777058733208249
0.9683620844446716
0.8492902406867604
0.9974665469034294
0.6402507494304046
0.9256571147673712
0.9935208826611398
0.33791783688529103
0.9938442467250659
0.9676151364036374
0.8463297762555294
0.9936660865845478
0.9955036798024596
0.9899503168416982
0.9701866015187012
0.9859599888402015
0.9771444242544094
0.9851158950399742
0.9978886000157567
0.5567356927503321
0.9914823039946027
0.986015810981121
0.9819612609191036
0.9749342457669723
0.8979825258760444
0.9882968940415341
0.9895785572367416
0.8056859619625739
0.9886760686563901
0.8694057775782068
0.9805935816118446
0.9827296156166037
0.5954511162081834
0.9797171717171718
0.9800627868529582
0.986913820877035
0.5644929586661733
0.9901955382168296
0.9940833627693395
0.9913633277999304
0.9874442319949012
0.9971916760014515
0.5858801791607036
0.9890882615581352
0.11536969473052233
0.9910551210602726
0.9241919447400094
0.9838825357612464
0.9897985001911099
0.9878768166294594
0.9918884745617419
0.929005008625859
0.9862678062678063
0.5559807691595945
0.9894124367553452
0.8072755072154406
0.9716985536476278
0.9878438104411182
0.9896676529278194
0.9923088246117613
0.9911581485698975
0.9497404394305592
0.5504614179980984
0.9894858284667626
0.9914029653209199
0.8849678856779101
0.5636531447182754
0.960532532165218
0.9134803829781922
0.9806669086760359
0.9913290099166981
0.9888212359864572
0.9721589471019995
0.9916458859124048
0.8321424412757894
0.9974500062713704
0.8551619709031711
0.9933235122778443
0.6049745543287403
0.9883596140914268
0.9768063789630291
0.9917662360566113
0.9359390615141593
0.9771304236528863
0.9978134291685075
0.9791336475897352
0.9882897670202602
0.9934092466979733
0.9864876210733068
0.8604668070217955
0.9952545524363872
0.980779909033749
0.6725356366272046
0.9849091724974655
0.9741567135090317
0.6437651482128836
0.9848591278624386
0.9887461393771916
0.5438099467428194
0.9557571550534185
0.9795940628619481
0.9790697250050182
0.985741525929615
0.8518786912569296
0.9885199912844537
0.9843506842432151
0.9777204161394
0.9943142021342343
0.9938237180380894
0.9920231936290181
0.9602899857782095
0.9458250558092859
0.9962675059008654
0.9907644659434692
0.984532561587727
0.9682373722054705
0.9817023826438266
0.986558426221833
0.979869352062156
0.9861400727168508
0.9979973338365362
0.9784395349485109
0.9510124362244898
0.8627578383200514
0.9901014056004047
0.9509174396688718
0.9902104256736605
0.8760343103082472
0.9827662232674359
0.9782464882512135
0.9814939804889942
0.9898240615860219
0.9685813148788928
0.9950562787210978
0.9557139034026831
0.9606573625565521
0.8502239008503709
0.9769155481965327
0.9915219587846887
0.9896870207108984
0.9829751325483167
0.9810374350666198
0.9560264051849089
0.9733034085552071
0.9882891834088344
0.9659209833632495
0.9783864868580638
0.9915254450778808
0.9773513331026629
0.9883946057859101
0.9911178561205992
0.9955089720610086
0.9837697433167159
0.9865965225037491
0.9931282042008373
0.9897962511706355
0.9873708153690084
0.9691659266305768
0.8995594978189352
0.9777025821416737
0.9917410018313508
0.9725189737667052
0.9381835375380314
0.8646627451418111
0.6450950372337656
0.9874276255918545
0.9881096165008815
0.8151839788909253
0.9917874892734554
0.9565015519491677
0.9742363904667569
0.5587954979919457
0.9845686167392711
0.3831321052194839
0.9417568983583654
0.986464927389015
0.9285836657774297
0.9677138152584509
0.9916209835246946
0.9267950868658705
0.9863213235946726
0.9869535250098463
0.6077123550985271
0.9398985164352782
0.9840306481057235
0.8370733190747658
0.9104866474364939
0.983468667673491
0.9869956792548117
0.9909936108968252
0.8298102731071122
0.97037805325896
0.985194120611734
0.5235164455616291
0.9319350310808101
0.9875850198138716
0.8940379611204653
0.9945699467082404
0.9907145708793925
0.9878902562303149
0.9911793471240612
0.9905855970212406
0.9371002796551817
0.9695688066460866
0.9934203960046372
0.9937752859879668
0.9893962998327243
0.9616277465523757
0.9833940834013573
0.9814158304175279
0.9952443006500704
0.9840997759952267
0.9889017443930225
0.980489224692641
0.9940180551650892
0.9891224937089049
0.9769275605409372
0.972809667673716
0.28078426177386234
0.9937376712138472
0.975030848515642
0.9953335163326928
0.8391913817099709
0.9922656960873522
0.9944741204641738
0.9817118530758961
0.9724728424423394
0.9731383143904105
0.9968141747403334
0.993009261681754
0.9949225048109429
0.9484890165459767
0.9957213566175189
0.9463441183094362
0.9952570134053274
0.9708314246016272
0.9659177973186946
0.9824728565756995
0.8523107731781345
0.48314561789265814
0.969484847214654
0.8323392784768537
0.8295162017993153
0.991238500173339
0.9943998231523101
0.9966280604017006
0.989850499841679
0.9847139443728522
0.994278459397575
0.9851902263397071
0.9907098503914105
0.9813031150324766
0.8117760312547211
0.9761641003601227
0.8494706634996676
0.988606084046774
0.9684146752663665
0.9932176303256943
0.9793138841735423
0.9593778574190104
0.9904727473789422
0.5671067678552865
0.9020452099031216
0.9004271896918565
0.8580384626639597
0.975678075413231
0.4870676641282834
0.9830466522044302
0.9618703437905817
0.9946373773281074
0.9816855367327828
0.9463494851718274
0.9885391888969707
0.9521565703060119
0.9884911757394979
0.9915394456289979
0.5395663710793096
0.9626342441960026
0.9886647076912564
0.9643652081817516
0.6299386193232586
0.9626783173871375
0.9582216545391459
0.9603848586141476
0.9859968519352139
0.9917375556985251
0.9953682057276446
0.9810491803278688
0.9892921401799938
0.9935800445628449
0.9823092639657148
0.9938893250947325
0.9920512002915319
0.9692788181280503
0.8342357520478708
0.9747289537467603
0.8477364567527752
0.9919278769006776
0.9883258123344382
0.14612801570491296
0.1607996369002293
0.9817390613201924
0.9905884176045553
0.9780188056746948
0.9352421570775947
0.9807097798068073
0.9775713638423199
0.9735896266191127
0.9931071563935091
0.982914558303119
0.9856039702003341
0.9959565011920755
0.11371322070247675
0.9757873708966749
0.5420703713976542
0.7418630010243532
0.9797239715338727
0.9904042980876215
0.9809587074886419
0.9577587770675571
0.8632824371482766
0.9861903982669815
0.9720602431386707
0.8623381155130564
0.9928015598846113
0.9730275213115335
0.9919907776248763
0.9892105051266794
0.991707842724979
0.9879949711217613
0.9945142981288868
0.9859978726926767
0.9653721498834367
0.5897816970719038
0.9912349611619723
0.7016445755526634
0.9878657040152341
0.6598351270895352
0.8546264723063756
0.9900040044263982
0.9811961473687986
0.9664957233727699
0.992727157574734
0.980658234310992
0.9766496182725185
0.645146121425337
0.9240596840931657
0.9540924029235494
0.9877898273065887
0.963062889635871
0.9903384060873047
0.6365537937386723
0.9877167197951457
0.9092627088901487
0.9751833269008104
0.9330944532033826
0.9790744058686319
0.9889651807066299
0.9935687405216154
0.8669199635549991
0.9610431216761709
0.9885557781903762
0.9523748914661179
0.986866064180236
0.9931451047953131
0.9715855115986884
0.9716647342953832
0.9721794892555827
0.9909194463116289
0.9849532676926493
0.8448768338716581
0.9874244269067824
0.9849314438207417
0.9846637464312415
0.9847465575963527
0.9844199916827076
0.9774254421668024
0.9901730902026847
0.9734249440428576
0.8119841491084756
0.982885598923284
0.9371304233181843
0.9818187737031431
0.9825612490615215
0.9889939638944265
0.9192540783834007
0.9732397774014033
0.9918533697632058
0.9880548781696703
0.9515838145610268
0.9870565159083988
0.992292366657099
0.9908747806043069
0.9761088640570371
0.942960304656548
0.9893069769951616
0.9876289038804433
0.4258568905312681
0.9942888576097332
0.9820494140581644
0.9861641249607944
0.9844757268780424
0.2974133744578131
0.8309985096870343
0.9901836325291908
0.6191929274205048
0.9731528602393742
0.9711873194578179
0.9903214248459092
0.979218239195752
0.9829095105974792
0.9831241077610725
0.8372431928787039
0.9890898819109949
0.8415605923792958
0.9737617730772536
0.997825252654471
0.9237439213493813
0.8593105875255556
0.9886753372516845
0.9253216279348769
0.987952915210594
0.9833759933730434
0.6470774771727453
0.9907372387433842
0.9731996632738961
0.9795540308747855
0.9927393866917229
0.9889513749134962
0.5494676656151419
0.9803707232669476
0.9899977528911929
0.9934317415714096
0.9647822871101767
0.9781928347885734
0.7010042635737235
0.986149036621156
0.9250102597476187
0.9892710014523902
0.6661960859222736
0.9938276146796491
0.9930876721865831
0.9745752328050972
0.9843684488545785
0.9694330406878697
0.9860515477049807
0.8130740762560722
0.9897065286978929
0.9903042602492844
0.989286632009646
0.9876756172582924
0.6800659177982711
0.9852925168422453
0.9757446944006622
0.9966315811060924
0.11255956807977302
0.9754229439046472
0.6978484428985238
0.9922925615190077
0.9879965794174026
0.9803644645366909
0.983757775264561
0.988087049825295
0.9819756936063617
0.8450170964824092
0.9911456151800586
0.9909204694792153
0.9960826210826211
0.8497758332216463
0.9950963222416812
0.9887903789405116
0.9680239038474451
0.9889479038672427
0.9661347375678871
0.98894897044076
0.9888663967611336
0.9825445264088126
0.9775776322445198
0.8255686325650138
0.9946987264665635
0.9697821734516373
0.9771150220272303
0.9532577400206164
0.9820846656030394
0.9902772314480682
0.8522284738149847
0.8358229788165745
0.9836500104975856
0.9913969954106343
0.986223756796444
0.9522556527419882
0.9813915179106266
0.9442617530768354
0.9455332602798786
0.9841901837610776
0.6325131514360344
0.9870164816683484
0.9919588746534994
0.9767961058448926
0.9886574437460063
0.9872190930428891
0.9920442898347513
0.9876200158138484
0.9611691594637972
0.9730370555459742
0.9901434939308397
0.9887781497934635
0.9867152557959257
0.9883595793763917
0.9706110711718189
0.9762248406839549
0.9737534239108216
0.9793254053027606
0.991909511702197
0.9911673080447132
0.9899987322724842
0.9847346504828564
0.9873757681511266
0.93494925436926
0.9910297381139644
0.9937750224691559
0.9790215765861995
0.9877718688003964
0.9950414126780198
0.9737638748738647
0.9902616524222826
0.9798519233702603
0.9929272070211668
0.9880987585848088
0.9732851985559566
0.9801472514663658
0.9925595587873919
0.8605061221567176
0.9724337290116243
0.9616610596211748
0.9897060678693075
0.9595909466877209
0.9549098769385608
0.9942509116946697
0.9956836501144393
0.7218764676473707
0.981030226520972
0.993883090454582
0.46612029367548274
0.9950351982215635
0.9894033696076115
0.6209428538857403
0.9877310022237559
0.9541524149690751
0.9826882218396371
0.9629424296785088
0.9815075593693634
0.9835458961151052
0.9854154363737228
0.9081537471339209
0.9888841874602678
0.6654937438877516
0.9488225177516304
0.4404679802028493
0.9820261789801482
0.9920436802436533
0.9728880775354869
0.9869894571152175
0.9809080196432455
0.470894825121295
0.968621648158648
0.9831438119525697
0.9777645712189166
0.989531118652511
0.9849781475833006
0.97953291528324
0.9905334209533875
0.9889087105791935
0.9846645220939384
0.9891147435510786
0.8546499005207091
0.9935082679883767
0.9530888288545353
0.9944034235972086
0.9865201021229201
0.8555301120343711
0.986413368194137
0.9955449121676383
0.9602145667619668
0.9828216003898917
0.9902981232269593
0.9949208907004116
0.9798373650052588
0.9830388236811557
0.9517965214546644
0.980685092816865
0.9931676200338861
0.9959032069736073
0.9928860859762971
0.9878062760802776
0.989927712146929
0.9895888263901096
0.9848846342225362
0.982373615943735
0.9918034346653419
0.9524087407376309
0.5325970818014706
0.9953994966970745
0.9753625763228664
0.9932065688620678
0.9915663526552487
0.15360535730391126
0.9968175531414913
0.9851044529774043
0.9772169020434809
0.9918223961642886
0.9890784850048183
0.8725605007355274
0.9902228030698649
0.9889856841637998
0.9903429625228972
0.9759813383801865
0.6369371313734579
0.9545061776885009
0.38390992341884006
0.9907399032508585
0.5612756205249052
0.9787515108395587
0.9799705332728461
0.984071930367163
0.9952987913632474
0.9887180544799489
0.9883495834431314
0.9658263152635069
0.840621993937964
0.6105459978544034
0.5695950519623588
0.9928105445346824
0.9914407692945371
0.990300987322036
0.9462175540206249
0.9819893284119985
0.5660723135971232
0.9807024886624537
0.9649735497175648
0.992087339990485
0.9888357352328859
0.9959812165053396
0.9856543858392036
0.9694096059288819
0.9902458417699868
0.6518769016600261
0.9914598906831658
0.9714154954040924
0.6397993006295709
0.9898704328203047
0.9682681090253473
0.988816166795992
0.9824460293446677
0.9794874274236437
0.9940404064403209
0.9796083813521977
0.9654519884124468
0.9933861873065671
0.991522153285755
0.9886626570714504
0.9889415147239086
0.9739747435283442
0.9830121486315342
0.987260276571125
1
0.995681639919273
0.9939511818561944
0.9883286529291031
0.9908369412259467
0.9879015274649551
0.9839072532308653
0.9846060062500875
0.9901570658581775
0.9943165280267169
0.6750910320807127
0.9902002900917038
0.9497562708210856
0.9801588368293565
0.9495371020613183
0.9656407683086616
0.9449007867781681
0.9885046208837294
0.948235110099237
0.675888678744582
0.9238223034289059
0.8535314485494335
0.9863010819685102
0.8515311527884225
0.9836674869593769
0.9927459212414306
0.9862953430979171
0.9706826408687574
0.9736583279880265
0.9866184570675498
0.9822679815941091
0.8075033762645066
0.9923320553425571
0.9929797689705788
0.9701380558492964
0.9941716000251534
0.9888374806114197
0.9946033261132934
0.9867334442804659
0.9825219360317011
0.9829661033060207
0.9900569169489337
0.9911012203374011
0.9835921832004104
0.9894766635532535
0.9840593195509177
0.9678799329792164
0.9873558379510877
0.99219460556954
0.9836457239779278
0.9975898887425385
0.9728911813957242
0.8814834216735784
0.9914356277884002
0.9585237923742509
0.9909774972361899
0.9925426557248036
0.9409871358613096
0.11898850941226043
0.9751982032134836
0.8336824686778317
0.9397930426740422
0.9941107762978377
0.9849098068589539
0.9883812909320907
0.9823153931175994
0.9603216252571132
0.9742059262417395
0.9239932616717471
0.9539463310300771
0.9933995123650297
0.8592026583321704
0.9173865948059496
0.9808873705052505
0.9746510083790576
0.5271145693232114
0.9882511940167601
0.9888598345094387
0.8694790370665978
0.9509423503325942
0.9874002347417841
0.9916324537533068
0.6377494088765971
0.9733260981402265
0.9647099427651068
0.9839253577481523
0.9847609801243983
0.9922662240371338
0.662486448794147
0.961156951295166
0.6817606300782613
0.9943376322863852
0.9700873760820646
0.9828545227482927
0.9772443091555719
0.9816352943103815
0.9872040073735058
0.9898238887794041
0.9927731007201541
0.9423231678552598
0.963994620922643
0.9913714132812869
0.5947362014096089
0.9770018337408313
0.9777498779382019
0.9929257860924415
0.9899685209492501
0.9942708823648077
0.9878882636482192
0.994679725394259
0.9843440222630458
0.985691848509545
0.9755415584274426
0.9931645885029822
0.9806310901973848
0.8492071062750606
0.946939394952709
0.9541156257551576
0.9946477493332365
0.9855130784708249
0.9815675750589006
0.8562460966048767
0.9895517529444525
0.984598300272508
0.9841108020331183
0.9366953316953317
0.9849745954229624
0.9760959920993081
0.9754426427146008
0.9919933003826007
0.934714767561226
0.9717972662601992
0.9837631855083669
0.9899868193141903
0.9476056338028169
0.9892550573263701
0.9693222346746874
0.9834745050045268
0.9938414211177127
0.9709827436743569
0.9860394444848201
0.9961718325176726
0.9915716114514027
0.9703706088582312
0.9916629240311311
0.992653409330966
0.968020799480013
0.9857119846062089
0.11056910823491496
0.933727377969567
0.6211847086809394
0.9891660597232338
0.9896897892737633
0.9860454613106694
0.9745760052491192
0.9883924507973659
0.9846322454943984
0.9929250999295972
0.9878625267962104
0.9513858598675602
0.9765307169909181
0.9852400043936731
0.9722090744907862
0.9784332260723709
0.9963514519731943
0.9966002680197832
0.9572681046437833
0.9834298132835597
0.9916470336260441
0.9891904837937091
0.989418918897723
0.9899832505733964
0.9423264687727961
0.5438686261676682
0.9799377186696455
0.8513575950611458
0.9845443968480617
0.8474422268742723
0.9678803271293809
0.989949189545138
0.9774969151082114
0.8525377700905434
0.981141241389619
0.14775887971136037
0.9939000585594379
0.9605564230801921
0.5519363617333054
0.6246933623107306
0.9902857210801042
0.9804588436510902
0.9885415123228133
0.84440575108505
0.9897103814587976
0.9856167402330003
0.9926311623511483
0.9904207724586386
0.9549404594189789
0.9654700133385304
0.9928589099932477
0.9888848772436559
0.9943180365142874
0.973716902584159
0.9911929367854847
0.9892769817093994
0.9883691650343386
0.9933995862496823
0.9337922264609941
0.9799412118851153
0.9951330972238089
0.9951145254363295
0.9916231688043566
0.9639087679555166
0.9956871115131684
0.9738930473251103
0.9916155898672562
0.9872114053745705
0.86131961981993
0.9889080025099551
0.9811972417309692
0.9909418894281385
0.9766281383074925
0.986986929106085
0.9878762121416226
0.9955638834644602
0.8103184444503073
0.9936084220145891
0.9914928230741903
0.9939659631061745
0.9935393897996357
0.992483596457768
0.6775226180230484
0.6810348562170218
0.9847017196133095
0.9927058174842933
0.9755471721167505
0.968390146388189
0.9944444213855534
0.9853745196142412
0.9911242930567581
0.9557366491958118
0.9839553882181068
0.9649178071971549
0.9844038923619063
0.9845214471073118
0.3138819095477387
0.9760093454191577
0.8480371669890268
0.9950620914595837
0.9832529814767825
0.9710995071629339
0.9923905062774807
1
0.9877154793660073
0.9615511465783722
0.9618808850891211
0.9899157530970255
0.9722735871565887
0.9839857193123986
0.980814517246156
0.6972733576779474
0.47768471118581907
0.8581777251868741
0.9764889903004991
0.9944098309030394
0.6547272814917771
0.5677200253266563
0.990133900088309
0.8232735341903615
0.8254541984947045
0.9584460416827678
0.9845002038918228
0.99208250166334
0.9412590354911132
0.9797586043386055
0.9942124140644486
0.9938737441756065
0.9578324009046542
0.9729131212166907
0.9740965375039757
0.9645732973212666
0.9666657486522401
0.9458137183487535
0.9781362851311037
0.8426088746991317
0.9702462741782053
0.954975405032379
0.9647293359914123
0.9829994613402437
0.9716782739314489
0.9917794188992507
0.9802633106554903
0.9925807087476456
0.9887773076434162
0.9884022192920003
0.9832858157306229
0.9854313142848895
0.9709341451690434
0.9791770766141854
0.986156805043508
0.9906436104822739
0.9747060336161956
0.9899937756219013
0.9785161548697147
0.5470654174234658
0.9394970190358019
0.980285951300444
0.9878072677803612
0.9712082696546375
0.9754376441850997
0.99204421366969
0.9731633348715232
0.703551115956359
0.9251233511227469
0.995010680838797
0.9913238640822413
0.9867919263324342
0.416294273085035
0.9812818714081429
0.9607408691506766
0.9526615275187912
0.5363190905527244
0.9943386327866609
0.8506967255627399
0.9580532081075037
0.9863314784551416
0.9788816195059474
0.9450380789555487
0.9942588650941894
0.9718757370381413
0.9852504449109352
0.9892338710514677
0.9801966837035913
0.9430047846889952
0.9915764256777813
0.9859437751004017
0.9741257072259895
0.9907616922332673
0.994700554440302
0.9764734670316915
0.9911731177510276
0.9950498875772906
0.9779252429918898
0.9839341025902856
0.9927745588738024
0.988843461580653
0.9936725046816866
0.9883451810216565
0.9861020060312049
0.9756942108208435
0.9822588623248145
0.9915291113576374
0.9930316027313718
0.972145631900788
0.8515192501258179
0.993255442609948
0.988550442860229
0.1379210933746196
0.9852379996911677
0.9931027780313761
0.16198451473998013
0.9872220205232212
0.985604808258745
0.984172154807326
0.9815335480131921
0.397334979157392
0.8181557856153838
0.9894672897797034
0.9853815615659809
0.9614494537584819
0.9749085943350513
0.9964977862493003
0.9825471099228467
0.9893583295490571
0.8460298949163595
0.9881156419161737
0.9806537312786772
0.5689941225860621
0.992582596884867
0.9077535453210842
0.6082196473727148
0.9898632254353961
0.8403794019198318
0.7166495439120825
0.991755399742944
0.9693433962470043
0.9881088925821024
0.9837441148705122
0.988782645925503
0.9486234070697704
0.9706513529942712
0.984263036993863
0.9912286553463843
0.9526748457060044
0.9826355638972945
0.9874578787378938
0.9853207598387792
0.8268942939171712
0.9688897679938566
0.9657767638777566
0.8503010595733035
0.9899278883837592
0.9852298345469261
0.9923126328644444
0.9884714908527069
0.9858300138505642
0.8557343020238714
0.9901695356951543
0.9952748560443919
0.8592661121844001
0.9864835857510349
0.9911304852537516
0.9373895058053263
0.8312331220207946
0.9947008987533421
0.8905566476385719
0.8425724599878972
0.9888687349707243
0.9895545253775293
0.8211711434761066
0.9763085399449036
0.902573371202341
0.5934769554121003
0.9839083897513979
0.9865534738485559
0.9830406225824466
0.9788478697191074
0.9910514771227057
0.986668614631652
0.9872814482438496
0.9662138591462319
0.9843735516211147
0.8678754316024754
0.9905567404574539
0.9849235937564014
0.9831223207657122
0.6955200951269155
0.9890938140391095
0.9905989745712864
0.7696027501447498
0.9781819825865142
0.9950341878870493
0.6598299937655442
0.9904699229794287
0.9903465738249723
0.9809400413957202
0.9955260686664478
0.991052672099955
0.9877638886665919
0.9808860040082558
0.9853992918045008
0.8560871624822359
0.983775164345882
0.9898448694785371
0.9937016361521344
0.972301669789778
0.9967428163483848
0.9778134421487508
0.9821107696281973
0.9953645719007838
0.7024350068813056
0.991435642454881
0.9522305840740117
0.9927263437801183
0.6541626245922322
0.9748058209088474
0.9764768319933207
0.9948481899637353
0.9917697461667311
0.9863113163354079
0.9957637779611134
0.979973165627864
0.11571209868022862
0.9898885303261344
0.9788587796902329
0.9744090957343612
0.983070679542627
0.9597452691443824
0.9907819993877343
0.878668503705289
0.9749273852666421
0.9901928982638247
0.988510759313679
0.9932058116441936
0.9673219823298812
0.9718021885778465
0.9949153726666344
0.980673379569702
0.9975281194693502
0.6766971399001714
0.6572470738135985
0.8611804767309875
0.9778290670023779
0.8454290296712109
0.5527430926882659
0.9860674734121979
0.9798134344414747
0.9821511833933267
0.9864926340195104
0.9938716401364633
0.989853661290095
0.9936339100391912
0.994125217410034
0.9946811643918683
0.5701177427759139
0.474085966359697
0.9896352683573713
0.9960967871548814
0.990861694592492
0.9667665299858758
0.9898943652626271
0.982937706971646
0.9775727775953127
0.9572020540980273
0.9882160714988779
0.9792096576405689
0.9888759754275278
0.9645240664796029
0.9825925535439949
0.9872520217172399
0.8625689460756462
0.9773316889998929
0.9746481285221886
0.9933908641981063
0.9868644538628824
0.9742142414413547
0.8490816052521288
0.8146910061060337
0.9802385207682712
0.9594607416096673
0.9890266772542196
0.9903977439483456
0.9500159693388693
0.8534318763256292
0.9765478866376397
0.9852991026919242
0.6327774117835663
0.9871407138033691
0.5534728326953648
0.8225769846574746
0.8984844088918362
0.9839832927722714
0.617126446962316
0.9701021216788026
0.9886436797492565
0.9833097164590382
0.9917328319876454
0.987720351470829
0.9897306622644596
0.8306291072110242
0.9885556538286296
0.988792873729491
0.990970833558522
0.9925572715782165
0.853067321028486
0.7115272299894008
0.9871861566684007
0.9500624449861976
0.6176237570400711
0.993569322487966
0.9850240392812084
0.980995696482723
0.9807177947598253
0.9891998025001268
0.9634766350352811
0.9882748416198589
0.9818374093311627
0.6992752105241108
0.9713278872337018
0.969025254330939
0.6093010246891607
0.9961785225957999
0.9824119187765793
0.9918885346982146
0.9895470383275261
0.9710014664837504
0.9615867668711795
0.9965230114793417
0.9923123304190533
0.9910384696893282
0.9883662998925691
0.9928314006227169
0.9918997898741277
0.9805473880548683
0.9739291523585758
0.9057525325615051
0.14815335830300047
0.8396883799067743
0.9873535118982916
0.9867275335854963
0.9751191611058151
0.9636369230348487
0.6135909579663632
0.9927848172340864
0.9772543133791125
0.9926520166727963
0.9974204643164231
0.9793803620497976
0.9902849995673482
0.9943817177219997
0.98157383083248
0.9899180949239431
0.8558737415647654
0.6387025814947823
0.9851583662806498
0.9731300714696733
0.14150708419817706
0.47443530004279466
0.9931989215925615
0.9811960179802782
0.5209719546641769
0.9923401950162514
0.8414031722993988
0.9893999991219713
0.5544689468488913
0.7164873502932672
0.9796124023774645
0.9840617654365815
0.9944988333627784
0.9786808402964272
0.9878283386121087
0.9880881146139643
0.9917840375586855
0.9690104415159384
0.9767677989407211
0.9946437034125267
0.9853194153764825
0.822844387755102
0.7897495076788483
0.13889268561679022
0.9871787099903007
0.975786302175191
0.9954606881735334
0.6523892657621708
0.9046570341484229
0.9826524422003394
0.9829780262985452
0.8892193468598122
0.9887081459336825
0.9815767286977246
0.941374158007288
0.9745328461546902
0.9736638255785116
0.9948360394162984
0.9778947012629989
0.9920294499991014
0.9667387944358578
0.987256683467789
0.4702935613705297
0.9702081574558575
0.9919497145493339
0.985859090469591
0.840525433594928
0.9849312033243252
0.8304885534065533
0.9387732559056982
0.9838873092133216
0.9883770849905931
0.6177153213269114
0.9320029447336594
0.9705135601338879
0.9910128261831048
0.6730636365230505
0.8352127083934009
0.45140178975335205
0.9761726695212919
0.9941439693157691
0.9694283378689198
0.9905842643431513
0.9829645853834026
0.9892988460127156
0.9481124539609753
0.990943519671863
0.9888088788233307
0.9852129784170414
0.4832551941963184
0.9517794109590113
0.9714465805231642
0.9660629965001944
0.9848459814744059
0.9947490343748031
0.6748624823251501
0.9824321481169788
0.975207231670716
0.9802824865702099
0.9857255378832893
0.5876701644923426
0.9863253506747159
0.9819167108440832
0.5735427188552189
0.9927992661672527
0.1570807890714303
0.9614527215307449
0.991928945570485
0.8033805465285017
0.8662893252954817
0.9875491274956768
0.9412624349894216
0.7981426838761065
0.9844745873508743
0.9942127948942259
0.9920035980888073
0.9940383892491307
0.9911574193792534
0.993346220922777
0.9465885685979717
0.9867069647569529
0.9848520249221184
0.9887666335650447
0.975840944012452
0.9855036873892057
0.9736883650245655
0.9838760817666369
0.9814653563876105
0.9783336616111877
0.9862486869405933
0.9734621777693616
0.9637247028589785
0.9891385032397718
0.9901159243441122
0.9781751599828861
0.9856683638644456
0.9866873362554895
0.9932909357746873
0.9624568469505178
0.9757691382538687
0.975771920387305
0.9895415673629608
0.9827749160023554
0.9940508432006827
0.9956767126334519
0.9817500793443016
0.9932788288359247
0.983137194324211
0.9921241680029631
0.9827120265849464
0.1574776944897862
0.9531628171725539
0.9905415139841524
0.9895976852315652
0.9422636285523343
0.9843395420321698
0.9847889761682865
0.9851662971858822
0.9878527445900017
0.9898741514222733
0.4364197859538896
0.5810835415012854
0.9867090699077457
0.9620497320146842
0.8720776923819018
0.9786177850212339
0.982545045045045
0.14956087391766515
0.8971033404164308
0.9731119980068059
0.8884306510958246
0.989074066743201
0.9897385594340198
0.9923830118081539
0.9742720458055524
0.865015203262577
0.6323378295059979
0.991994799736425
0.9805601297762014
0.9877253814147018
0.9764507848206737
0.9711278511247015
0.9902810928200453
0.7185486725663717
0.9874205929552362
0.9707178439136543
0.946104168947047
0.9764925211894488
0.9518149222752107
0.9659369809356174
0.9470788553007328
0.9848168420377775
0.9948856957584729
0.9748816673332557
0.9695889667996745
0.5860014544912078
0.9929097378549125
0.8064566878665428
0.9929376892841033
0.8591748820018158
0.9844744825805543
0.8444641547036343
0.9797360402982561
0.9846196068301953
0.9927427030456852
0.9874988582883459
0.9840549173063095
0.9881413186542439
0.9926093321394562
0.8161761622019975
0.8638267042433266
0.9897473908750647
0.9881148849181285
0.8554702121143691
0.610930730791305
0.8730164994545285
0.9795900475481584
0.6463005780346821
0.9903152760843059
0.8413574277389056
0.9901570848901209
0.9909855092352248
0.9759014307991136
0.6600846209901697
0.9835579733679766
0.9744247346299066
0.9846637293573446
0.9814602777420934
0.9945658030449976
0.9851054284432481
0.9825852077399077
0.9874895878156718
0.9880118700203248
0.918933605964733
0.9930028360186756
0.9685548400933448
0.9517346755347834
0.7060201505606223
0.979304480112131
0.9919031696465581
0.9850987420008044
0.45950858050944204
0.9792892938496583
0.9734510006646481
0.9850131228025496
0.9853217011341094
0.9865255614933294
0.9800087201297311
0.9412925887578258
0.7141346442402504
0.8613957078594108
0.989486747026474
0.9824189410689187
0.9828127313101407
0.968236449434687
0.9872512357811065
0.39139163461565113
0.8364311281045035
0.9852565494844188
0.9914282976517833
0.992801935512956
0.9826857287430837
0.9748704103343002
0.8324590546132774
0.9664987906805866
0.9310677183211326
0.9818975068011264
0.9963699327146525
