0.9902037214091344
0.9635267785606104
0.9712868642584781
0.993949686869759
0.9872811888518694
0.9897030983053978
0.9913637575086619
0.968064996563049
0.8489036381359167
0.8140780413159908
0.9888485693898935
0.9905381851274602
0.9841176347474578
0.9871780483699006
0.9850331091964308
0.912549015558487
0.9791689469975268
0.9929076778308298
0.39669697290345685
0.9870900046912882
0.9956654739194727
0.9872310016031913
0.9931372714534128
0.9911590810084374
0.9740085481982835
0.9557012111925104
0.9431417709576269
1
0.9896504621959549
0.9414378940484579
0.9902309751719505
0.6408601613234907
0.9760455805588618
0.6813878066299545
0.9814551341804445
0.9836391685612211
0.42975347425589694
0.8226528933174879
0.8274562352978395
0.9862787056283269
0.9907215508720467
0.9856149902579905
0.9762258930366201
0.9963078876439534
0.9819592094948634
0.5647981183849471
0.9917345378420115
0.8447776412542918
0.993882054254951
0.9935283603237451
0.9832343177362418
0.6065658737922697
0.9842160127674099
0.932614370021488
0.952839347161614
0.971262618170165
0.9690935765628546
0.9552867337612794
0.9876784306506541
0.9867855537440707
0.9929500570133911
0.9870357094894294
0.9582652297974901
0.6886193232586146
0.6948330606096729
0.9684664495373552
0.9938324500130502
0.94101578807233
0.99271902602053
0.9842225175468783
0.8229396525295538
0.9430397808344273
0.9961532005371531
0.9917727943321868
0.9947315536485349
0.9927017536829346
0.986094971881952
0.9914361151982273
0.996255030921763
0.9856529986124019
0.993711467324291
0.9800062175947393
0.9853740059454646
0.9922491850778703
0.926072319419491
0.991553991934001
0.9951826632384935
0.9721738535191262
0.6532716851682185
0.9719627161743257
0.9830888267514459
0.9728172054580791
0.9831778771208822
0.9932719033979537
0.9818268494083596
0.9853916468352796
0.9903388031136238
0.9817119923325746
0.9923166649761639
0.9922561836651027
0.9723990275171378
0.9722239731064187
0.9862991299845346
0.8429281149856837
0.13977405017650857
0.9855645779169779
0.9625450683550811
0.9946463956838126
0.856416116608785
0.9902998668129113
0.9875063584175067
0.9851256897608829
0.9962373566457644
0.8214232218713864
0.9844672444771758
0.9655562992328682
0.9939185960644629
0.988557997157538
0.9785096137013944
0.9897182025894897
0.989666708635358
0.9799884653266971
0.9825156772076034
0.8663582486167078
0.9967624338615193
0.9829116803690654
0.9542581243737143
0.9920889402859546
0.945278174973138
0.4860165599265141
0.9904441427516777
0.9707156393827272
0.9916874862223528
0.9823801354926874
0.9679095036094366
0.863784897945504
0.9415054720687419
0.6333813336541217
0.9860390260571777
0.9857189794686452
0.9922668147208121
0.9804384423949641
0.993564725676918
0.9752938465084121
0.9863728475270109
0.9717798681579143
0.9856348808988382
0.7284529147400606
0.9884024618678084
0.9705348756684131
0.99195451024607
0.9912013405209427
0.9814789016994225
0.863549066234494
0.9924160346695557
0.846860990616549
0.8681205466340529
0.9925091365935874
0.9736811529957261
0.9953795379537954
0.9793598743938489
0.6130316883895539
0.8701640764455809
0.9965566995781651
0.9811301837542568
0.9742413679227975
0.9843719157920031
0.9542144067511306
0.9841980058913219
0.988394843343786
0.8434128674576505
0.5941344113924627
0.9933179282633973
0.9809458925481326
0.9925456295270738
0.9940263463421911
0.9831891938036419
0.5036876188518271
0.9741053116465775
0.9836398618399174
0.988729423717814
0.9772237853471447
0.8725111706881143
0.974499181305464
0.8568078129455375
0.99067693903337
0.9663854479386998
0.9666901386890365
0.1472158703534991
0.98771460942959
0.9947061568020925
0.6239438171458274
0.6158657730880746
0.8539814259753874
0.9292322374814811
0.9173035884551936
0.9861156884824183
0.8402428397141696
0.6701964229886049
0.9672500255859175
0.9807679249520765
0.988976278313687
0.9877693798589245
0.9561545626022369
0.8363273555220139
0.9694734818245274
0.9897500931305333
0.953415882814031
0.987201989573937
0.9884903960388145
0.985420495752819
0.9743635471933657
0.9962486231313926
0.9793934277178854
0.988479201578177
0.9915170600081007
0.9934808630797091
0.6138285468479381
0.9761672835898435
0.982531677858222
0.9398420240292952
0.9661256247393358
0.9771641681363904
0.9682824025289779
0.9926706069508471
0.9658048097089471
0.9525427023124731
0.9632505877837507
0.963164148701409
0.9682325597329934
0.9859480314713974
0.9743947887949975
0.9774376821940627
0.9741902834008097
0.4779817156147919
0.9281511553217378
0.9897314549373746
0.6424421965317919
0.9941597799477708
0.5972998533568529
0.9841459015126137
0.9941949567451512
0.9504416275546029
0.9843031853856397
0.975412486592214
0.11894100602784145
0.9675778176362205
0.9918137235973279
0.9553429945402249
0.8474569218413859
0.9934043544873925
0.9836316533207725
0.9647226419166847
0.9911703163203519
0.954397438835455
0.981244978970748
0.985259222333001
0.9884939809643525
0.9896408253375223
0.6692802464917487
0.9772616587783047
0.9679834570282395
0.6751261144893798
0.9800329892588544
0.9878540362787738
0.9847305334764183
0.9917737818431959
0.9882728971752808
0.6752062790402857
0.9876688502585335
0.9967341204940348
0.9948073638522419
0.98846708431553
0.9878837100406272
0.9915926437374076
0.9834099664471232
0.9567511804150299
0.9945116046606066
0.9908236499910382
0.9901481774128214
0.9807132671520267
0.989726655659512
0.9547391637990531
0.9790416202269326
0.9905088886570788
0.9813530777283831
0.9945475539161365
0.9889377191556556
0.8828834892643198
0.9773292730449871
0.9881058996956632
0.8668950996325325
0.9873217024318808
0.9885929158604032
0.6212627261910069
0.9908953819290905
0.9924269122046683
0.9862410566868465
0.9735266493665514
0.9921375972414079
0.9712289915147926
0.8376311304476696
0.9833645818758453
0.9833463728890016
0.9729862475442044
0.9676588897827836
0.9946259896677162
0.9810668443483399
0.8868368004831431
0.9717949238991282
0.9900285109275587
0.8537102031821008
0.9868385442258021
0.9883334080616958
0.9779338468509289
0.99476298481455
0.9936194492211208
0.7942651291613113
0.9911364812520582
0.45486464330082504
0.9765219145609523
0.7149014498462284
0.946657340120986
0.976951917359575
0.9456939807893174
0.9883692310550122
0.9928117874917257
0.981091598186033
0.8612384457818437
0.9516103316326531
0.8492765149499707
0.9814880338246269
0.9880017606236075
0.9897278191075325
0.8549871036738802
0.9889529677257585
0.9746992038629607
0.9850152043015084
0.9913340083475743
0.9934019255604997
0.9858896654888711
0.9892830384492175
0.9888343066242262
0.9908487363259147
0.9864580854944881
0.9728243857430885
0.9829400386847196
0.9925415228315139
0.964250186520766
0.9902096011893168
0.9726098680164624
0.5595741904211488
0.9733152221540619
0.9735536375453576
0.6474846911532475
0.9895497919371222
0.9893835289626873
0.8734449834949075
0.9831798285126814
0.980983606557377
0.9894145603802117
0.9903837176734198
0.9945667557792106
0.8944488881778916
0.9855518526346877
0.974465611271304
0.987749092613217
0.9715560197241802
0.9834522152738161
0.9659186083968646
0.9685236121334212
0.9890001525606982
0.9690531123687918
0.9466693075215491
0.9957997838892956
0.8564736411696148
0.9911878316460749
0.9866344462477634
0.9925722822532744
0.9911984301157674
0.9681118717453631
0.6887891715018509
0.9822556928824067
0.9939234629433653
0.9927831188629562
0.9884221259490698
0.9846809547004384
0.976137435039059
0.9753020818096151
0.9888092492299607
0.9955343419628179
0.9860874882947618
0.9739132613254884
0.9517671978555989
0.9852509539184033
0.9786092414514562
0.6632575700521657
0.9969232783451165
0.8618095284721153
0.9823026556165798
0.9857437466737626
0.9080595052084728
0.9876754990953956
0.9941448791112707
0.9506547428936442
0.9373503605911474
0.9861381052271073
0.9892185865493853
0.9576661001667585
0.9884949670761726
0.991528703054896
0.9764513612896036
0.9931577119767662
0.9607611115985573
0.9939537303324467
0.9951488270556845
0.8585801146576983
0.8707055916805558
0.4842615895247474
0.9952951100072636
0.9865366876662938
0.6869400630914827
0.9507394031454057
0.990614556501247
0.9813216119606953
0.9837630422361291
0.8216069429335959
0.9830339180777323
0.969043527535
0.984180696601228
0.9957371207698347
0.9830559819048389
0.9877582598445742
0.6109358847359572
0.9935203709246336
0.6599939709951141
0.9880192832065015
0.5317533948684008
0.9845757422764577
0.9844395321035376
0.9842301799274932
0.9860345512775557
0.9799334737845989
0.8122077490742656
0.6074906557502098
0.9886171857671425
0.9882431209750386
0.9896515370103207
0.6854945424013434
0.8586151712365304
0.9890059321949121
0.9747162613732003
0.9892586942308291
0.9843765955274175
0.992206689795301
0.9929410910593669
0.990944418068963
0.9928470417367375
0.9920339080791188
0.9919017741048756
0.9930490226821365
0.9858066464784808
0.9927799175201556
0.9912722455460204
0.9842978416467847
0.995474118991124
0.9749770782396088
0.7220522625876354
0.6268452070038381
0.9834939052585915
0.9826901735188774
0.9765250581133953
0.9952464681986297
0.9371315442146942
0.9920545625991171
0.9644229852927162
0.9653593524297511
0.9827587158647415
0.9724071033301973
0.9910674952431835
0.9830100279337133
0.960908194748499
0.9784670017326059
0.9910993777107298
0.9947241668289132
0.9888968174682461
0.9735031833697839
0.981032342130819
0.8717876781506004
0.9357606852993684
0.9916348550950452
0.9910917407026031
0.9806219796426268
0.9819304991810867
0.6519392397254993
0.9488361147875245
0.9903088444815544
0.9867724867724867
0.9886002199070661
0.9756668143102246
0.9966617895268997
0.9923636323508315
0.6568569612620394
0.9891341927199091
0.2801715572630324
0.5235397665708958
0.9747060336161956
0.987701343625049
0.9907424992086894
0.9905050831373103
0.990094299642651
0.9629003547325419
0.975628058847
0.9912749730581116
0.9868904449398688
0.9880710002419197
0.9885066790991831
0.9862745909269565
0.9943985436213415
0.9862676133703586
0.9868278041180568
0.9899127646969996
0.7043809478885364
0.9857032609859004
0.9857756371116015
0.9917881312637574
0.748604416052512
0.9834118004802399
0.9846752264124521
0.9853731351504686
0.9907999509279599
0.9805117031432309
0.8276105217977804
0.9759219808049737
0.9893406794970738
0.9507345139675147
0.9922609247006126
0.9876488885517032
0.9875578924842945
0.989910144279517
0.990233386859066
0.9638910921933792
0.16402368333885392
0.98309127248501
0.970391708219765
0.9835550904470025
0.9775456547999716
0.9795302867641362
0.9913980752537174
0.9677027251554379
0.15575113489462766
0.9903706771588321
0.8647703206274169
0.9794087899792903
0.9818780889621087
0.9829904891501035
0.9611213788253253
0.827348381006803
0.9507908611599297
0.9844040666234047
0.9821231335135073
0.9856574880802622
0.8693924459239405
0.9709509949236239
0.5999936717872455
0.9744110479285134
0.9679408697229402
0.9786566227244193
0.9880698574474249
0.9664089637136694
0.42791842387797957
0.9950832243222518
0.9864265957278021
0.9948160420213619
0.10889825450605552
0.9021430415698425
0.9930982156873005
0.9804530956080805
0.8622273716513489
0.9831711243372568
0.9832468304400311
0.992914520351292
0.9824512012012012
0.9904780475122681
0.9863903409353749
0.9945678771670109
0.9901880564724156
0.9724509861184121
0.9748699864643442
0.9786169571649983
0.987713241609269
0.9400748293725845
0.859856339414915
0.9814248979761806
0.9960768137056996
0.9925849279575679
0.980477442586428
0.977845208223921
0.9896537221365485
0.9435568692876831
0.9611815700754536
0.6928408333164946
0.9778062719538917
0.9808425680829108
0.9926002409223885
0.9894885488033102
0.9470581366134334
0.941433290960402
0.9812676968121634
0.9926396343731732
0.8515266006331053
0.9952454657424695
0.9727529517406076
0.9874515593282893
0.9883175940078517
0.7406139510293097
0.9812287458054636
0.9332183677561661
0.9891865594690773
0.9875573972449322
0.46941321985428913
0.9752991123118487
0.9761739194085569
0.9925166431799407
0.9875566228237734
0.9865576318724023
0.9765372364997933
0.9889907440370238
0.9838822988162738
0.992535164370371
0.8736825405982289
0.9807656711636351
0.951372642319944
0.9536629580919205
0.908893287659867
0.9956853714170633
0.6795075021185385
0.9957752731020618
0.9835438498625334
0.669688341669873
0.9847173260475611
0.9692625176496145
0.9932598749919453
0.8471778004148308
0.849073423152463
0.8597669433196502
0.989783174946775
0.9938639803109284
0.49601256876528116
0.7031793802646401
0.9376183945759584
0.9920830652655658
0.9853311536252375
0.9916210979937713
0.9861177117986943
0.988586744260517
0.9903515510681885
0.989469735800738
0.9893894074972788
0.9927642202114371
0.9746597085807166
0.9906932141605759
0.9794881430506298
0.16265062832608423
0.98503964150293
0.9718971172104264
0.9832884424706816
0.9752402168661763
0.6646143426166325
0.9487837858369164
0.9802313945118418
0.9827258284873213
0.9858141713140092
0.9925352436492094
0.9466708802208939
0.9773435252681872
0.9925159553775142
0.9716990745458419
0.9898715445933601
0.9779580093276743
0.9157743975168438
0.9557222028960877
0.9880433598431202
0.990321800145173
0.9821165579633916
0.982049522575549
0.9939130419015534
0.9815960896207337
0.902158273381295
0.9843494443405231
0.993326562295077
0.9287800364340861
0.9932668456950309
0.9783932963450209
0.9889998517630529
0.9930313588850174
0.11670500200767325
0.9724164528959872
0.6356231848349554
0.9904202459154455
0.9779455593085635
0.9831529308548556
0.9873208147172167
0.986165513284078
0.9791895648227594
0.9704635162713398
0.9907226353424775
0.9949958976709119
0.8822060740157003
0.983978307665231
0.6528406019743392
0.9470394266981141
0.9728218332172796
0.9814387051326158
0.9908352356653686
0.9776516921433817
0.9934150466184768
0.957950854922664
0.9944831017382996
0.9924385633270322
0.9895917934667384
0.9876634096283406
0.9876069158904843
0.9886297852783781
0.9847414439170622
0.9641619729304527
0.8780531849434174
0.9914916813268708
0.93858587813967
0.9823409774573443
0.9838188163642377
0.9831117614518461
0.9838784130993337
0.9873523040567153
0.9941069233052104
0.8396701740603847
0.9686363114157699
0.9635275063238158
0.9686490957387583
0.9724764926552063
0.9900801550017252
0.9805187863901019
0.6782870620069292
0.9929194483848928
0.9856149444548752
0.9826102365217251
0.9921653608934823
0.8502777568780879
0.9848455347871236
0.9486229708787324
0.9853735620706183
0.9835954278033362
0.9658679728375821
0.9931067731388551
0.9647153282066837
0.6810371440769811
0.9467946836610625
0.9947764529776817
0.9798154999979191
0.8442023963531079
0.9902880434223917
0.9699833560185542
0.968102741435243
0.6543210276723403
0.9850777892422509
0.9817634324592672
0.9961202154149054
0.9896231114062759
0.8002743993420238
0.9891247747233283
0.9694823993058653
0.9930604985380664
0.7067750832416365
0.9708195542774982
0.9911082388073006
0.7338291128217632
0.950170293609045
0.9900618835238842
0.9902095282891499
0.9824980169007146
0.9917013496214057
0.9843372231796772
0.5825022288261515
0.9911274594887132
0.9949198144935746
0.9933037112024881
0.9598321134968261
0.9937462086662797
0.9895519961788323
0.9932745416431171
0.9707872604854312
0.9913352738207684
0.9716209081309398
0.9789991284524131
0.9939254942419764
0.9703583507538768
0.9910722492727431
0.9846264700715208
0.6633447524135784
0.975070571030167
0.9865152435188377
0.9937554632965194
0.855901940596124
0.834676843068535
0.9756650905096241
0.8557720422104675
0.9891405279185045
0.9938063856780378
0.9234649036929158
0.9909130113356334
0.9611909197482286
0.972705241162405
0.9288249211356467
0.6754791738149324
0.9421584106142454
0.9940968681236555
0.9727849020082264
0.6337668015248332
0.9838828380748674
0.9900654775344322
0.9568194259558145
0.9932540773912998
0.9764781523731921
0.9644510914895453
0.27763055339049103
0.9762018498144349
0.9960446051649734
0.9648888006495049
0.9903616757324172
0.9842175549350491
0.9892977388683988
0.9951269429594736
0.5294117647058824
0.9923975241772217
0.9316912699729087
0.9608321760956382
0.9813595553655409
0.9442717703349283
0.9899127323216557
0.9958834169421451
0.9863350089559138
0.8483314696015538
0.987814465408805
0.9842638941269243
0.9762196092800887
0.9780452389996447
0.9806450999591227
0.9678705210927847
0.9902129692635114
0.9914385327339563
0.981553605820672
0.9703913274881649
0.9854080237328203
0.9822526175976035
0.9907550941675727
0.8745806451612903
0.9925406578591613
0.9646035313325136
0.9871152334538594
0.9799568728514122
0.9908002485781487
0.9797280206955975
0.9887695965907336
0.9630696968955648
0.9903734481377653
0.9918026114421543
0.7288006848406661
0.989705764862123
0.9914467655144864
0.9828626915809364
0.9173337560434335
0.6261145784883196
0.971783584870505
0.9939673242234573
0.9930552859039972
0.977792240566351
0.9867865770249425
0.9933360124174613
0.8178856227946091
0.9509661491948348
0.9779241814839754
0.9736456574343648
0.9944378064356639
0.9910121141070731
0.9930428835094149
0.9927687846419264
0.9955032286716973
0.9592663575067277
0.9826087271515406
0.9851536404642076
0.8693822177000106
0.9893522830877391
0.651144950767117
0.9916038830081819
0.9268150236632766
0.989206179991064
0.9460851118839839
0.9327140472780218
0.9734129411586275
0.9814653106513732
0.9800156853632324
0.9937043550092933
0.9799456401968707
0.9570743358707472
0.9951984037409535
0.9851399734033485
0.9855079057634727
0.972446951705086
0.9774416262666991
0.9911287498540913
0.977883043041241
0.9966374167990971
0.9807342920610899
0.8352439602084321
0.9329621132608231
0.9898782898723211
0.9943536205536767
0.9574308521456173
0.8458290685772774
0.987861820777145
0.9792852465068851
0.9775478995165031
0.9730472974580955
0.9941882558735712
0.9752676258686236
0.8551497831829521
0.9834587509102889
0.9756843072454318
0.9945842480541394
0.961283327979441
0.980872681110816
0.9914613540523367
0.8550306615826094
0.6417451746323529
0.9938682878521127
0.988180637032954
0.981033912686683
0.9852804869045959
0.996854363733714
0.9883060931409423
0.6583332931957094
0.9777029341890214
0.9829899544854703
0.8607746378022293
0.9948587575195732
0.9942413941598482
0.9774508858370898
0.9813217700475664
0.1464793098104045
0.9927829897674815
0.9956988745777168
0.9893280274938953
0.9616940033417596
0.9096078363555974
0.9751214881770398
0.9625215744867204
0.9877910778427023
0.7890397482311331
0.9708099092955298
0.9932379638370489
0.9811258478778737
0.6347631588441142
0.9860541214356204
0.7071660208155285
0.8707004200249745
0.9908799529287893
0.682662401727212
0.9922206880343136
0.9890235667661187
0.9434088309536957
0.9859030797587731
0.9718935172901743
0.9832032108086398
0.9796656845318931
0.9863354432280506
0.990563248757643
0.9877626759876895
0.985642466685693
0.9916754019358264
0.9759321515892421
0.9541544398440326
0.6107682772373279
0.9866780438623267
0.9864058061079546
0.8423668509496962
0.9952005316109528
0.9965206852055982
0.9927227998739669
0.8438152011922504
0.9624880739068717
0.6741584540972846
0.9804749066340687
0.46859219318748635
0.9519615450505376
0.8608869939103017
0.9281417916432754
0.9944111076376446
0.963046600820364
0.970959144537979
0.9898416724495784
0.9611748615851574
0.9835477982100717
0.9859456452061588
0.9513228514505896
0.9921618295743856
0.9967417374383419
0.9920927499065021
0.9679539950129449
0.9856931209509867
0.8454281567489115
0.14913807757008798
0.6900891561268919
0.9833058142494469
0.9893602263899678
0.9943241876924491
0.9616214481720811
0.9942158247968915
0.8347722112387875
0.9880219753837289
0.9951261514911297
0.9880918810950534
0.9743340936490534
0.9653884526289218
0.8176238397969076
0.9956232653185714
0.9835630841369135
0.9855962842741404
0.9887900951996941
0.6417253620118978
0.48815642835432776
0.9825892184911911
0.9829280510018215
0.9906145030626359
0.9520499885069986
0.6983546393524116
0.9744277689276432
0.9839155932215714
0.8542237140417513
0.9965974360654306
0.9959883734896346
0.9559424831709874
0.9757268253506811
0.984001365148154
0.9717832546706713
0.9808429315342585
0.9864173700119458
0.879014320491789
0.9921167028297283
0.6151451859813692
0.9172845418566886
0.9803089393591803
0.994405641489743
0.9745877086145034
0.8379219719488997
0.9806396023404182
0.9601200303765399
0.9911304852537516
0.9800296341489988
0.9801106717853963
0.9839413829949626
0.9845303356883006
0.9891512718599639
0.6829377775655413
0.9787101978278223
0.9444768888023706
0.9886830038982672
0.9881324806437621
0.9791332623198968
0.9921433306702476
0.9878094794943036
0.9943096205929235
0.9964940574273393
0.9876351695429743
0.9669454704504886
0.973822327283116
0.9877840163274985
0.9927298862947592
0.9870637715179968
0.9788876621745556
0.9939216311447935
0.9899403407564004
0.9918553670832033
0.9915098916500458
0.9853842132775745
0.9518071190089581
0.9952269071666137
0.9765411893071467
0.9921321012604993
0.9898205973331137
0.9788817911793298
0.853983971243114
0.9866471319783983
0.991669324693849
0.9530184247021198
0.9881090775167731
0.9923747929017706
0.9553179886694995
0.9761699666128029
0.6525667559591792
0.11903975583924566
0.9874019925380737
0.9960501944886353
0.9577326066768599
0.9893523064025141
0.9915563393892539
0.15755693253672684
0.9896593639575971
0.9819518655937877
0.9870381697270988
0.9497212793895399
0.969505927499486
0.9594332104791314
0.9768196334491013
0.9496442017701209
0.9471360661863751
0.9941512978142076
0.9616389749780994
0.9887824041347502
0.9910257924990625
0.9858817035370048
0.9048711537210065
0.9903516953950171
0.8765702232156912
0.8052699771151145
0.6550866709368895
0.8641230627146527
0.9854786561950301
0.9925567149827274
0.9948805606112662
0.9976134407894416
0.9512207422516349
0.9842926480307183
0.8388753849111942
0.9911726377965646
0.98962534057834
0.9603306253007614
0.9598766824573276
0.9787730744466965
0.9576584599266632
0.9896618179933372
0.694082479134592
0.9885727640844135
0.9889636103756122
0.9901053851602241
0.9819137207830756
0.9775213316547768
0.9939313011128312
0.9909705214081266
0.9826959003389003
0.9907629658669836
0.9781715004686156
0.9888287841932956
0.9952001753360608
0.988247257563489
0.9239932616717471
0.9804083927424043
0.9619481174516545
0.9947304273014053
0.9868319646875487
0.6834196853610949
0.9567395264116576
0.9701646601093764
0.9802932418184697
0.9902613078345247
0.8963418911335578
0.9939642684693385
0.9901609999485623
0.9927268616219476
0.9854690739098099
0.6296268394059282
0.9895217034533594
0.9757126908047968
0.9714209565983968
0.9919744932817126
0.9711995933075164
0.9800718784528183
0.9779283825564349
0.9875369938052609
0.99121625362145
0.37708229491854456
0.9814053043138836
0.9535132166082537
0.9894475077163332
0.8260465620707107
0.9563499785715008
0.9907382249996004
0.982218656845911
0.9836268566139285
0.9526145853615743
0.9951007296713953
0.6477489205776354
0.6456304868316042
0.6953904611769605
0.9924679402374275
0.9841036052952774
0.9937423595606372
0.9003916051522027
0.9451894370494994
0.9360503685503686
0.9912605042016807
0.9657639616508309
0.9670898733165751
0.6605415269628387
0.9879717736869669
0.9598552648987847
0.9750250107188795
0.9699045076183597
0.9679114840310811
0.9346285764159011
0.9667828498199253
0.9886050476813577
0.6989629813994742
0.162130382469829
0.8579954036622434
0.5977165858158984
0.9860554881518623
0.9879437374413932
0.9855599491597232
0.846839273022642
0.9799232868453203
0.9890602084902295
0.9847462259787225
0.8581541209897565
0.9729889630128323
0.8358356996894987
0.9893013211264876
0.9731817043842413
0.9881213425707944
0.6625672911557288
0.9913852215461977
0.9609652172521291
0.474921001949003
0.9731181705759523
0.9725802934299318
0.9808891005107783
0.9858479251619093
0.9876312476974088
0.9925518468490461
0.8802868432606469
0.9599393690205151
0.9911505276943224
0.9695535769877343
0.6978628882470225
0.9850350213419992
0.983181068324226
0.4830314695092862
0.9937086363264973
0.9835070978382517
0.9871591150194792
0.9917218045435614
0.9840315986531054
0.9778403606079943
0.8613540628529666
0.581105613809455
0.9594697398876677
0.9886030784957439
0.9713479096588179
0.9909764412780279
0.98953556663301
0.9204521735309303
0.982020202020202
0.8181761770102919
0.9822163525033017
0.96714235456489
0.9803796278134902
0.9839377239834445
0.9872185443025969
0.9859605112654426
0.5026474107372494
0.9824042835195952
0.9975279449699054
0.9781786882760577
0.9873529106341581
0.8600873044316105
0.9712380714255948
0.9880092412941679
0.9889884365296916
1
0.8433517782126
0.9912587208624029
0.9845774166019574
0.979442564502183
0.9317518651411059
0.989381409686407
0.9520809790579693
0.9901144805902786
0.9935256242723752
0.9348285098549031
0.9832466908391945
0.9854666470643269
0.9768640712636094
0.8522606572276425
0.9946634343286216
0.5374535089853661
0.9807474858178181
0.9891010985427087
0.984372832770817
0.6485561864184938
0.9869598853675436
0.9840210825769685
0.9798364808542186
0.9916022185766737
0.8511645882846007
0.9865225172577523
0.985315882445216
0.9861511787555185
0.9647863455839539
0.9910576729854645
0.9830307211236705
0.9887687611294836
0.9441247160306852
0.9826718979749305
0.9795567736531962
0.9801413189176078
0.9884965243296921
0.9756842002399353
0.9581063162044409
0.7282341300838411
0.5810039718798367
0.9905399709642673
0.9452091807791887
0.8435627940757693
0.8573711056957186
0.6919016297289371
0.6914440572977159
0.9818147478617489
0.9456299838711497
0.9864904552129222
0.9889563106796116
0.6628406670094762
0.9884938668124509
0.9949207475369657
0.9525121223848658
0.9980642922796915
0.9833653803157001
0.9902413289914636
0.9677446954140999
0.9843512610148891
0.990431131980507
0.9782927742103692
0.6941801797493348
0.9900456993634732
0.976200146938483
0.645623467045094
0.6665018324653235
0.9839156489219815
0.9487637943249041
0.9879352626004198
0.8118712309141787
0.6743311281168909
0.5408470527344601
0.9816305042031312
0.9904894617662429
0.9926094077756387
0.9912865209289091
0.9781657928062798
0.9678650970410436
0.984941328844563
0.8696384272291418
0.9933977773393832
0.9899833852575136
0.6420089211249872
0.956198108413429
0.9356860695762602
0.6304874197283925
0.989923127497092
0.9750968686367626
0.9731370146108521
0.598979155666189
0.30831239530988275
0.9812517570659651
0.9892771339739966
0.9811758058657688
0.4839003202445352
0.9808187328738687
0.9901270415319169
0.9736766868158797
0.9945816749207507
0.9580470741117569
0.8522715859794402
0.9846416057022905
0.9938158462201959
0.9823674915597945
0.9890620122775986
0.9891453936877792
0.989270229097088
0.9875509186133511
0.9869079216006533
0.9835284888281953
0.9928190133993606
0.9830081812460667
0.9826545754328112
0.4020397426039095
0.979920617755201
0.9902299705471097
0.9903308245584761
0.9899316920449694
0.9815274586109604
0.9829508344406658
0.9878407993024955
0.9782581279194001
0.9514403067808007
0.9817035524316109
0.9900710022347317
0.9279718054773735
0.9940708850722524
0.9687865824972922
0.988022730660502
0.9669534174579171
0.8665407239566474
0.991001396595327
0.9646180726164516
0.9729832605982278
0.9867204937076577
0.9882682361509579
0.9731460432467398
0.9923905062774807
0.9855623388956722
0.8893985667292169
0.9808765495206079
0.9966492926284438
0.9842126036047888
0.9816815633224416
0.9945490354710576
0.9836861698569308
0.7272242210990056
0.9919233527382127
0.9307015781936863
0.8385285399959995
0.7122858358498594
0.9972152768725782
0.6502651988002508
0.9465818969888056
0.9841347682458249
0.6456636393646504
0.9899519152874235
0.9814893036834254
0.9891472108576889
0.9489312518912054
0.979327258921792
0.9884951194962665
0.9978928505834992
0.2991047845110427
0.9784071909341641
0.9960308399751496
0.1379409595423555
0.985885883410142
0.9937924007186335
0.9844867652497958
0.9906334475455845
0.9876379690949227
0.9898773783334875
0.9934332883800054
0.9943727095819173
0.65911499360081
0.992414991095024
0.9017761033369214
0.9771085078252314
0.9842545149170041
0.15906176633570068
0.8585464411992151
0.9684099208433056
0.8607264472190692
0.985040125086339
0.9911512606151855
0.9934823653432855
0.9807682593290179
0.992353164077302
0.864145168908645
0.9878282753745893
0.6035970328241145
0.9874116502066149
0.9866387956060818
0.4845238527117722
0.66953896317443
0.9833699041459752
0.9694970194256796
0.9764654970192596
0.979891733872681
0.9755474641902058
0.856921670402265
0.9781925255032463
0.9869727403156384
0.669974181843556
0.6684540633437657
0.9958515772713703
0.9850172015489704
0.9897500497962392
0.9951429222085275
0.9791269740031124
0.9881050758512532
0.5783687330915789
0.9872812004412516
0.9861688029116228
0.9823197277618296
0.9678126559524489
0.8754606153775555
0.9876039910983234
0.9831302322714991
0.9869362269641125
0.11252782805819213
0.9627354288173156
0.9544259578766344
0.9838343537180987
0.9772952997852523
0.9923948791986916
0.7432221378524834
0.9970413911339702
0.9944279193453319
0.9056620839363242
0.9891526080350603
0.976700297597445
0.9667802385008518
0.9228363884367179
0.9785434133115729
0.9924071022797137
0.9926087058717945
0.9692669127870739
0.9844020797227037
0.4610863157508561
0.9964576888740379
0.9800817764091124
0.9454526687185647
0.9927920056790258
0.9867440781984955
0.9702843297940569
0.9915505649047487
0.9888236280173303
0.9337641516972843
0.9903570621737631
0.9948438739453378
0.9914704536066361
0.9924583665153484
0.691415292981701
0.9783066850254306
0.9901783652841861
0.3746425730490609
0.8148530153923795
0.8347406513872135
0.6614577053984624
0.9911175027493444
0.8144342739686468
0.9883687158564415
0.9868421877841818
0.8578680203045685
0.8312688372406284
0.9772436067136125
0.8652827643020001
0.6644829486316047
0.9941383352872216
0.9918680208484811
0.9902002837628271
0.6689166822584591
0.8985670781679995
0.9883475554265968
0.3365411090919104
0.9893466768895525
0.9891760617494925
0.9860840576259079
0.9809027059099502
0.9754906690854352
0.6787893859554791
0.9899789593809065
0.9866091500978074
0.9409210048020815
0.9798115918166599
0.9890854136348372
0.9808032558462626
0.9864838154590271
0.9599539590427317
0.689731521699677
0.967973679278679
0.9830571850956716
0.9819784292960259
0.989528370809319
0.9898357520237044
0.9823369661183351
0.9660128467857204
0.9738542963766328
0.9456113467755499
0.9811909598389057
0.9883484909525728
0.9684167704236986
0.9801418205181504
0.9767810248386403
0.997171424115275
0.9944980718689362
0.9870651600155087
0.9718726868985936
0.9805461278266493
0.8820509774640239
0.7792117139381419
0.9746793646380035
0.9894989550179628
0.9869774042345609
0.9850474384680208
0.9905230666555435
0.9901910649199593
0.9551043048629855
0.9950546825571036
0.8832030677604504
0.9407635678822119
0.9791309485973151
0.9858026879814356
0.9793513327961227
0.9843628593628594
0.9766287333470441
0.9885775517029847
0.9852324285867697
0.8584831454675527
0.9856856053001405
0.9583979527870091
0.9920014100347473
0.9854873440197388
0.9791727716432826
0.991722529321968
0.9956661811934541
0.988706603695418
0.9722714568136888
0.9672097326078798
0.9956350088967971
0.9831963093734698
0.9638021638330757
0.9709137226575209
0.9962000041454501
0.9901575139812898
0.9941424693779796
0.9932118853513157
0.9825933932804879
0.9840426773749212
0.9885218336874113
0.8737177219667492
0.8998078351196781
0.9217437030025767
0.9541456371546357
0.8547169374355886
0.8558297433046793
0.9933149516179378
0.9531829835310477
0.11254205535582168
0.9933590305020832
0.9880865548261609
0.9242392762027086
0.9867603039373705
0.979716887745001
0.9771643645867829
0.9736829705023089
0.9850624612385931
0.9895699498593294
0.9885528555951091
0.14882813709402767
0.9932601880877743
0.9188360266717359
0.9850806465394961
0.9936932181257466
0.9730926594464501
0.9935570093303745
0.9866245680987383
0.9823132980781633
0.9849856163255581
0.977894022683739
0.988998043209137
0.9925329208530675
0.6656172173159143
0.9818534423050284
0.9915209867289803
0.8590133339165555
0.9661651807825656
0.1252629964729336
0.9954517561274953
0.9834118877875686
0.9862068101002419
0.9866914375504605
0.9728283286586372
0.9883803814054539
0.973291059598564
0.8335273865205874
0.9823542390973767
0.9807135628721376
0.9438678130623671
0.9792528396034403
0.9942807681729198
0.9868136950424978
0.9787784153090898
0.9751069491063286
0.9872981760070535
0.5666302465419463
0.9754276492738031
0.9836192285485463
0.9916140407429657
0.98825713095193
0.9804308128389857
0.9432729482169536
0.9887630216102986
0.9775453251769576
0.993376664300839
0.9939577479851058
0.9832964816323364
0.9596118541830579
0.9736197203402047
0.9831088082901555
0.9904310940120351
0.9938720988115914
0.9932307640171476
0.9938370997235276
0.9673466023460817
0.9951389629178405
0.9920184830924434
0.9790202139738049
0.9756835377345606
0.9891429115362864
0.9869880663023812
0.9851111479067465
0.9897189202083251
0.9866390053390731
0.9693723849372385
0.9916742144499407
0.9554500060893922
0.8972681549543119
0.9913825154025919
0.9799307787914103
0.983773627652801
0.996021491008015
0.9937889152482514
0.8509306479378652
0.9414300510939191
0.9919414142722697
0.9741316396385261
0.9884538990831404
0.9949283474602967
0.8280276912262411
0.9865554872205615
0.8461285804751282
0.9921738490510497
0.9937066475167697
0.9928532355803726
0.8503377537372314
0.9945360206566565
0.832737804259401
0.9843986801347465
0.9904069266908817
0.9918567648741419
0.9849378554876764
0.9799268424060563
0.9642797622354313
0.9899040087227157
0.9976085717755421
0.9843496054770066
0.9952843273231623
0.9469295774647888
0.9837417394606912
0.9699459278199271
0.9926413838988689
0.9648817875316734
0.9923463637364424
0.9733196043627209
0.9900042441312484
0.9944322261466817
0.8525594165552212
0.6946944535997093
0.9692841491142936
0.9780704620480638
0.9895658157297186
0.9666006242220747
0.9948481273390131
0.9691124404834575
0.9893837163732399
0.9741044187823826
0.9819712394105503
0.964433310920511
0.9777007094803196
0.9897892860886885
0.984361420406327
0.9902702477704819
0.8656907295039591
0.9887154234980322
0.9760781854187552
0.9954592956992575
0.9852614643768216
0.8244378954605516
0.997036454792658
0.9549469964664311
0.9873717550220302
0.44064194458137035
0.9886829024291118
0.9680105683050477
0.9782463186077643
0.9883841842298816
0.9835992367961678
0.958847268800091
0.941945390319193
0.9748770983706285
0.6408031290522874
0.9763528175058588
0.9714820886832347
0.9944817767890125
0.9842462149997078
0.8461853315084272
0.14123815540113707
0.9910252390656843
0.39834868475645174
0.9645054267184608
0.9888153742355322
0.9743380896696701
0.9191357967049214
0.9719735658532339
0.9842411503577079
0.9778730328828561
0.9888841436209681
0.9959712092448595
0.9917647556450608
0.973607700823976
0.9076530748247337
0.977986371837189
0.9767525442543299
0.990732353915829
0.6790622208012239
0.9936609582949272
0.9891648455360538
0.9870108454063562
0.6050842819852414
0.9968626301128867
0.9673293783506713
0.94742725804402
0.9817193287365383
0.9797297297297297
0.8566946739969803
0.9772430564443876
0.9821550251071904
0.9849463178016366
0.9915517664187133
0.9312283385131067
0.9844394887498336
0.9824243913254513
0.982505548613313
0.9849986182937902
0.6711335540153176
0.9889727617790953
0.9733159625481687
0.9894250760353192
0.883875683714365
0.9737091345171094
0.9737032351346466
0.9957471845195396
0.9762547356685992
0.9911194332419945
0.9875756318172106
0.9497493783027665
0.9854725715924454
0.9519317864330953
0.9896569068104961
0.9860180001631434
0.9822173776819402
0.9724337367254259
0.9851438096535586
0.988186153443429
0.9011066440087868
0.9835388578411295
0.9737185696836963
0.9556660228441565
0.8486812795152812
0.9665886091829055
0.9953485103991007
0.8681284743668931
0.9853540430822123
0.9902089771440811
0.9762297212267119
0.9895447933852026
0.9619505722342013
0.9910113063359328
0.9900372593157069
0.9482656718747147
0.9941344386657803
0.9939044948804855
0.9892253390302805
0.9749946315502341
0.8373771165186207
0.8473992754614621
0.9893624332765691
0.7082730720606827
0.9948890838836805
0.959669090525872
0.6496529317376081
0.9614256083371275
0.9794899303224937
0.987623896681981
0.9895310377886075
0.987628478511659
0.987500690315336
0.9879734678043418
0.8383683590780351
0.637613008439019
0.9626367220935547
0.9818983251239345
0.9816666090144938
0.6998245033954777
0.6344396303573222
0.9747322164240593
0.9896510564611883
0.9919268651249605
0.9934138600830034
0.11796055973768069
0.8469081994007083
0.9725948455258524
0.9847679501454429
0.991867275232378
0.9891836364735029
0.9859520928356449
0.9849108031222411
0.9676397781803598
0.9800582887192321
0.9971127904958743
0.9716509627201967
0.9887484660242202
0.9897738690497299
0.9354318033979779
0.9902986871960417
0.9786235541616256
0.9702652825836217
0.9885679600713542
0.6627794875597909
0.9652100323126634
0.5841382575757575
0.964451313755796
0.9978570865831561
0.8568688770582642
0.9730948830482931
0.9836093694188208
0.9847449177058666
0.9901800723924337
0.9900403683612968
0.9722129570237331
0.8591507248863344
0.9705992372680328
0.9899239506648724
0.6141500141561174
0.986642944448653
0.9762631077216397
0.9835877793745378
0.9884912196132779
0.8504497937409917
0.8470115704043726
0.9928216576646705
0.9890891573501167
0.9704823556000387
0.9856331423875474
0.9906025695156523
0.9943505220661096
0.9925758416179545
0.9617317611740871
0.9847826882009385
0.981061387227607
0.9933959118770999
0.9894482957743603
0.9880198630041043
0.9834467307568704
0.65722382226832
0.9940893258200304
0.9663750889178605
0.63179556652787
0.953527224387878
0.5353878710887382
0.9889212437661077
0.8585248254257163
0.9722252849664761
0.6479294041086535
0.9792071030782641
0.9529823031488373
0.9951516401898082
0.9745273887916035
0.9634475600450095
0.9933447680578503
0.9865593928960404
1
0.9862302216610982
0.9600799592619479
0.9834246473293196
0.9911553504902886
0.9874076838004189
0.9123463370531799
0.9749380301690312
0.9847806426197491
0.9871985531011418
0.9833742866201649
0.993601704712769
0.9672008841193412
0.9941622732030138
0.980430632512289
0.8595602317631943
0.9742898192725531
0.6042770501940815
0.9911333477311449
0.9939120567973836
0.9919010123734533
0.9912574404761905
0.9869736547106502
0.973986399365387
0.9926292300913885
0.9837094349613688
0.9901716773327108
0.9059676916915135
0.948905862439221
0.9864331860942431
0.993601704712769
0.9776944096117508
0.9689921578665673
0.8555726433870092
0.9842049167438366
0.9891593857463871
0.9880664153850387
0.9626334259394649
0.8591843580386118
0.9952289548725484
0.9880688842250525
0.9767915074962087
0.9900965235815742
0.9878592778458566
0.7014968612426735
0.9744629682468512
0.9924755801511788
0.9805149272231469
0.8561074823283249
0.9850740476812034
0.982638729314776
0.9966782173408159
0.9893725377958854
0.9810334211361519
0.7393352997696501
0.9887051945031946
0.9911362182238105
0.866096927140885
0.9829031613359125
0.9629469369848525
0.9858672596462632
0.9904875274760891
0.9934025130836238
0.9897467416108289
0.9913306191625371
0.9852812514389838
0.979138722179437
0.9861527974757303
0.9698625748790723
0.97428216868501
0.983535813371477
0.8521284211780779
0.9947131180434912
0.9696080240779125
0.9867369716085173
0.645421433617439
0.9869465356641572
0.9729685313057221
0.9899638819271438
0.9761900352488718
0.9782886393365445
0.9950543741774607
0.9896207032159167
0.9906357527608136
0.9509113624218265
0.9079263518803488
0.9911957118640021
0.988967656180771
0.9666605010584294
0.9902472697665363
0.9398090621183962
0.9599114505106072
0.9865792131729794
0.9184485795932988
0.9915817620211147
0.8729424258514754
0.8590272376941024
0.9872755659640906
0.9289066414492487
0.9834454697268931
0.9483878797685991
0.6628979840223739
0.9919561786427106
0.9918398794259234
0.8645116811569789
0.9867329841333582
0.6642154266721139
0.9413638585811708
0.654562738678274
0.9924483242118595
0.9799829096346935
0.9934005621529038
0.9916284823771747
0.8325775834223669
0.6534195654651374
0.9512400427034573
0.946118135661401
0.9433286762137618
0.9951843863275516
0.9829870217201264
0.8395606479828632
0.9867194215030457
0.9924028603896184
0.9743917372091785
0.865727665273116
0.9973743506408014
0.9918793525332992
0.9796279071547778
0.6808788999887365
0.9520941937803343
0.9863755692038438
0.9914429888934079
0.9903393678356489
0.9875692511231774
0.6912996275989198
0.9959282218597063
0.8724032420348872
0.9912376110861838
0.9869088680276279
0.9916892596350205
0.9934920177313973
0.9913840051626713
0.9716927200657235
0.9685162026371794
0.9860458146809268
0.983614080552856
0.9962352462352463
0.9690893547542397
0.9830703839780995
0.9697884038813376
0.9376370895204431
0.915877117427505
0.8608410296399185
0.4459986244919358
0.8565039601135731
0.5909998498723915
0.9655255781486881
0.9817691600206625
0.9891316712484596
0.9272759557941891
0.952046398237715
0.9887771663829619
0.9214270338974364
0.9825884818125266
0.9747585106877573
0.9872761887746841
0.9945176541595413
0.9428165273179582
0.9697906507721588
0.991753854098925
0.9829681727689326
0.9846301261142675
0.9844867652497958
0.9947653255162194
0.9874378585086042
0.9936198208006198
0.8511843558600863
0.981342828387569
0.9891239304522795
0.9926478846469516
0.8453027643207486
0.9942615077703618
0.9807592634689702
0.980922018116492
0.9729694539911082
0.9798049894147168
0.5925194557947129
0.97884667612179
0.9842707022866869
0.9887091248239369
0.9275150124614252
0.9359333180524846
0.9776101289398991
0.9835137161081392
0.9892907896943092
0.9859253035441418
0.9698753230616807
0.9944966405531239
0.695870509147918
0.9576634700969028
0.9877131836071351
0.9844631244142789
0.9915655784417488
0.9798837916640446
0.9927394980069211
0.8294005102040817
0.9894532767912957
0.9587070405631153
0.9822323107788806
0.9672461974155554
0.9867548359675394
0.8216086740081123
0.9757040572009039
0.9857603702515791
0.8577104278436499
0.9946829888701177
0.5416415304016511
0.6583363521666896
0.9841398435327626
0.941107051451198
0.9850055621742552
0.9307154998954162
0.9829089277703006
0.9896243271362012
0.99678398302695
0.9887667385869379
0.9872801303714529
0.9375662609381623
0.9883186297481035
0.9886688260844481
0.9767224852401996
0.98849536737074
0.852415271904223
0.9880474792175028
0.98302945601563
0.9853618665477782
0.9950720341186873
0.9777592232722758
0.9581612905753214
0.7100825320244357
0.6718053042265534
0.49327367314796755
0.9869355380126431
0.9908307547235131
0.9950408910969704
0.9936203535014543
0.9940321660934949
0.9898324174464083
0.9954129924763369
0.9916976334832779
0.5773692911608125
0.9938595369067417
0.9591957594056754
0.9724545704731009
0.8343486669211573
0.9753395646852727
0.9419835807993734
0.9909013711071696
0.9868410163038981
0.9762054948135688
0.9840332564305266
0.9720202629990289
0.4845339718540541
0.9807348131743621
0.9853102428602758
0.9675614625839636
0.986286513062759
0.8653903372153339
0.9930994909363882
0.9825808071234252
0.9738110932622679
0.9937731234229632
0.9897218401344949
0.9739695423148661
0.9971250012489135
0.9686376149869066
0.9946769800958819
0.9306908569427538
0.9817003234926499
0.9775216011929999
0.9760539744904095
0.9694275423240062
0.9752775411471549
0.9825427658661994
0.8245672711477902
0.9798050886082736
0.9819518199026573
0.9725760695072485
0.9957067453555546
0.9912027507216045
0.9906786825789693
0.9488998766054328
0.9839625208449513
0.9757174717785714
0.9878752699492008
0.9829835203177841
0.9889977961290766
0.9528495096256955
0.9901208527327667
0.9633373876747008
0.9869870432207236
0.9848169336557466
0.9605703139513283
0.9911522598531651
0.9796854359234387
0.6360964430895751
0.9802816858340646
0.9931965647900983
0.9738200173277584
0.9762592639115689
0.9766496099217384
0.6331300041677819
0.9814382561844014
0.9939413152981789
0.9899623588456713
0.8191206799026101
0.9868946140292395
0.9848142573039016
0.6310332874446613
0.9832681635957896
0.8904096379042347
0.6334393168604651
0.9862032199068532
0.9818754280250332
0.9817177135775127
0.9891254231188781
0.9791814693761546
0.9733332323515378
0.9897981269267442
0.9751081893141268
0.9890909090909091
0.9847071021254536
0.83954211197409
0.9612684974618195
0.985776474748208
0.9887972174343411
0.986193902999193
0.8874981149147941
0.9876767047225133
0.6047697363708515
0.6137220306359772
0.6785509829412942
0.8505385821149458
0.9505467109559892
0.9870920097815945
0.9925071327471107
0.969818028328309
0.9913765040981224
0.9958320226486317
0.4565384443217595
0.9950509332208882
0.37044127885181816
0.7144938599297463
0.9836709882925754
0.6713456993482776
0.986642387558921
0.9791913746630728
0.9499186915728711
0.9874873864783047
0.9877799005180634
0.6935370269331879
0.9862559999118268
0.9769257142320391
0.9957080788585428
0.6385507274359692
0.9740384447509471
0.9709615781399981
0.8454061724015608
0.9870530106705727
0.9942899244796464
0.3313933645883853
0.9817967119771812
0.9755913578422128
0.9887658974229803
0.9836281980863408
0.6315875826931218
0.9934656509888881
0.9674781914197782
0.9916672269517397
0.9936763989767015
0.98449367239108
0.9913737254854026
0.980430814830007
0.9863784245120383
0.9751272207838586
0.9891882861166138
0.6349512724674916
0.9599960020988981
0.9814415108884178
0.8516236742808064
0.9899867810870511
0.9914555374388562
0.9943412389419407
0.9876572425880595
0.9875763217698437
0.9930982214647621
0.8449114966186416
0.9783989409746283
0.8771890435563539
0.9870975309366019
0.9716028859027356
0.9776770336663101
0.9571753013238117
0.9683556908181972
0.9925865316747066
0.992610487423618
0.9814299712362108
0.9839799865743942
0.92670636117484
0.858659856030563
0.9723921845761117
0.9806812640769035
0.9844873421186036
0.9805635685066575
0.8930487315752532
0.9916076759061834
0.9691026191899567
0.9886794870095733
0.950203222316442
0.9917409704540044
0.9824506219489777
0.9902170683985699
0.9919397051409267
0.9833026476815083
0.987595913600142
0.6185248205722168
0.980445114034443
0.9974205580974298
0.9612964955362643
0.7254109356106409
0.9703430124057553
0.988937582563737
0.9945733820107301
0.9865693609714216
0.9831788067466036
0.9824384305924617
0.9660256369598448
0.9851557740166669
0.9862055379827719
0.9455549498781612
0.9897612195691063
0.979714715484676
0.9953429012829411
0.9838721706859792
0.9893172761042659
0.994360859341111
0.9880371415758791
0.975000842415824
0.9920540769256728
0.9769305160108702
0.9892880892898865
0.9798923236262864
0.9746568747758123
0.9610715262114689
0.9939103781762118
0.9797402077193785
0.9884135146403727
0.13832149911910735
0.9932915151195685
0.9851138812748783
0.8468664780365396
0.9856438506523779
0.9801582801654422
0.9806473726000831
0.9899574197554593
0.9836646852059409
0.9448367652319754
